     6      118     itext   idata																																												
																																																																																																
Haensel & Zdunik (2008) EOS: Fe compression, with pycnonuclear allowed																																																																																																
																																																																																																
  rho             P              n         A_cell     A_ion      Z
(g/cm3)      (dynes/cm2)       (#/fm3)
																																																						
4.681E+13		1.122E+32		2.780E-02		896		120		22
4.411E+13		1.021E+32		2.620E-02		896		120		22
4.379E+13		1.021E+32		2.601E-02		896		122		24
4.212E+13		9.613E+31		2.502E-02		896		122		24
3.741E+13		8.011E+31		2.223E-02		896		122		24
3.523E+13		7.311E+31		2.093E-02		896		122		24
3.493E+13		7.311E+31		2.076E-02		896		124		26
3.201E+13		6.409E+31		1.903E-02		896		124		26
2.810E+13		5.278E+31		1.671E-02		896		124		26
2.784E+13		5.278E+31		1.656E-02		896		126		28
2.613E+13		4.807E+31		1.554E-02		896		126		28
2.317E+13		4.028E+31		1.378E-02		896		126		28
2.287E+13		4.028E+31		1.360E-02		448		70		16
1.954E+13		3.204E+31		1.162E-02		448		70		16
1.866E+13		2.998E+31		1.110E-02		448		70		16
1.838E+13		2.998E+31		1.094E-02		448		76		18
1.531E+13		2.304E+31		9.112E-03		448		76		18
1.506E+13		2.304E+31		8.965E-03		448		82		20
1.275E+13		1.816E+31		7.594E-03		448		82		20
1.254E+13		1.816E+31		7.464E-03		448		88		22
1.148E+13		1.602E+31		6.835E-03		448		88		22
1.077E+13		1.463E+31		6.412E-03		448		88		22
1.057E+13		1.463E+31		6.296E-03		448		94		24
1.047E+13		1.442E+31		6.234E-03		448		94		24
9.633E+12		1.282E+31		5.738E-03		448		94		24
9.345E+12		1.228E+31		5.567E-03		448		94		24
8.980E+12		1.228E+31		5.349E-03		224		54		14
8.423E+12		1.122E+31		5.018E-03		224		54		14
7.551E+12		9.613E+30		4.499E-03		224		54		14
7.342E+12		9.239E+30		4.374E-03		224		54		14
7.041E+12		9.239E+30		4.196E-03		224		60		16
6.361E+12		8.011E+30		3.791E-03		224		60		16
5.915E+12		7.233E+30		3.525E-03		224		60		16
5.665E+12		7.233E+30		3.377E-03		224		66		18
5.196E+12		6.409E+30		3.097E-03		224		66		18
4.982E+12		6.044E+30		2.970E-03		224		66		18
4.379E+12		6.044E+30		2.610E-03		112		44		12
3.708E+12		4.807E+30		2.211E-03		112		44		12
3.648E+12		4.699E+30		2.175E-03		112		44		12
3.338E+12		4.699E+30		1.990E-03		112		50		14
2.871E+12		3.825E+30		1.712E-03		112		50		14
2.634E+12		3.825E+30		1.571E-03		112		56		16
2.319E+12		3.216E+30		1.383E-03		112		56		16
2.134E+12		3.216E+30		1.273E-03		112		62		18
1.911E+12		2.771E+30		1.141E-03		112		62		18
1.766E+12		2.771E+30		1.054E-03		112		68		20
1.702E+12		2.637E+30		1.016E-03		112		68		20
1.702E+12		2.637E+30		1.016E-03		112		68		20
1.455E+12		2.637E+30		8.682E-04		56		40		12
1.358E+12		2.403E+30		8.100E-04		56		40		12
1.294E+12		2.253E+30		7.721E-04		56		40		12
1.131E+12		2.253E+30		6.748E-04		56		46		14
1.026E+12		1.980E+30		6.126E-04		56		46		14
9.075E+11		1.980E+30		5.418E-04		56		52		16
7.740E+11		1.602E+30		4.623E-04		56		52		16
7.151E+11		1.442E+30		4.272E-04		56		52		16
6.848E+11		1.361E+30		4.091E-04		56		52		16
6.110E+11		1.361E+30		3.651E-04		56		56		18
5.840E+11		1.282E+30		3.490E-04		56		56		18
5.282E+11		1.122E+30		3.158E-04		56		56		18
4.705E+11		9.613E+29		2.813E-04		56		56		18
4.102E+11		8.011E+29		2.454E-04		56		56		18
3.469E+11		6.409E+29		2.076E-04		56		56		18
2.795E+11		4.807E+29		1.673E-04		56		56		18
2.769E+11		4.747E+29		1.657E-04		56		56		18
2.496E+11		4.747E+29		1.494E-04		56		56		20
1.858E+11		3.204E+29		1.113E-04		56		56		20
1.497E+11		2.403E+29		8.971E-05		56		56		20
1.104E+11		1.602E+29		6.619E-05		56		56		20
1.020E+11		1.442E+29		6.117E-05		56		56		20
9.337E+10		1.282E+29		5.600E-05		56		56		20
8.619E+10		1.152E+29		5.170E-05		56		56		20
7.848E+10		1.152E+29		4.708E-05		56		56		22
7.691E+10		1.122E+29		4.614E-05		56		56		22
6.851E+10		9.613E+28		4.110E-05		56		56		22
5.975E+10		8.011E+28		3.585E-05		56		56		22
5.053E+10		6.409E+28		3.033E-05		56		56		22
4.072E+10		4.807E+28		2.445E-05		56		56		22
3.004E+10		3.204E+28		1.804E-05		56		56		22
2.421E+10		2.403E+28		1.455E-05		56		56		22
1.786E+10		1.602E+28		1.074E-05		56		56		22
1.651E+10		1.442E+28		9.921E-06		56		56		22
1.511E+10		1.282E+28		9.083E-06		56		56		22
1.367E+10		1.122E+28		8.219E-06		56		56		22
1.218E+10		9.613E+27		7.323E-06		56		56		22
1.214E+10		9.569E+27		7.298E-06		56		56		22
1.115E+10		9.569E+27		6.701E-06		56		56		24
9.756E+09		8.011E+27		5.866E-06		56		56		24
9.756E+09		8.011E+27		5.866E-06		56		56		24
8.254E+09		6.409E+27		4.964E-06		56		56		24
6.654E+09		4.807E+27		4.003E-06		56		56		24
4.912E+09		3.204E+27		2.956E-06		56		56		24
3.961E+09		2.403E+27		2.384E-06		56		56		24
2.925E+09		1.602E+27		1.761E-06		56		56		24
2.704E+09		1.442E+27		1.627E-06		56		56		24
2.476E+09		1.282E+27		1.490E-06		56		56		24
2.241E+09		1.122E+27		1.349E-06		56		56		24
1.997E+09		9.613E+26		1.202E-06		56		56		24
1.743E+09		8.011E+26		1.050E-06		56		56		24
1.495E+09		6.517E+26		8.999E-07		56		56		24
1.382E+09		6.517E+26		8.320E-07		56		56		26
1.365E+09		6.409E+26		8.217E-07		56		56		26
1.101E+09		4.807E+26		6.632E-07		56		56		26
8.145E+08		3.204E+26		4.905E-07		56		56		26
6.577E+08		2.403E+26		3.961E-07		56		56		26
5.573E+08		1.923E+26		3.357E-07		56		56		26
4.868E+08		1.602E+26		2.932E-07		56		56		26
4.503E+08		1.442E+26		2.712E-07		56		56		26
4.127E+08		1.282E+26		2.486E-07		56		56		26
3.738E+08		1.122E+26		2.252E-07		56		56		26
3.336E+08		9.613E+25		2.010E-07		56		56		26
2.916E+08		8.011E+25		1.757E-07		56		56		26
2.473E+08		6.409E+25		1.490E-07		56		56		26
2.001E+08		4.807E+25		1.206E-07		56		56		26
1.487E+08		3.204E+25		8.957E-08		56		56		26
1.205E+08		2.403E+25		7.259E-08		56		56		26
1.024E+08		1.923E+25		6.169E-08		56		56		26
8.966E+07		1.602E+25		5.404E-08		56		56		26

From file: Haensel_Zdunik_2008_Fe_1_EOS.dat  down to rho= 8.966E+07

