     6      982     itext   idata											
																								
Haensel & Zdunik (2008) EOS: 																																											
   rho             P		    n         A_cell   A_ion       Z				
 (g/cm3)		(dynes/cm2)     (#/fm3)																

 
1.3093657E+14  4.0633317E+32  7.7417443E-02   1233.6341       77.610292       40.000000    
1.2502437E+14  3.7846132E+32  7.3934888E-02   1237.3552       133.19822       40.000000    
1.1911435E+14  3.5343923E+32  7.0452333E-02   1238.5644       168.56746       40.000000    
1.1320639E+14  3.2951793E+32  6.6969778E-02   1237.3169       190.75938       40.000000    
1.0730039E+14  3.0605601E+32  6.3487222E-02   1233.6667       204.92480       40.000000    
1.0139627E+14  2.8304497E+32  6.0004667E-02   1227.6660       214.14075       40.000000    
   8.20450e+13   2.48030e+32   4.86290e-02     448      75      15
   8.07480e+13   2.42380e+32   4.78630e-02     448      75      15
   7.94660e+13   2.36870e+32   4.71050e-02     448      75      15
   7.81970e+13   2.31480e+32   4.63550e-02     448      76      15
   7.69520e+13   2.26210e+32   4.56200e-02     448      76      15
   7.57200e+13   2.21060e+32   4.48910e-02     448      76      15
   7.44970e+13   2.16030e+32   4.41690e-02     448      76      15
   7.32890e+13   2.11110e+32   4.34550e-02     448      76      15
   7.20850e+13   2.06300e+32   4.27430e-02     448      76      15
   7.09050e+13   2.01610e+32   4.20460e-02     448      76      15
   6.97440e+13   1.97020e+32   4.13590e-02     448      76      15
   6.85960e+13   1.92530e+32   4.06810e-02     448      76      15
   6.74650e+13   1.88150e+32   4.00120e-02     448      76      15
   6.63490e+13   1.83870e+32   3.93520e-02     448      76      15
   6.52480e+13   1.79680e+32   3.87010e-02     448      77      15
   6.41610e+13   1.75590e+32   3.80580e-02     448      77      15
   6.30980e+13   1.71590e+32   3.74300e-02     448      77      15
   6.20500e+13   1.67690e+32   3.68100e-02     448      77      15
   6.10040e+13   1.63870e+32   3.61910e-02     448      77      15
   5.99720e+13   1.60140e+32   3.55800e-02     448      77      15
   5.89640e+13   1.56500e+32   3.49840e-02     448      77      15
   5.79770e+13   1.52930e+32   3.44000e-02     448      77      15
   5.69990e+13   1.49450e+32   3.38220e-02     448      77      15
   5.60340e+13   1.46050e+32   3.32500e-02     448      77      15
   5.50840e+13   1.42730e+32   3.26890e-02     448      77      15
   5.41490e+13   1.39480e+32   3.21350e-02     448      76      15
   5.32290e+13   1.36300e+32   3.15910e-02     448      76      15
   5.23230e+13   1.33200e+32   3.10540e-02     448      76      15
   5.14310e+13   1.30170e+32   3.05270e-02     448      76      15
   5.09750e+13   1.28620e+32   3.02560e-02     448      76      15
   5.08260e+13   1.28620e+32   3.01680e-02     448      81      16
   5.04060e+13   1.27210e+32   2.99200e-02     448      81      16
   4.95450e+13   1.24310e+32   2.94100e-02     448      81      16
   4.86970e+13   1.21480e+32   2.89080e-02     448      81      16
   4.78630e+13   1.18710e+32   2.84150e-02     448      81      16
   4.70430e+13   1.16010e+32   2.79290e-02     448      80      16
   4.62370e+13   1.13370e+32   2.74510e-02     448      80      16
   4.54440e+13   1.10790e+32   2.69820e-02     448      80      16
   4.46640e+13   1.08270e+32   2.65200e-02     448      80      16
   4.38980e+13   1.05800e+32   2.60660e-02     448      80      16
   4.31440e+13   1.03400e+32   2.56200e-02     448      80      16
   4.24040e+13   1.01040e+32   2.51810e-02     448      80      16
   4.16750e+13   9.87430e+31   2.47500e-02     448      80      16
   4.09600e+13   9.64950e+31   2.43260e-02     448      80      16
   4.02570e+13   9.42980e+31   2.39100e-02     448      79      16
   3.95650e+13   9.21520e+31   2.35000e-02     448      79      16
   3.88800e+13   9.00540e+31   2.30940e-02     448      79      16
   3.82130e+13   8.80040e+31   2.26990e-02     448      79      16
   3.75560e+13   8.60010e+31   2.23100e-02     448      79      16
   3.69160e+13   8.40440e+31   2.19300e-02     448      79      16
   3.62830e+13   8.21300e+31   2.15550e-02     448      79      16
   3.56570e+13   8.02610e+31   2.11840e-02     448      78      16
   3.50460e+13   7.84340e+31   2.08220e-02     448      78      16
   3.44460e+13   7.66490e+31   2.04670e-02     448      78      16
   3.38600e+13   7.49040e+31   2.01190e-02     448      78      16
   3.32810e+13   7.31990e+31   1.97760e-02     448      78      16
   3.27120e+13   7.15330e+31   1.94380e-02     448      78      16
   3.21520e+13   6.99040e+31   1.91070e-02     448      78      16
   3.16030e+13   6.83130e+31   1.87810e-02     448      77      16
   3.10630e+13   6.67580e+31   1.84610e-02     448      77      16
   3.05330e+13   6.52390e+31   1.81470e-02     448      77      16
   3.00120e+13   6.37540e+31   1.78380e-02     448      77      16
   2.95010e+13   6.23020e+31   1.75350e-02     448      77      16
   2.89980e+13   6.08840e+31   1.72370e-02     448      77      16
   2.85050e+13   5.94980e+31   1.69440e-02     448      76      16
   2.80200e+13   5.81440e+31   1.66570e-02     448      76      16
   2.75440e+13   5.68200e+31   1.63740e-02     448      76      16
   2.70760e+13   5.55270e+31   1.60970e-02     448      76      16
   2.66170e+13   5.42630e+31   1.58240e-02     448      76      16
   2.61650e+13   5.30280e+31   1.55570e-02     448      76      16
   2.57220e+13   5.18210e+31   1.52940e-02     448      75      16
   2.52870e+13   5.06410e+31   1.50350e-02     448      75      16
   2.48590e+13   4.94890e+31   1.47820e-02     448      75      16
   2.44390e+13   4.83620e+31   1.45320e-02     448      75      16
   2.40270e+13   4.72610e+31   1.42880e-02     448      75      16
   2.36220e+13   4.61850e+31   1.40470e-02     448      75      16
   2.32240e+13   4.51340e+31   1.38110e-02     448      75      16
   2.28330e+13   4.41070e+31   1.35790e-02     448      74      16
   2.24480e+13   4.31030e+31   1.33510e-02     448      74      16
   2.20710e+13   4.21220e+31   1.31270e-02     448      74      16
   2.17010e+13   4.11630e+31   1.29070e-02     448      74      16
   2.13370e+13   4.02260e+31   1.26910e-02     448      74      16
   2.09790e+13   3.93100e+31   1.24790e-02     448      74      16
   2.06280e+13   3.84150e+31   1.22700e-02     448      73      16
   2.02830e+13   3.75410e+31   1.20650e-02     448      73      16
   1.99440e+13   3.66860e+31   1.18640e-02     448      73      16
   1.96110e+13   3.58510e+31   1.16670e-02     448      73      16
   1.92840e+13   3.50350e+31   1.14720e-02     448      73      16
   1.89620e+13   3.42380e+31   1.12820e-02     448      73      16
   1.86470e+13   3.34580e+31   1.10940e-02     448      73      16
   1.83360e+13   3.26970e+31   1.09100e-02     448      72      16
   1.80320e+13   3.19520e+31   1.07290e-02     448      72      16
   1.77320e+13   3.12250e+31   1.05510e-02     448      72      16
   1.74380e+13   3.05140e+31   1.03760e-02     448      72      16
   1.71490e+13   2.98200e+31   1.02050e-02     448      72      16
   1.68650e+13   2.91410e+31   1.00360e-02     448      72      16
   1.65860e+13   2.84780e+31   9.87060e-03     448      71      16
   1.63120e+13   2.78290e+31   9.70770e-03     448      71      16
   1.60430e+13   2.71960e+31   9.54780e-03     448      71      16
   1.57780e+13   2.65770e+31   9.39060e-03     448      71      16
   1.55180e+13   2.59720e+31   9.23610e-03     448      71      16
   1.52630e+13   2.53810e+31   9.08430e-03     448      71      16
   1.50120e+13   2.48030e+31   8.93510e-03     448      71      16
   1.47650e+13   2.42380e+31   8.78850e-03     448      70      16
   1.45220e+13   2.36870e+31   8.64450e-03     448      70      16
   1.42840e+13   2.31480e+31   8.50290e-03     448      70      16
   1.40500e+13   2.26210e+31   8.36380e-03     448      70      16
   1.31860e+13   2.26210e+31   7.84930e-03     224      60      14
   1.31200e+13   2.24650e+31   7.81000e-03     224      60      14
   1.29020e+13   2.19530e+31   7.68040e-03     224      60      14
   1.26880e+13   2.14540e+31   7.55310e-03     224      60      14
   1.24770e+13   2.09650e+31   7.42800e-03     224      60      14
   1.22700e+13   2.04880e+31   7.30500e-03     224      60      14
   1.20670e+13   2.00220e+31   7.18420e-03     224      59      14
   1.18670e+13   1.95660e+31   7.06540e-03     224      59      14
   1.16700e+13   1.91210e+31   6.94870e-03     224      59      14
   1.14770e+13   1.86850e+31   6.83390e-03     224      59      14
   1.12880e+13   1.82600e+31   6.72110e-03     224      59      14
   1.11010e+13   1.78440e+31   6.61030e-03     224      59      14
   1.09180e+13   1.74380e+31   6.50140e-03     224      59      14
   1.07380e+13   1.70410e+31   6.39430e-03     224      59      14
   1.05610e+13   1.66530e+31   6.28900e-03     224      59      14
   1.03870e+13   1.62740e+31   6.18560e-03     224      59      14
   1.02160e+13   1.59040e+31   6.08390e-03     224      58      14
   1.00470e+13   1.55420e+31   5.98390e-03     224      58      14
   9.88210e+12   1.51880e+31   5.88560e-03     224      58      14
   9.71960e+12   1.48420e+31   5.78900e-03     224      58      14
   9.56000e+12   1.45040e+31   5.69410e-03     224      58      14
   9.40300e+12   1.41740e+31   5.60070e-03     224      58      14
   9.24870e+12   1.38520e+31   5.50900e-03     224      58      14
   9.09700e+12   1.35360e+31   5.41880e-03     224      58      14
   8.94790e+12   1.32280e+31   5.33010e-03     224      58      14
   8.80130e+12   1.29270e+31   5.24290e-03     224      58      14
   8.65720e+12   1.26330e+31   5.15720e-03     224      57      14
   8.51550e+12   1.23450e+31   5.07300e-03     224      57      14
   8.37630e+12   1.20640e+31   4.99010e-03     224      57      14
   8.23940e+12   1.17900e+31   4.90870e-03     224      57      14
   8.10480e+12   1.15210e+31   4.82860e-03     224      57      14
   7.97250e+12   1.12590e+31   4.74990e-03     224      57      14
   7.84230e+12   1.10030e+31   4.67250e-03     224      57      14
   7.71440e+12   1.07520e+31   4.59640e-03     224      57      14
   7.58870e+12   1.05080e+31   4.52160e-03     224      57      14
   7.46500e+12   1.02680e+31   4.44800e-03     224      57      14
   7.34350e+12   1.00350e+31   4.37570e-03     224      57      14
   7.22400e+12   9.80620e+30   4.30460e-03     224      57      14
   7.10640e+12   9.58300e+30   4.23470e-03     224      56      14
   6.99090e+12   9.36490e+30   4.16590e-03     224      56      14
   6.87730e+12   9.15170e+30   4.09830e-03     224      56      14
   6.76560e+12   8.94340e+30   4.03190e-03     224      56      14
   6.65570e+12   8.73980e+30   3.96650e-03     224      56      14
   6.54770e+12   8.54090e+30   3.90220e-03     224      56      14
   6.44150e+12   8.34650e+30   3.83900e-03     224      56      14
   6.33710e+12   8.15650e+30   3.77690e-03     224      56      14
   6.23440e+12   7.97080e+30   3.71570e-03     224      56      14
   6.13340e+12   7.78940e+30   3.65560e-03     224      56      14
   6.03410e+12   7.61210e+30   3.59650e-03     224      56      14
   5.93650e+12   7.43880e+30   3.53840e-03     224      56      14
   5.84040e+12   7.26950e+30   3.48120e-03     224      56      14
   5.74600e+12   7.10400e+30   3.42500e-03     224      55      14
   5.71930e+12   7.05750e+30   3.40920e-03     224      55      14
   5.52540e+12   7.05750e+30   3.29370e-03     224      63      16
   5.46100e+12   6.94230e+30   3.25540e-03     224      62      16
   5.37220e+12   6.78430e+30   3.20250e-03     224      62      16
   5.28490e+12   6.62980e+30   3.15050e-03     224      62      16
   5.19900e+12   6.47890e+30   3.09940e-03     224      62      16
   5.11450e+12   6.33140e+30   3.04910e-03     224      62      16
   5.03150e+12   6.18730e+30   2.99970e-03     224      62      16
   4.94980e+12   6.04650e+30   2.95100e-03     224      62      16
   4.86950e+12   5.90880e+30   2.90320e-03     224      62      16
   4.79050e+12   5.77430e+30   2.85620e-03     224      62      16
   4.71280e+12   5.64290e+30   2.80990e-03     224      62      16
   4.63640e+12   5.51450e+30   2.76440e-03     224      62      16
   4.56130e+12   5.38890e+30   2.71970e-03     224      62      16
   4.48740e+12   5.26630e+30   2.67570e-03     224      62      16
   4.41480e+12   5.14640e+30   2.63240e-03     224      61      16
   3.48960e+12   5.14640e+30   2.08070e-03     112      52      14
   3.47470e+12   5.11650e+30   2.07180e-03     112      52      14
   3.41660e+12   5.00000e+30   2.03720e-03     112      52      14
   3.35940e+12   4.88620e+30   2.00320e-03     112      52      14
   3.30320e+12   4.77500e+30   1.96970e-03     112      52      14
   3.24790e+12   4.66630e+30   1.93680e-03     112      52      14
   3.19360e+12   4.56010e+30   1.90450e-03     112      52      14
   3.14020e+12   4.45630e+30   1.87270e-03     112      52      14
   3.08770e+12   4.35480e+30   1.84140e-03     112      52      14
   3.03610e+12   4.25570e+30   1.81070e-03     112      52      14
   2.98530e+12   4.15880e+30   1.78040e-03     112      52      14
   2.93540e+12   4.06420e+30   1.75070e-03     112      52      14
   2.88630e+12   3.97160e+30   1.72150e-03     112      52      14
   2.83810e+12   3.88120e+30   1.69280e-03     112      52      14
   2.79070e+12   3.79290e+30   1.66450e-03     112      52      14
   2.74410e+12   3.70660e+30   1.63680e-03     112      52      14
   2.69820e+12   3.62220e+30   1.60940e-03     112      51      14
   2.65310e+12   3.53970e+30   1.58260e-03     112      51      14
   2.60880e+12   3.45920e+30   1.55620e-03     112      51      14
   2.56530e+12   3.38040e+30   1.53030e-03     112      51      14
   2.52240e+12   3.30350e+30   1.50470e-03     112      51      14
   2.48030e+12   3.22830e+30   1.47960e-03     112      51      14
   2.43890e+12   3.15480e+30   1.45500e-03     112      51      14
   2.39820e+12   3.08300e+30   1.43070e-03     112      51      14
   2.35820e+12   3.01280e+30   1.40690e-03     112      51      14
   2.31880e+12   2.94420e+30   1.38340e-03     112      51      14
   2.28010e+12   2.87720e+30   1.36040e-03     112      51      14
   2.24210e+12   2.81170e+30   1.33770e-03     112      51      14
   2.20460e+12   2.74770e+30   1.31540e-03     112      51      14
   2.16790e+12   2.68520e+30   1.29350e-03     112      51      14
   2.13170e+12   2.62400e+30   1.27190e-03     112      51      14
   2.09610e+12   2.56430e+30   1.25080e-03     112      51      14
   2.06130e+12   2.50620e+30   1.23000e-03     112      51      14
   1.20590e+12   2.50620e+30   7.19580e-04      56      48      14
   1.20580e+12   2.50590e+30   7.19520e-04      56      48      14
   1.18520e+12   2.44890e+30   7.07220e-04      56      48      14
   1.16490e+12   2.39320e+30   6.95120e-04      56      48      14
   1.14490e+12   2.33870e+30   6.83240e-04      56      48      14
   1.12530e+12   2.28540e+30   6.71550e-04      56      48      14
   1.10600e+12   2.23340e+30   6.60070e-04      56      48      14
   1.08700e+12   2.18260e+30   6.48780e-04      56      48      14
   1.06840e+12   2.13290e+30   6.37690e-04      56      48      14
   1.05010e+12   2.08430e+30   6.26790e-04      56      48      14
   1.03210e+12   2.03690e+30   6.16070e-04      56      48      14
   1.01440e+12   1.99050e+30   6.05540e-04      56      48      14
   9.97050e+11   1.94520e+30   5.95180e-04      56      48      14
   9.79970e+11   1.90090e+30   5.85010e-04      56      48      14
   9.63180e+11   1.85770e+30   5.75000e-04      56      48      14
   9.46680e+11   1.81540e+30   5.65170e-04      56      48      14
   9.30460e+11   1.77410e+30   5.55510e-04      56      48      14
   9.14520e+11   1.73370e+30   5.46010e-04      56      48      14
   8.98850e+11   1.69420e+30   5.36680e-04      56      48      14
   8.83450e+11   1.65570e+30   5.27500e-04      56      48      14
   8.68310e+11   1.61800e+30   5.18480e-04      56      48      14
   8.53440e+11   1.58110e+30   5.09620e-04      56      48      14
   8.38820e+11   1.54510e+30   5.00900e-04      56      48      14
   8.24450e+11   1.51000e+30   4.92340e-04      56      48      14
   8.10330e+11   1.47560e+30   4.83920e-04      56      48      14
   7.96450e+11   1.44200e+30   4.75650e-04      56      48      14
   7.82800e+11   1.40920e+30   4.67520e-04      56      48      14
   7.69390e+11   1.37710e+30   4.59520e-04      56      48      14
   7.56210e+11   1.34580e+30   4.51670e-04      56      48      14
   7.43260e+11   1.31510e+30   4.43950e-04      56      48      14
   7.30530e+11   1.28520e+30   4.36360e-04      56      48      14
   7.18020e+11   1.25590e+30   4.28900e-04      56      48      14
   7.05720e+11   1.22740e+30   4.21560e-04      56      48      14
   7.00990e+11   1.21640e+30   4.18740e-04      56      48      14
   6.16820e+11   1.21640e+30   3.68540e-04      56      54      16
   6.10340e+11   1.19940e+30   3.64680e-04      56      54      16
   5.99870e+11   1.17210e+30   3.58430e-04      56      54      16
   5.89580e+11   1.14540e+30   3.52300e-04      56      54      16
   5.79470e+11   1.11940e+30   3.46270e-04      56      54      16
   5.69530e+11   1.09390e+30   3.40340e-04      56      54      16
   5.59760e+11   1.06900e+30   3.34520e-04      56      54      16
   5.50160e+11   1.04460e+30   3.28790e-04      56      54      16
   5.40720e+11   1.02090e+30   3.23160e-04      56      54      16
   5.31450e+11   9.97630e+29   3.17630e-04      56      54      16
   5.22340e+11   9.74920e+29   3.12200e-04      56      54      16
   5.13380e+11   9.52730e+29   3.06850e-04      56      54      16
   5.05100e+11   9.32340e+29   3.01920e-04      56      54      16
   4.75600e+11   9.32340e+29   2.84320e-04      56      56      17
   4.75100e+11   9.31040e+29   2.84020e-04      56      56      17
   4.66950e+11   9.09850e+29   2.79160e-04      56      56      17
   4.58940e+11   8.89140e+29   2.74380e-04      56      56      17
   4.51070e+11   8.68900e+29   2.69680e-04      56      56      17
   4.43330e+11   8.49120e+29   2.65070e-04      56      56      17
   4.35730e+11   8.29790e+29   2.60530e-04      56      56      17
   4.28250e+11   8.10910e+29   2.56070e-04      56      56      17
   4.23240e+11   7.98300e+29   2.53080e-04      56      56      17
   3.99680e+11   7.98300e+29   2.39020e-04      56      56      18
   3.97480e+11   7.92450e+29   2.37700e-04      56      56      18
   3.90660e+11   7.74410e+29   2.33630e-04      56      56      18
   3.83960e+11   7.56780e+29   2.29640e-04      56      56      18
   3.77370e+11   7.39550e+29   2.25700e-04      56      56      18
   3.70900e+11   7.22720e+29   2.21840e-04      56      56      18
   3.64530e+11   7.06270e+29   2.18040e-04      56      56      18
   3.58280e+11   6.90190e+29   2.14310e-04      56      56      18
   3.52140e+11   6.74480e+29   2.10640e-04      56      56      18
   3.46100e+11   6.59130e+29   2.07040e-04      56      56      18
   3.40160e+11   6.44120e+29   2.03490e-04      56      56      18
   3.34330e+11   6.29460e+29   2.00010e-04      56      56      18
   3.28590e+11   6.15130e+29   1.96590e-04      56      56      18
   3.22960e+11   6.01130e+29   1.93220e-04      56      56      18
   3.17420e+11   5.87450e+29   1.89910e-04      56      56      18
   3.11970e+11   5.74080e+29   1.86660e-04      56      56      18
   3.06620e+11   5.61010e+29   1.83470e-04      56      56      18
   3.01360e+11   5.48240e+29   1.80330e-04      56      56      18
   2.96190e+11   5.35760e+29   1.77240e-04      56      56      18
   2.91110e+11   5.23560e+29   1.74210e-04      56      56      18
   2.86120e+11   5.11650e+29   1.71230e-04      56      56      18
   2.81220e+11   5.00000e+29   1.68290e-04      56      56      18
   2.72930e+11   4.65750e+29   1.63370e-04      56      56      18
   2.68250e+11   4.55150e+29   1.60580e-04      56      56      18
   2.63650e+11   4.44790e+29   1.57830e-04      56      56      18
   2.59130e+11   4.34660e+29   1.55130e-04      56      56      18
   2.54680e+11   4.24770e+29   1.52470e-04      56      56      18
   2.50320e+11   4.15100e+29   1.49860e-04      56      56      18
   2.46020e+11   4.05650e+29   1.47300e-04      56      56      18
   2.41810e+11   3.96420e+29   1.44780e-04      56      56      18
   2.37660e+11   3.87390e+29   1.42300e-04      56      56      18
   2.33580e+11   3.78570e+29   1.39860e-04      56      56      18
   2.29580e+11   3.69960e+29   1.37470e-04      56      56      18
   2.25640e+11   3.61540e+29   1.35120e-04      56      56      18
   2.21770e+11   3.53310e+29   1.32800e-04      56      56      18
   2.17970e+11   3.45260e+29   1.30530e-04      56      56      18
   2.17740e+11   3.44770e+29   1.30390e-04      56      56      18
   1.96290e+11   3.44770e+29   1.17570e-04      56      56      20
   1.93130e+11   3.37400e+29   1.15680e-04      56      56      20
   1.89820e+11   3.29720e+29   1.13700e-04      56      56      20
   1.86570e+11   3.22220e+29   1.11760e-04      56      56      20
   1.83370e+11   3.14880e+29   1.09840e-04      56      56      20
   1.80220e+11   3.07720e+29   1.07960e-04      56      56      20
   1.77130e+11   3.00710e+29   1.06110e-04      56      56      20
   1.74100e+11   2.93870e+29   1.04300e-04      56      56      20
   1.71110e+11   2.87180e+29   1.02510e-04      56      56      20
   1.68180e+11   2.80640e+29   1.00760e-04      56      56      20
   1.65290e+11   2.74250e+29   9.90340e-05      56      56      20
   1.62460e+11   2.68010e+29   9.73390e-05      56      56      20
   1.59670e+11   2.61910e+29   9.56730e-05      56      56      20
   1.56930e+11   2.55950e+29   9.40350e-05      56      56      20
   1.54240e+11   2.50120e+29   9.24260e-05      56      56      20
   1.51600e+11   2.44430e+29   9.08440e-05      56      56      20
   1.49000e+11   2.38860e+29   8.92890e-05      56      56      20
   1.46450e+11   2.33430e+29   8.77610e-05      56      56      20
   1.43930e+11   2.28110e+29   8.62590e-05      56      56      20
   1.41470e+11   2.22920e+29   8.47830e-05      56      56      20
   1.39040e+11   2.17850e+29   8.33320e-05      56      56      20
   1.36660e+11   2.12890e+29   8.19060e-05      56      56      20
   1.34310e+11   2.08040e+29   8.05040e-05      56      56      20
   1.32010e+11   2.03310e+29   7.91260e-05      56      56      20
   1.29750e+11   1.98680e+29   7.77720e-05      56      56      20
   1.27520e+11   1.94160e+29   7.64410e-05      56      56      20
   1.25340e+11   1.89740e+29   7.51330e-05      56      56      20
   1.23190e+11   1.85420e+29   7.38470e-05      56      56      20
   1.21080e+11   1.81200e+29   7.25830e-05      56      56      20
   1.19000e+11   1.77070e+29   7.13410e-05      56      56      20
   1.16960e+11   1.73040e+29   7.01200e-05      56      56      20
   1.14960e+11   1.69100e+29   6.89200e-05      56      56      20
   1.12990e+11   1.65250e+29   6.77400e-05      56      56      20
   1.11050e+11   1.61490e+29   6.65810e-05      56      56      20
   1.09150e+11   1.57820e+29   6.54420e-05      56      56      20
   1.07280e+11   1.54220e+29   6.43220e-05      56      56      20
   1.05440e+11   1.50710e+29   6.32210e-05      56      56      20
   1.03630e+11   1.47280e+29   6.21390e-05      56      56      20
   1.01850e+11   1.43930e+29   6.10750e-05      56      56      20
   1.00110e+11   1.40650e+29   6.00300e-05      56      56      20
   9.83920e+10   1.37450e+29   5.90030e-05      56      56      20
   9.67060e+10   1.34320e+29   5.79930e-05      56      56      20
   9.50480e+10   1.31270e+29   5.70010e-05      56      56      20
   9.34190e+10   1.28280e+29   5.60250e-05      56      56      20
   9.18180e+10   1.25360e+29   5.50670e-05      56      56      20
   9.02450e+10   1.22500e+29   5.41240e-05      56      56      20
   8.86980e+10   1.19720e+29   5.31980e-05      56      56      20
   8.71780e+10   1.16990e+29   5.22880e-05      56      56      20
   8.56840e+10   1.14330e+29   5.13930e-05      56      56      20
   8.42150e+10   1.11730e+29   5.05130e-05      56      56      20
   8.27720e+10   1.09180e+29   4.96490e-05      56      56      20
   8.13540e+10   1.06700e+29   4.87990e-05      56      56      20
   8.10730e+10   1.06210e+29   4.86310e-05      56      56      20
   7.38300e+10   1.06210e+29   4.42900e-05      56      56      22
   7.28160e+10   1.04270e+29   4.36830e-05      56      56      22
   7.15680e+10   1.01890e+29   4.29350e-05      56      56      22
   7.03410e+10   9.95750e+28   4.22010e-05      56      56      22
   6.91360e+10   9.73090e+28   4.14790e-05      56      56      22
   6.79510e+10   9.50940e+28   4.07690e-05      56      56      22
   6.67860e+10   9.29290e+28   4.00710e-05      56      56      22
   6.56420e+10   9.08140e+28   3.93860e-05      56      56      22
   6.45170e+10   8.87470e+28   3.87120e-05      56      56      22
   6.34110e+10   8.67260e+28   3.80490e-05      56      56      22
   6.23250e+10   8.47520e+28   3.73980e-05      56      56      22
   6.12570e+10   8.28230e+28   3.67580e-05      56      56      22
   6.02070e+10   8.09380e+28   3.61290e-05      56      56      22
   5.91750e+10   7.90950e+28   3.55110e-05      56      56      22
   5.81610e+10   7.72950e+28   3.49030e-05      56      56      22
   5.71640e+10   7.55360e+28   3.43060e-05      56      56      22
   5.61850e+10   7.38160e+28   3.37190e-05      56      56      22
   5.52220e+10   7.21360e+28   3.31420e-05      56      56      22
   5.42760e+10   7.04940e+28   3.25750e-05      56      56      22
   5.33460e+10   6.88890e+28   3.20180e-05      56      56      22
   5.24320e+10   6.73210e+28   3.14700e-05      56      56      22
   5.15340e+10   6.57890e+28   3.09320e-05      56      56      22
   5.06510e+10   6.42910e+28   3.04020e-05      56      56      22
   4.97830e+10   6.28280e+28   2.98820e-05      56      56      22
   4.89300e+10   6.13980e+28   2.93710e-05      56      56      22
   4.80920e+10   6.00000e+28   2.88680e-05      56      56      22
   4.72680e+10   5.86340e+28   2.83750e-05      56      56      22
   4.64580e+10   5.73000e+28   2.78890e-05      56      56      22
   4.56620e+10   5.59950e+28   2.74120e-05      56      56      22
   4.48800e+10   5.47210e+28   2.69430e-05      56      56      22
   4.41110e+10   5.34750e+28   2.64820e-05      56      56      22
   4.33550e+10   5.22580e+28   2.60290e-05      56      56      22
   4.26130e+10   5.10680e+28   2.55840e-05      56      56      22
   4.18830e+10   4.99060e+28   2.51460e-05      56      56      22
   4.11650e+10   4.87700e+28   2.47160e-05      56      56      22
   4.04600e+10   4.76600e+28   2.42930e-05      56      56      22
   3.97670e+10   4.65750e+28   2.38770e-05      56      56      22
   3.90860e+10   4.55150e+28   2.34690e-05      56      56      22
   3.84160e+10   4.44790e+28   2.30670e-05      56      56      22
   3.77580e+10   4.34660e+28   2.26730e-05      56      56      22
   3.71110e+10   4.24770e+28   2.22850e-05      56      56      22
   3.64760e+10   4.15100e+28   2.19040e-05      56      56      22
   3.58510e+10   4.05650e+28   2.15290e-05      56      56      22
   3.52370e+10   3.96420e+28   2.11610e-05      56      56      22
   3.46330e+10   3.87390e+28   2.07990e-05      56      56      22
   3.40400e+10   3.78570e+28   2.04430e-05      56      56      22
   3.34570e+10   3.69960e+28   2.00930e-05      56      56      22
   3.28840e+10   3.61540e+28   1.97500e-05      56      56      22
   3.23210e+10   3.53310e+28   1.94120e-05      56      56      22
   3.17680e+10   3.45260e+28   1.90800e-05      56      56      22
   3.12230e+10   3.37400e+28   1.87530e-05      56      56      22
   3.06890e+10   3.29720e+28   1.84330e-05      56      56      22
   3.01630e+10   3.22220e+28   1.81170e-05      56      56      22
   2.96470e+10   3.14880e+28   1.78070e-05      56      56      22
   2.91390e+10   3.07720e+28   1.75030e-05      56      56      22
   2.86400e+10   3.00710e+28   1.72030e-05      56      56      22
   2.81500e+10   2.93870e+28   1.69090e-05      56      56      22
   2.76680e+10   2.87180e+28   1.66200e-05      56      56      22
   2.71940e+10   2.80640e+28   1.63360e-05      56      56      22
   2.67280e+10   2.74250e+28   1.60560e-05      56      56      22
   2.62710e+10   2.68010e+28   1.57820e-05      56      56      22
   2.58210e+10   2.61910e+28   1.55120e-05      56      56      22
   2.53790e+10   2.55950e+28   1.52460e-05      56      56      22
   2.49440e+10   2.50120e+28   1.49860e-05      56      56      22
   2.45170e+10   2.44430e+28   1.47290e-05      56      56      22
   2.40970e+10   2.38860e+28   1.44780e-05      56      56      22
   2.36850e+10   2.33430e+28   1.42300e-05      56      56      22
   2.32790e+10   2.28110e+28   1.39870e-05      56      56      22
   2.28810e+10   2.22920e+28   1.37470e-05      56      56      22
   2.24890e+10   2.17850e+28   1.35120e-05      56      56      22
   2.21040e+10   2.12890e+28   1.32810e-05      56      56      22
   2.17260e+10   2.08040e+28   1.30540e-05      56      56      22
   2.13540e+10   2.03310e+28   1.28310e-05      56      56      22
   2.09880e+10   1.98680e+28   1.26110e-05      56      56      22
   2.06290e+10   1.94160e+28   1.23960e-05      56      56      22
   2.02760e+10   1.89740e+28   1.21840e-05      56      56      22
   1.99290e+10   1.85420e+28   1.19750e-05      56      56      22
   1.97800e+10   1.83570e+28   1.18860e-05      56      56      22
   1.81630e+10   1.83570e+28   1.09150e-05      56      56      24
   1.79860e+10   1.81200e+28   1.08090e-05      56      56      24
   1.76780e+10   1.77070e+28   1.06240e-05      56      56      24
   1.73760e+10   1.73040e+28   1.04420e-05      56      56      24
   1.70780e+10   1.69100e+28   1.02640e-05      56      56      24
   1.67860e+10   1.65250e+28   1.00880e-05      56      56      24
   1.64990e+10   1.61490e+28   9.91580e-06      56      56      24
   1.62160e+10   1.57820e+28   9.74630e-06      56      56      24
   1.59390e+10   1.54220e+28   9.57970e-06      56      56      24
   1.56660e+10   1.50710e+28   9.41590e-06      56      56      24
   1.53980e+10   1.47280e+28   9.25490e-06      56      56      24
   1.51340e+10   1.43930e+28   9.09670e-06      56      56      24
   1.48750e+10   1.40650e+28   8.94110e-06      56      56      24
   1.46210e+10   1.37450e+28   8.78830e-06      56      56      24
   1.43700e+10   1.34320e+28   8.63800e-06      56      56      24
   1.41240e+10   1.31270e+28   8.49040e-06      56      56      24
   1.38830e+10   1.28280e+28   8.34520e-06      56      56      24
   1.36450e+10   1.25360e+28   8.20260e-06      56      56      24
   1.34120e+10   1.22500e+28   8.06230e-06      56      56      24
   1.31820e+10   1.19720e+28   7.92450e-06      56      56      24
   1.29570e+10   1.16990e+28   7.78900e-06      56      56      24
   1.27350e+10   1.14330e+28   7.65590e-06      56      56      24
   1.25170e+10   1.11730e+28   7.52500e-06      56      56      24
   1.23030e+10   1.09180e+28   7.39640e-06      56      56      24
   1.20920e+10   1.06700e+28   7.27000e-06      56      56      24
   1.18850e+10   1.04270e+28   7.14570e-06      56      56      24
   1.16820e+10   1.01890e+28   7.02360e-06      56      56      24
   1.14820e+10   9.95750e+27   6.90350e-06      56      56      24
   1.12860e+10   9.73090e+27   6.78550e-06      56      56      24
   1.10930e+10   9.50940e+27   6.66960e-06      56      56      24
   1.09030e+10   9.29290e+27   6.55560e-06      56      56      24
   1.07160e+10   9.08140e+27   6.44350e-06      56      56      24
   1.05330e+10   8.87470e+27   6.33340e-06      56      56      24
   1.03530e+10   8.67260e+27   6.22520e-06      56      56      24
   1.01760e+10   8.47520e+27   6.11880e-06      56      56      24
   1.00020e+10   8.28230e+27   6.01420e-06      56      56      24
   9.83070e+09   8.09380e+27   5.91140e-06      56      56      24
   9.66260e+09   7.90950e+27   5.81040e-06      56      56      24
   9.49730e+09   7.72950e+27   5.71110e-06      56      56      24
   9.33490e+09   7.55360e+27   5.61350e-06      56      56      24
   9.17520e+09   7.38160e+27   5.51760e-06      56      56      24
   9.01830e+09   7.21360e+27   5.42330e-06      56      56      24
   8.86410e+09   7.04940e+27   5.33070e-06      56      56      24
   8.71250e+09   6.88890e+27   5.23960e-06      56      56      24
   8.56350e+09   6.73210e+27   5.15010e-06      56      56      24
   8.41700e+09   6.57890e+27   5.06210e-06      56      56      24
   8.27310e+09   6.42910e+27   4.97560e-06      56      56      24
   8.13160e+09   6.28280e+27   4.89060e-06      56      56      24
   7.99260e+09   6.13980e+27   4.80700e-06      56      56      24
   7.85590e+09   6.00000e+27   4.72490e-06      56      56      24
   7.72160e+09   5.86340e+27   4.64420e-06      56      56      24
   7.58960e+09   5.73000e+27   4.56490e-06      56      56      24
   7.45980e+09   5.59950e+27   4.48690e-06      56      56      24
   7.33230e+09   5.47210e+27   4.41020e-06      56      56      24
   7.20700e+09   5.34750e+27   4.33490e-06      56      56      24
   7.08380e+09   5.22580e+27   4.26080e-06      56      56      24
   6.96270e+09   5.10680e+27   4.18810e-06      56      56      24
   6.84360e+09   4.99060e+27   4.11650e-06      56      56      24
   6.72670e+09   4.87700e+27   4.04620e-06      56      56      24
   6.61170e+09   4.76600e+27   3.97710e-06      56      56      24
   6.49870e+09   4.65750e+27   3.90920e-06      56      56      24
   6.38760e+09   4.55150e+27   3.84240e-06      56      56      24
   6.27840e+09   4.44790e+27   3.77680e-06      56      56      24
   6.17110e+09   4.34660e+27   3.71230e-06      56      56      24
   6.06560e+09   4.24770e+27   3.64890e-06      56      56      24
   5.96200e+09   4.15100e+27   3.58660e-06      56      56      24
   5.86010e+09   4.05650e+27   3.52540e-06      56      56      24
   5.76000e+09   3.96420e+27   3.46520e-06      56      56      24
   5.66150e+09   3.87390e+27   3.40600e-06      56      56      24
   5.56480e+09   3.78570e+27   3.34780e-06      56      56      24
   5.46970e+09   3.69960e+27   3.29070e-06      56      56      24
   5.37620e+09   3.61540e+27   3.23450e-06      56      56      24
   5.28440e+09   3.53310e+27   3.17930e-06      56      56      24
   5.19410e+09   3.45260e+27   3.12500e-06      56      56      24
   5.10540e+09   3.37400e+27   3.07160e-06      56      56      24
   5.01810e+09   3.29720e+27   3.01920e-06      56      56      24
   4.93240e+09   3.22220e+27   2.96770e-06      56      56      24
   4.84820e+09   3.14880e+27   2.91700e-06      56      56      24
   4.76530e+09   3.07720e+27   2.86720e-06      56      56      24
   4.68390e+09   3.00710e+27   2.81830e-06      56      56      24
   4.60390e+09   2.93870e+27   2.77020e-06      56      56      24
   4.52530e+09   2.87180e+27   2.72290e-06      56      56      24
   4.44800e+09   2.80640e+27   2.67640e-06      56      56      24
   4.37210e+09   2.74250e+27   2.63070e-06      56      56      24
   4.29740e+09   2.68010e+27   2.58580e-06      56      56      24
   4.22400e+09   2.61910e+27   2.54170e-06      56      56      24
   4.15190e+09   2.55950e+27   2.49830e-06      56      56      24
   4.08100e+09   2.50120e+27   2.45570e-06      56      56      24
   4.01130e+09   2.44430e+27   2.41380e-06      56      56      24
   3.94280e+09   2.38860e+27   2.37260e-06      56      56      24
   3.87550e+09   2.33430e+27   2.33210e-06      56      56      24
   3.80930e+09   2.28110e+27   2.29230e-06      56      56      24
   3.74430e+09   2.22920e+27   2.25320e-06      56      56      24
   3.68040e+09   2.17850e+27   2.21480e-06      56      56      24
   3.61750e+09   2.12890e+27   2.17700e-06      56      56      24
   3.55580e+09   2.08040e+27   2.13990e-06      56      56      24
   3.49510e+09   2.03310e+27   2.10340e-06      56      56      24
   3.43540e+09   1.98680e+27   2.06750e-06      56      56      24
   3.37680e+09   1.94160e+27   2.03220e-06      56      56      24
   3.31920e+09   1.89740e+27   1.99760e-06      56      56      24
   3.26250e+09   1.85420e+27   1.96350e-06      56      56      24
   3.20680e+09   1.81200e+27   1.93000e-06      56      56      24
   3.15210e+09   1.77070e+27   1.89710e-06      56      56      24
   3.09830e+09   1.73040e+27   1.86470e-06      56      56      24
   3.04550e+09   1.69100e+27   1.83290e-06      56      56      24
   2.99350e+09   1.65250e+27   1.80170e-06      56      56      24
   2.94240e+09   1.61490e+27   1.77100e-06      56      56      24
   2.89220e+09   1.57820e+27   1.74080e-06      56      56      24
   2.84290e+09   1.54220e+27   1.71110e-06      56      56      24
   2.79440e+09   1.50710e+27   1.68190e-06      56      56      24
   2.74670e+09   1.47280e+27   1.65320e-06      56      56      24
   2.69990e+09   1.43930e+27   1.62510e-06      56      56      24
   2.65380e+09   1.40650e+27   1.59740e-06      56      56      24
   2.60860e+09   1.37450e+27   1.57010e-06      56      56      24
   2.56410e+09   1.34320e+27   1.54340e-06      56      56      24
   2.52030e+09   1.31270e+27   1.51710e-06      56      56      24
   2.47740e+09   1.28280e+27   1.49120e-06      56      56      24
   2.43510e+09   1.25360e+27   1.46580e-06      56      56      24
   2.39360e+09   1.22500e+27   1.44080e-06      56      56      24
   2.35280e+09   1.19720e+27   1.41630e-06      56      56      24
   2.31270e+09   1.16990e+27   1.39210e-06      56      56      24
   2.27320e+09   1.14330e+27   1.36840e-06      56      56      24
   2.23450e+09   1.11730e+27   1.34510e-06      56      56      24
   2.19640e+09   1.09180e+27   1.32220e-06      56      56      24
   2.15900e+09   1.06700e+27   1.29970e-06      56      56      24
   2.12220e+09   1.04270e+27   1.27750e-06      56      56      24
   2.08600e+09   1.01890e+27   1.25570e-06      56      56      24
   2.05040e+09   9.95750e+26   1.23440e-06      56      56      24
   2.01550e+09   9.73090e+26   1.21330e-06      56      56      24
   1.98120e+09   9.50940e+26   1.19270e-06      56      56      24
   1.94740e+09   9.29290e+26   1.17240e-06      56      56      24
   1.91420e+09   9.08140e+26   1.15240e-06      56      56      24
   1.88160e+09   8.87470e+26   1.13280e-06      56      56      24
   1.84960e+09   8.67260e+26   1.11350e-06      56      56      24
   1.81800e+09   8.47520e+26   1.09450e-06      56      56      24
   1.78710e+09   8.28230e+26   1.07590e-06      56      56      24
   1.75660e+09   8.09380e+26   1.05760e-06      56      56      24
   1.72670e+09   7.90950e+26   1.03960e-06      56      56      24
   1.69730e+09   7.72950e+26   1.02190e-06      56      56      24
   1.66840e+09   7.55360e+26   1.00450e-06      56      56      24
   1.64000e+09   7.38160e+26   9.87390e-07      56      56      24
   1.61210e+09   7.21360e+26   9.70580e-07      56      56      24
   1.58460e+09   7.04940e+26   9.54070e-07      56      56      24
   1.55770e+09   6.88890e+26   9.37830e-07      56      56      24
   1.53110e+09   6.73210e+26   9.21870e-07      56      56      24
   1.50510e+09   6.57890e+26   9.06190e-07      56      56      24
   1.49080e+09   6.49520e+26   8.97590e-07      56      56      24
   1.37850e+09   6.49520e+26   8.29980e-07      56      56      26
   1.36800e+09   6.42910e+26   8.23680e-07      56      56      26
   1.34470e+09   6.28280e+26   8.09670e-07      56      56      26
   1.32180e+09   6.13980e+26   7.95890e-07      56      56      26
   1.29940e+09   6.00000e+26   7.82360e-07      56      56      26
   1.28130e+09   5.88840e+26   7.71490e-07      56      56      26
   1.25950e+09   5.75440e+26   7.58370e-07      56      56      26
   1.23810e+09   5.62340e+26   7.45480e-07      56      56      26
   1.21700e+09   5.49540e+26   7.32800e-07      56      56      26
   1.19630e+09   5.37030e+26   7.20340e-07      56      56      26
   1.17600e+09   5.24810e+26   7.08090e-07      56      56      26
   1.15600e+09   5.12860e+26   6.96050e-07      56      56      26
   1.13630e+09   5.01190e+26   6.84220e-07      56      56      26
   1.11700e+09   4.89780e+26   6.72590e-07      56      56      26
   1.09800e+09   4.78630e+26   6.61160e-07      56      56      26
   1.07930e+09   4.67740e+26   6.49920e-07      56      56      26
   1.06100e+09   4.57090e+26   6.38880e-07      56      56      26
   1.04290e+09   4.46680e+26   6.28020e-07      56      56      26
   1.02520e+09   4.36520e+26   6.17350e-07      56      56      26
   1.00780e+09   4.26580e+26   6.06860e-07      56      56      26
   9.90630e+08   4.16870e+26   5.96550e-07      56      56      26
   9.73790e+08   4.07380e+26   5.86420e-07      56      56      26
   9.57250e+08   3.98110e+26   5.76460e-07      56      56      26
   9.40980e+08   3.89050e+26   5.66660e-07      56      56      26
   9.24990e+08   3.80190e+26   5.57040e-07      56      56      26
   9.09280e+08   3.71540e+26   5.47580e-07      56      56      26
   8.93830e+08   3.63080e+26   5.38280e-07      56      56      26
   8.78650e+08   3.54810e+26   5.29140e-07      56      56      26
   8.63720e+08   3.46740e+26   5.20160e-07      56      56      26
   8.49060e+08   3.38840e+26   5.11330e-07      56      56      26
   8.34640e+08   3.31130e+26   5.02650e-07      56      56      26
   8.20470e+08   3.23590e+26   4.94120e-07      56      56      26
   8.06540e+08   3.16230e+26   4.85730e-07      56      56      26
   7.92840e+08   3.09030e+26   4.77490e-07      56      56      26
   7.79390e+08   3.02000e+26   4.69390e-07      56      56      26
   7.66160e+08   2.95120e+26   4.61430e-07      56      56      26
   7.53150e+08   2.88400e+26   4.53600e-07      56      56      26
   7.40370e+08   2.81840e+26   4.45900e-07      56      56      26
   7.27810e+08   2.75420e+26   4.38340e-07      56      56      26
   7.15460e+08   2.69150e+26   4.30910e-07      56      56      26
   7.03320e+08   2.63030e+26   4.23600e-07      56      56      26
   6.91390e+08   2.57040e+26   4.16420e-07      56      56      26
   6.79670e+08   2.51190e+26   4.09360e-07      56      56      26
   6.68140e+08   2.45470e+26   4.02420e-07      56      56      26
   6.56810e+08   2.39880e+26   3.95600e-07      56      56      26
   6.45670e+08   2.34420e+26   3.88890e-07      56      56      26
   6.34730e+08   2.29090e+26   3.82300e-07      56      56      26
   6.23970e+08   2.23870e+26   3.75820e-07      56      56      26
   6.13390e+08   2.18780e+26   3.69460e-07      56      56      26
   6.02990e+08   2.13800e+26   3.63200e-07      56      56      26
   5.92780e+08   2.08930e+26   3.57040e-07      56      56      26
   5.82730e+08   2.04170e+26   3.51000e-07      56      56      26
   5.72860e+08   1.99530e+26   3.45050e-07      56      56      26
   5.63150e+08   1.94980e+26   3.39210e-07      56      56      26
   5.53620e+08   1.90550e+26   3.33470e-07      56      56      26
   5.44240e+08   1.86210e+26   3.27820e-07      56      56      26
   5.35020e+08   1.81970e+26   3.22270e-07      56      56      26
   5.25960e+08   1.77830e+26   3.16820e-07      56      56      26
   5.17060e+08   1.73780e+26   3.11450e-07      56      56      26
   5.08310e+08   1.69820e+26   3.06180e-07      56      56      26
   4.99700e+08   1.65960e+26   3.01000e-07      56      56      26
   4.91240e+08   1.62180e+26   2.95910e-07      56      56      26
   4.82930e+08   1.58490e+26   2.90900e-07      56      56      26
   4.74760e+08   1.54880e+26   2.85980e-07      56      56      26
   4.66730e+08   1.51360e+26   2.81150e-07      56      56      26
   4.58830e+08   1.47910e+26   2.76390e-07      56      56      26
   4.51070e+08   1.44540e+26   2.71720e-07      56      56      26
   4.43450e+08   1.41250e+26   2.67130e-07      56      56      26
   4.35950e+08   1.38040e+26   2.62610e-07      56      56      26
   4.28580e+08   1.34900e+26   2.58170e-07      56      56      26
   4.21330e+08   1.31830e+26   2.53810e-07      56      56      26
   4.14210e+08   1.28820e+26   2.49520e-07      56      56      26
   4.07210e+08   1.25890e+26   2.45310e-07      56      56      26
   4.00330e+08   1.23030e+26   2.41160e-07      56      56      26
   3.93570e+08   1.20230e+26   2.37090e-07      56      56      26
   3.86920e+08   1.17490e+26   2.33090e-07      56      56      26
   3.80380e+08   1.14820e+26   2.29150e-07      56      56      26
   3.73960e+08   1.12200e+26   2.25280e-07      56      56      26
   3.67650e+08   1.09650e+26   2.21480e-07      56      56      26
   3.61440e+08   1.07150e+26   2.17740e-07      56      56      26
   3.55340e+08   1.04710e+26   2.14070e-07      56      56      26
   3.49340e+08   1.02330e+26   2.10460e-07      56      56      26
   3.43450e+08   1.00000e+26   2.06910e-07      56      56      26
   3.37650e+08   9.77240e+25   2.03420e-07      56      56      26
   3.31950e+08   9.54990e+25   1.99990e-07      56      56      26
   3.26360e+08   9.33250e+25   1.96610e-07      56      56      26
   3.20850e+08   9.12010e+25   1.93300e-07      56      56      26
   3.15440e+08   8.91250e+25   1.90040e-07      56      56      26
   3.10120e+08   8.70960e+25   1.86840e-07      56      56      26
   3.04900e+08   8.51140e+25   1.83690e-07      56      56      26
   2.99760e+08   8.31760e+25   1.80590e-07      56      56      26
   2.94710e+08   8.12830e+25   1.77550e-07      56      56      26
   2.89740e+08   7.94330e+25   1.74560e-07      56      56      26
   2.84860e+08   7.76250e+25   1.71620e-07      56      56      26
   2.80060e+08   7.58580e+25   1.68730e-07      56      56      26
   2.75350e+08   7.41310e+25   1.65890e-07      56      56      26
   2.70710e+08   7.24440e+25   1.63100e-07      56      56      26
   2.66150e+08   7.07950e+25   1.60350e-07      56      56      26
   2.61670e+08   6.91830e+25   1.57660e-07      56      56      26
   2.57270e+08   6.76080e+25   1.55000e-07      56      56      26
   2.52940e+08   6.60690e+25   1.52400e-07      56      56      26
   2.48690e+08   6.45650e+25   1.49830e-07      56      56      26
   2.44500e+08   6.30960e+25   1.47310e-07      56      56      26
   2.40390e+08   6.16600e+25   1.44840e-07      56      56      26
   2.36350e+08   6.02560e+25   1.42400e-07      56      56      26
   2.32380e+08   5.88840e+25   1.40010e-07      56      56      26
   2.28470e+08   5.75440e+25   1.37660e-07      56      56      26
   2.24630e+08   5.62340e+25   1.35350e-07      56      56      26
   2.20860e+08   5.49540e+25   1.33070e-07      56      56      26
   2.17150e+08   5.37030e+25   1.30840e-07      56      56      26
   2.13500e+08   5.24810e+25   1.28640e-07      56      56      26
   2.09920e+08   5.12860e+25   1.26480e-07      56      56      26
   2.06390e+08   5.01190e+25   1.24360e-07      56      56      26
   2.02930e+08   4.89780e+25   1.22270e-07      56      56      26
   1.99520e+08   4.78630e+25   1.20220e-07      56      56      26
   1.96180e+08   4.67740e+25   1.18200e-07      56      56      26
   1.92890e+08   4.57090e+25   1.16220e-07      56      56      26
   1.89650e+08   4.46680e+25   1.14270e-07      56      56      26
   1.86470e+08   4.36520e+25   1.12360e-07      56      56      26
   1.83350e+08   4.26580e+25   1.10480e-07      56      56      26
   1.80270e+08   4.16870e+25   1.08620e-07      56      56      26
   1.77250e+08   4.07380e+25   1.06800e-07      56      56      26
   1.74280e+08   3.98110e+25   1.05020e-07      56      56      26
   1.71360e+08   3.89050e+25   1.03260e-07      56      56      26
   1.68490e+08   3.80190e+25   1.01530e-07      56      56      26
   1.65670e+08   3.71540e+25   9.98290e-08      56      56      26
   1.62900e+08   3.63080e+25   9.81580e-08      56      56      26
   1.60170e+08   3.54810e+25   9.65160e-08      56      56      26
   1.57490e+08   3.46740e+25   9.49020e-08      56      56      26
   1.54860e+08   3.38840e+25   9.33150e-08      56      56      26
   1.52270e+08   3.31130e+25   9.17540e-08      56      56      26
   1.49720e+08   3.23590e+25   9.02210e-08      56      56      26
   1.47220e+08   3.16230e+25   8.87130e-08      56      56      26
   1.44760e+08   3.09030e+25   8.72310e-08      56      56      26
   1.42340e+08   3.02000e+25   8.57740e-08      56      56      26
   1.39960e+08   2.95120e+25   8.43410e-08      56      56      26
   1.37630e+08   2.88400e+25   8.29330e-08      56      56      26
   1.35330e+08   2.81840e+25   8.15490e-08      56      56      26
   1.33070e+08   2.75420e+25   8.01880e-08      56      56      26
   1.30850e+08   2.69150e+25   7.88500e-08      56      56      26
   1.28670e+08   2.63030e+25   7.75350e-08      56      56      26
   1.26520e+08   2.57040e+25   7.62420e-08      56      56      26
   1.24410e+08   2.51190e+25   7.49710e-08      56      56      26
   1.22340e+08   2.45470e+25   7.37210e-08      56      56      26
   1.20300e+08   2.39880e+25   7.24930e-08      56      56      26
   1.18290e+08   2.34420e+25   7.12850e-08      56      56      26
   1.16320e+08   2.29090e+25   7.00980e-08      56      56      26
   1.14380e+08   2.23870e+25   6.89310e-08      56      56      26
   1.12480e+08   2.18780e+25   6.77830e-08      56      56      26
   1.10610e+08   2.13800e+25   6.66550e-08      56      56      26
   1.08770e+08   2.08930e+25   6.55460e-08      56      56      26
   1.06960e+08   2.04170e+25   6.44560e-08      56      56      26
   1.05180e+08   1.99530e+25   6.33840e-08      56      56      26
   1.03430e+08   1.94980e+25   6.23300e-08      56      56      26
   1.01710e+08   1.90550e+25   6.12940e-08      56      56      26
   1.00020e+08   1.86210e+25   6.02760e-08      56      56      26
   9.83590e+07   1.81970e+25   5.92750e-08      56      56      26
   9.67250e+07   1.77830e+25   5.82900e-08      56      56      26
   9.51190e+07   1.73780e+25   5.73230e-08      56      56      26
   9.35400e+07   1.69820e+25   5.63710e-08      56      56      26
   9.19880e+07   1.65960e+25   5.54360e-08      56      56      26
   9.04610e+07   1.62180e+25   5.45170e-08      56      56      26
   8.89610e+07   1.58490e+25   5.36130e-08      56      56      26
   8.74860e+07   1.54880e+25   5.27240e-08      56      56      26
   8.60360e+07   1.51360e+25   5.18500e-08      56      56      26
   8.46100e+07   1.47910e+25   5.09910e-08      56      56      26
   8.32080e+07   1.44540e+25   5.01460e-08      56      56      26
   8.18300e+07   1.41250e+25   4.93160e-08      56      56      26
   8.04760e+07   1.38040e+25   4.85000e-08      56      56      26
   7.91440e+07   1.34900e+25   4.76970e-08      56      56      26
   7.78340e+07   1.31830e+25   4.69080e-08      56      56      26
   7.65470e+07   1.28820e+25   4.61320e-08      56      56      26
   7.52810e+07   1.25890e+25   4.53700e-08      56      56      26
   7.40360e+07   1.23030e+25   4.46200e-08      56      56      26
   7.28130e+07   1.20230e+25   4.38820e-08      56      56      26
   7.16100e+07   1.17490e+25   4.31580e-08      56      56      26
   7.04270e+07   1.14820e+25   4.24450e-08      56      56      26
   6.92650e+07   1.12200e+25   4.17440e-08      56      56      26
   6.81210e+07   1.09650e+25   4.10550e-08      56      56      26
   6.69970e+07   1.07150e+25   4.03780e-08      56      56      26
   6.58920e+07   1.04710e+25   3.97120e-08      56      56      26
   6.48060e+07   1.02330e+25   3.90580e-08      56      56      26
   6.37380e+07   1.00000e+25   3.84140e-08      56      56      26
   6.26870e+07   9.77240e+24   3.77810e-08      56      56      26
   6.16550e+07   9.54990e+24   3.71590e-08      56      56      26
   6.06400e+07   9.33250e+24   3.65470e-08      56      56      26
   5.96410e+07   9.12010e+24   3.59460e-08      56      56      26
   5.86600e+07   8.91250e+24   3.53540e-08      56      56      26
   5.76950e+07   8.70960e+24   3.47730e-08      56      56      26
   5.67460e+07   8.51140e+24   3.42010e-08      56      56      26
   5.58140e+07   8.31760e+24   3.36390e-08      56      56      26
   5.48960e+07   8.12830e+24   3.30860e-08      56      56      26
   5.39950e+07   7.94330e+24   3.25430e-08      56      56      26
   5.31080e+07   7.76250e+24   3.20090e-08      56      56      26
   5.22360e+07   7.58580e+24   3.14830e-08      56      56      26
   5.13790e+07   7.41310e+24   3.09670e-08      56      56      26
   5.05360e+07   7.24440e+24   3.04590e-08      56      56      26
   4.97080e+07   7.07950e+24   2.99600e-08      56      56      26
   4.88930e+07   6.91830e+24   2.94690e-08      56      56      26
   4.80920e+07   6.76080e+24   2.89860e-08      56      56      26
   4.73040e+07   6.60690e+24   2.85110e-08      56      56      26
   4.65300e+07   6.45650e+24   2.80440e-08      56      56      26
   4.57680e+07   6.30960e+24   2.75850e-08      56      56      26
   4.50190e+07   6.16600e+24   2.71340e-08      56      56      26
   4.42830e+07   6.02560e+24   2.66900e-08      56      56      26
   4.35590e+07   5.88840e+24   2.62540e-08      56      56      26
   4.28470e+07   5.75440e+24   2.58250e-08      56      56      26
   4.21470e+07   5.62340e+24   2.54030e-08      56      56      26
   4.14590e+07   5.49540e+24   2.49890e-08      56      56      26
   4.07820e+07   5.37030e+24   2.45810e-08      56      56      26
   4.01170e+07   5.24810e+24   2.41800e-08      56      56      26
   3.94630e+07   5.12860e+24   2.37850e-08      56      56      26
   3.88190e+07   5.01190e+24   2.33980e-08      56      56      26
   3.81870e+07   4.89780e+24   2.30160e-08      56      56      26
   3.75640e+07   4.78630e+24   2.26420e-08      56      56      26
   3.69530e+07   4.67740e+24   2.22730e-08      56      56      26
   3.63510e+07   4.57090e+24   2.19100e-08      56      56      26
   3.57600e+07   4.46680e+24   2.15540e-08      56      56      26
   3.51780e+07   4.36520e+24   2.12030e-08      56      56      26
   3.46060e+07   4.26580e+24   2.08590e-08      56      56      26
   3.40440e+07   4.16870e+24   2.05200e-08      56      56      26
   3.34910e+07   4.07380e+24   2.01870e-08      56      56      26
   3.29470e+07   3.98110e+24   1.98590e-08      56      56      26
   3.24120e+07   3.89050e+24   1.95370e-08      56      56      26
   3.18870e+07   3.80190e+24   1.92200e-08      56      56      26
   3.13690e+07   3.71540e+24   1.89080e-08      56      56      26
   3.08610e+07   3.63080e+24   1.86020e-08      56      56      26
   3.03610e+07   3.54810e+24   1.83000e-08      56      56      26
   2.98690e+07   3.46740e+24   1.80040e-08      56      56      26
   2.93860e+07   3.38840e+24   1.77120e-08      56      56      26
   2.89100e+07   3.31130e+24   1.74260e-08      56      56      26
   2.84430e+07   3.23590e+24   1.71440e-08      56      56      26
   2.79830e+07   3.16230e+24   1.68670e-08      56      56      26
   2.75300e+07   3.09030e+24   1.65940e-08      56      56      26
   2.70860e+07   3.02000e+24   1.63260e-08      56      56      26
   2.66480e+07   2.95120e+24   1.60630e-08      56      56      26
   2.62180e+07   2.88400e+24   1.58040e-08      56      56      26
   2.57950e+07   2.81840e+24   1.55490e-08      56      56      26
   2.53790e+07   2.75420e+24   1.52980e-08      56      56      26
   2.49700e+07   2.69150e+24   1.50510e-08      56      56      26
   2.45680e+07   2.63030e+24   1.48090e-08      56      56      26
   2.41730e+07   2.57040e+24   1.45710e-08      56      56      26
   2.37840e+07   2.51190e+24   1.43360e-08      56      56      26
   2.34010e+07   2.45470e+24   1.41050e-08      56      56      26
   2.30250e+07   2.39880e+24   1.38790e-08      56      56      26
   2.26550e+07   2.34420e+24   1.36560e-08      56      56      26
   2.22910e+07   2.29090e+24   1.34360e-08      56      56      26
   2.19330e+07   2.23870e+24   1.32210e-08      56      56      26
   2.15810e+07   2.18780e+24   1.30080e-08      56      56      26
   2.12340e+07   2.13800e+24   1.28000e-08      56      56      26
   2.08940e+07   2.08930e+24   1.25950e-08      56      56      26
   2.05590e+07   2.04170e+24   1.23930e-08      56      56      26
   2.02300e+07   1.99530e+24   1.21940e-08      56      56      26
   1.99060e+07   1.94980e+24   1.19990e-08      56      56      26
   1.95870e+07   1.90550e+24   1.18070e-08      56      56      26
   1.92740e+07   1.86210e+24   1.16180e-08      56      56      26
   1.89660e+07   1.81970e+24   1.14320e-08      56      56      26
   1.86630e+07   1.77830e+24   1.12500e-08      56      56      26
   1.83650e+07   1.73780e+24   1.10700e-08      56      56      26
   1.80710e+07   1.69820e+24   1.08930e-08      56      56      26
   1.77830e+07   1.65960e+24   1.07200e-08      56      56      26
   1.74990e+07   1.62180e+24   1.05490e-08      56      56      26
   1.72200e+07   1.58490e+24   1.03800e-08      56      56      26
   1.69460e+07   1.54880e+24   1.02150e-08      56      56      26
   1.66760e+07   1.51360e+24   1.00520e-08      56      56      26
   1.64110e+07   1.47910e+24   9.89240e-09      56      56      26
   1.61500e+07   1.44540e+24   9.73500e-09      56      56      26
   1.58930e+07   1.41250e+24   9.58020e-09      56      56      26
   1.56400e+07   1.38040e+24   9.42800e-09      56      56      26
   1.53920e+07   1.34900e+24   9.27820e-09      56      56      26
   1.51470e+07   1.31830e+24   9.13090e-09      56      56      26
   1.49070e+07   1.28820e+24   8.98610e-09      56      56      26
   1.46710e+07   1.25890e+24   8.84350e-09      56      56      26
   1.44380e+07   1.23030e+24   8.70340e-09      56      56      26
   1.42090e+07   1.20230e+24   8.56550e-09      56      56      26
   1.39840e+07   1.17490e+24   8.42990e-09      56      56      26
   1.37630e+07   1.14820e+24   8.29640e-09      56      56      26
   1.35450e+07   1.12200e+24   8.16520e-09      56      56      26
   1.33310e+07   1.09650e+24   8.03610e-09      56      56      26
   1.31200e+07   1.07150e+24   7.90910e-09      56      56      26
   1.29130e+07   1.04710e+24   7.78420e-09      56      56      26
   1.27090e+07   1.02330e+24   7.66130e-09      56      56      26
   1.25090e+07   1.00000e+24   7.54050e-09      56      56      26
   1.23120e+07   9.77240e+23   7.42160e-09      56      56      26
   1.21170e+07   9.54990e+23   7.30460e-09      56      56      26
   1.19270e+07   9.33250e+23   7.18960e-09      56      56      26
   1.17390e+07   9.12010e+23   7.07640e-09      56      56      26
   1.15540e+07   8.91250e+23   6.96500e-09      56      56      26
   1.13720e+07   8.70960e+23   6.85550e-09      56      56      26
   1.11940e+07   8.51140e+23   6.74770e-09      56      56      26
   1.10180e+07   8.31760e+23   6.64170e-09      56      56      26
   1.08450e+07   8.12830e+23   6.53750e-09      56      56      26
   1.06750e+07   7.94330e+23   6.43490e-09      56      56      26
   1.05070e+07   7.76250e+23   6.33390e-09      56      56      26
   1.03420e+07   7.58580e+23   6.23470e-09      56      56      26
   1.01800e+07   7.41310e+23   6.13700e-09      56      56      26
   1.00210e+07   7.24440e+23   6.04090e-09      56      56      26
   9.86410e+06   7.07950e+23   5.94630e-09      56      56      26
   9.70980e+06   6.91830e+23   5.85330e-09      56      56      26
   9.55800e+06   6.76080e+23   5.76180e-09      56      56      26
   9.40870e+06   6.60690e+23   5.67180e-09      56      56      26
   9.26170e+06   6.45650e+23   5.58330e-09      56      56      26
   9.11720e+06   6.30960e+23   5.49610e-09      56      56      26
   8.97500e+06   6.16600e+23   5.41040e-09      56      56      26
   8.83510e+06   6.02560e+23   5.32600e-09      56      56      26
   8.69740e+06   5.88840e+23   5.24310e-09      56      56      26
   8.56190e+06   5.75440e+23   5.16140e-09      56      56      26
   8.42870e+06   5.62340e+23   5.08110e-09      56      56      26
   8.29760e+06   5.49540e+23   5.00210e-09      56      56      26
   8.16860e+06   5.37030e+23   4.92430e-09      56      56      26
   8.04160e+06   5.24810e+23   4.84780e-09      56      56      26
   7.91680e+06   5.12860e+23   4.77250e-09      56      56      26
   7.79390e+06   5.01190e+23   4.69840e-09      56      56      26
   7.67300e+06   4.89780e+23   4.62560e-09      56      56      26
   7.55400e+06   4.78630e+23   4.55390e-09      56      56      26
   7.43700e+06   4.67740e+23   4.48330e-09      56      56      26
   7.32180e+06   4.57090e+23   4.41390e-09      56      56      26
   7.20850e+06   4.46680e+23   4.34560e-09      56      56      26
   7.09700e+06   4.36520e+23   4.27840e-09      56      56      26
   6.98730e+06   4.26580e+23   4.21220e-09      56      56      26
   6.87930e+06   4.16870e+23   4.14720e-09      56      56      26
   6.77310e+06   4.07380e+23   4.08310e-09      56      56      26
   6.66860e+06   3.98110e+23   4.02010e-09      56      56      26
   6.56570e+06   3.89050e+23   3.95810e-09      56      56      26
   6.46450e+06   3.80190e+23   3.89710e-09      56      56      26
   6.36490e+06   3.71540e+23   3.83710e-09      56      56      26
   6.26690e+06   3.63080e+23   3.77800e-09      56      56      26
   6.17050e+06   3.54810e+23   3.71980e-09      56      56      26
   6.07560e+06   3.46740e+23   3.66260e-09      56      56      26
   5.98220e+06   3.38840e+23   3.60630e-09      56      56      26
   5.89030e+06   3.31130e+23   3.55090e-09      56      56      26
   5.79980e+06   3.23590e+23   3.49640e-09      56      56      26
   5.71080e+06   3.16230e+23   3.44280e-09      56      56      26
   5.62330e+06   3.09030e+23   3.39000e-09      56      56      26
   5.53710e+06   3.02000e+23   3.33800e-09      56      56      26
   5.45230e+06   2.95120e+23   3.28690e-09      56      56      26
   5.36880e+06   2.88400e+23   3.23660e-09      56      56      26
   5.28660e+06   2.81840e+23   3.18710e-09      56      56      26
   5.20580e+06   2.75420e+23   3.13830e-09      56      56      26
   5.12620e+06   2.69150e+23   3.09040e-09      56      56      26
   5.04790e+06   2.63030e+23   3.04320e-09      56      56      26
   4.97090e+06   2.57040e+23   2.99670e-09      56      56      26
   4.89500e+06   2.51190e+23   2.95100e-09      56      56      26
   4.82040e+06   2.45470e+23   2.90600e-09      56      56      26
   4.74690e+06   2.39880e+23   2.86170e-09      56      56      26
   4.67460e+06   2.34420e+23   2.81810e-09      56      56      26
   4.60350e+06   2.29090e+23   2.77520e-09      56      56      26
   4.53340e+06   2.23870e+23   2.73300e-09      56      56      26
   4.46450e+06   2.18780e+23   2.69150e-09      56      56      26
   4.39670e+06   2.13800e+23   2.65060e-09      56      56      26
   4.32990e+06   2.08930e+23   2.61030e-09      56      56      26
   4.26420e+06   2.04170e+23   2.57070e-09      56      56      26
   4.19950e+06   1.99530e+23   2.53170e-09      56      56      26
   4.13580e+06   1.94980e+23   2.49330e-09      56      56      26
   4.07320e+06   1.90550e+23   2.45560e-09      56      56      26
   4.01150e+06   1.86210e+23   2.41840e-09      56      56      26
   3.95080e+06   1.81970e+23   2.38180e-09      56      56      26
   3.89100e+06   1.77830e+23   2.34580e-09      56      56      26
   3.83220e+06   1.73780e+23   2.31030e-09      56      56      26
   3.77430e+06   1.69820e+23   2.27540e-09      56      56      26
   3.71730e+06   1.65960e+23   2.24100e-09      56      56      26
   3.66120e+06   1.62180e+23   2.20720e-09      56      56      26
   3.60600e+06   1.58490e+23   2.17390e-09      56      56      26
   3.55170e+06   1.54880e+23   2.14120e-09      56      56      26
   3.49820e+06   1.51360e+23   2.10890e-09      56      56      26
   3.44550e+06   1.47910e+23   2.07720e-09      56      56      26
   3.39360e+06   1.44540e+23   2.04590e-09      56      56      26
   3.34260e+06   1.41250e+23   2.01510e-09      56      56      26
   3.29240e+06   1.38040e+23   1.98490e-09      56      56      26
   3.24290e+06   1.34900e+23   1.95500e-09      56      56      26
   3.19420e+06   1.31830e+23   1.92570e-09      56      56      26
   3.14630e+06   1.28820e+23   1.89680e-09      56      56      26
   3.09910e+06   1.25890e+23   1.86840e-09      56      56      26
   3.05270e+06   1.23030e+23   1.84040e-09      56      56      26
   3.00690e+06   1.20230e+23   1.81280e-09      56      56      26
   2.96190e+06   1.17490e+23   1.78570e-09      56      56      26
   2.91760e+06   1.14820e+23   1.75890e-09      56      56      26
   2.87400e+06   1.12200e+23   1.73260e-09      56      56      26
   2.83100e+06   1.09650e+23   1.70670e-09      56      56      26
   2.78870e+06   1.07150e+23   1.68130e-09      56      56      26
   2.74710e+06   1.04710e+23   1.65620e-09      56      56      26
   2.70610e+06   1.02330e+23   1.63140e-09      56      56      26
1.701E+06      4.983E+22      1.025E-09      56.       56.       26.
1.000E+06      2.159E+22      6.023E-10      56.       56.       26.
5.878E+05      9.218E+21      3.540E-10      56.       56.       26.
3.455E+05      3.882E+21      2.081E-10      56.       56.       26.
2.031E+05      1.615E+21      1.223E-10      56.       56.       26.
1.194E+05      6.639E+20      7.190E-11      56.       56.       26.
7.017E+04      2.700E+20      4.226E-11      56.       56.       26.
4.125E+04      1.086E+20      2.484E-11      56.       56.       26.
2.424E+04      4.319E+19      1.460E-11      56.       56.       26.
1.425E+04      1.693E+19      8.583E-12      56.       56.       26.
8.377E+03      6.528E+18      5.045E-12      56.       56.       26.
4.924E+03      2.460E+18      2.966E-12      56.       56.       26.
2.894E+03      8.985E+17      1.743E-12      56.       56.       26.
1.701E+03      3.127E+17      1.025E-12      56.       56.       26.
1.000E+03      1.003E+17      6.023E-13      56.       56.       26.

