      6    291         itext   idata
 Output of the Ioffe code for BSk

 NSCool Input Crust
   Rho        Press       nbar       [A_cell]    [A_ion]     [Z]


   139603636184940.31        4.5836617233619463E+032   8.4071217417645366E-002   931.27727744000003        1167.8279785200000        27.958660689999999     
   132955843985657.44        4.1699548044286748E+032   8.0067826112043217E-002   962.89141252000002        1093.9288870099999        29.077536559999999     
   126624613319673.75        3.8562150368319225E+032   7.6255072487660197E-002   993.86744170999998        1026.7144277600000        30.156416839999999     
   120594869828260.70        3.5955838544301474E+032   7.2623878559676378E-002   1024.1394538899999        965.36766001000001        31.193687409999999     
   114852256979295.91        3.3612525150643792E+032   6.9165598628263214E-002   1053.6450035099999        909.20589571000005        32.188241740000002     
   109383101885043.72        3.1428646562389130E+032   6.5871998693584011E-002   1082.3252304299999        857.65366731999995        33.139428150000001     
   104174382747660.69        2.9380572823379399E+032   6.2735236851032397E-002   1110.1249573699999        810.22172907000004        34.046996649999997     
   99213697854914.938        2.7469075893393290E+032   5.9747844620030847E-002   1136.9927658500001        766.49067789000003        34.911046720000002     
   94489236052299.938        2.5696365371261813E+032   5.6902709161934142E-002   1162.8810515900000        726.09812147000002        35.731977329999999     
   89989748621238.031        2.4060106168559844E+032   5.4193056344699182E-002   1187.7460605100000        688.72857744999999        36.510439929999997     
   85704522496417.172        2.2553609244573144E+032   5.1612434613999218E-002   1211.5479060900000        654.10548150000000        37.247295080000001     
   81623354758492.547        2.1167466930061165E+032   4.9154699632380207E-002   1234.2505695699999        621.98482864000005        37.943572930000002     
   77736528341421.469        1.9891066985293825E+032   4.6813999649885918E-002   1255.8218836599999        592.15008335000005        38.600437800000002     
   74034788896591.875        1.8713646376897096E+032   4.4584761571319916E-002   1276.2335011400000        564.40807862999998        39.219156689999998     
   70509322758658.922        1.7624926288274849E+032   4.2461677686971344E-002   1295.4608493400001        538.58568875000003        39.801071759999999     
   67151735960627.547        1.6615447198169557E+032   4.0439693035210805E-002   1313.4830715900000        514.52710945000001        40.347576429999997     
   63954034248216.711        1.5676710426078234E+032   3.8513993366867429E-002   1330.2829566500000        492.09161734999998        40.860094959999998     
   60908604045920.672        1.4801202913473999E+032   3.6679993682730880E-002   1345.8468573700000        471.15170912999997        41.340065119999998     
   58008194329448.258        1.3982355929877666E+032   3.4933327316886552E-002   1360.1645993499999        451.59154314000000        41.788923689999997     
   55245899361379.289        1.3214469602540576E+032   3.3269835539891955E-002   1373.2293809099999        433.30562347000000        42.208094570000000     
   52615142248932.656        1.2492622679770031E+032   3.1685557657039953E-002   1385.0376650000001        416.19767937000000        42.598978989999999     
   50109659284697.766        1.1812578965170952E+032   3.0176721578133295E-002   1395.5890643900000        400.17970343000002        42.962947849999999     
   47723485033045.492        1.1170696887956240E+032   2.8739734836317421E-002   1404.8862207499999        385.17111946000000        43.301335559999998     
   45450938126709.992        1.0563845624374222E+032   2.7371176034588020E-002   1412.9346786000001        371.09805734999998        43.615435519999998     
   43286607739723.797        9.9893293425716268E+031   2.6067786699607635E-002   1419.7427550600000        357.89271685000000        43.906496709999999     
   41225340704498.852        9.4448200507582889E+031   2.4826463523435840E-002   1425.3214060900000        345.49280585000002        44.175721390000000     
   39262229242379.859        8.9282988987226602E+031   2.3644250974700805E-002   1429.6840899500000        333.84104152999998        44.424263670000002     
   37392599278457.008        8.4380054367291285E+031   2.2518334261619810E-002   1432.8466288200000        322.88470532000002        44.653228769999998     
   35611999312816.195        7.9723941624887538E+031   2.1446032630114107E-002   1434.8270689599999        312.57524389000002        44.863672909999998     
   33916189821729.711        7.5300976177056082E+031   2.0424792981061052E-002   1435.6455403099999        302.86791013999999        45.056603670000001     
   32301133163552.105        7.1098952882061996E+031   1.9452183791486714E-002   1435.3241159100000        293.72143899999998        45.232980689999998     
   30762983965287.719        6.7106875897477386E+031   1.8525889325225444E-002   1433.8866719200000        285.09775396999999        45.393716740000002     
   29298079966940.684        6.3314742690786752E+031   1.7643704119262325E-002   1431.3587485700000        276.96170071000000        45.539678950000003     
   27902933301848.270        5.9713366068418420E+031   1.6803527732630788E-002   1427.7674125399999        269.28080470999998        45.671690230000003     
   26574222192236.445        5.6294228693414356E+031   1.6003359745362652E-002   1423.1411213700001        262.02505058000003        45.790530850000003     
   25308783040225.184        5.3049365164045654E+031   1.5241294995583477E-002   1417.5095900599999        255.16668063000000        45.896940010000002     
   24103602895452.555        4.9971267303777872E+031   1.4515519043412835E-002   1410.9036604000000        248.68001090000001        45.991617529999999     
   22955812281383.383        4.7052808854710663E+031   1.3824303850869366E-002   1403.3551733100001        242.54126298000000        46.075225539999998     
   21862678363222.270        4.4287186265654716E+031   1.3166003667494633E-002   1394.8968443900001        236.72841005000001        46.148390149999997     
   20821598441164.066        4.1667872719731632E+031   1.2539051111899650E-002   1385.5621431100001        231.22103601000001        46.211703069999999     
   19830093753489.586        3.9188582954594582E+031   1.1941953439904429E-002   1375.3851756900001        226.00020635999999        46.265723280000003     
   18885803574751.984        3.6843246792289126E+031   1.1373288990385170E-002   1364.4005719800000        221.04834983999999        46.310978589999998     
   17986479595001.891        3.4625989617750277E+031   1.0831703800366828E-002   1352.6433764599999        216.34914999000000        46.347967109999999     
   17129980566668.467        3.2531118327617973E+031   1.0315908381301741E-002   1340.1489435399999        211.88744560999999        46.377158809999997     
   16314267206350.920        3.0553111517661088E+031   9.8246746488588003E-003   1326.9528371700001        207.64913949000001        46.398996820000001     
   15537397339381.828        2.8686612890701136E+031   9.3568329989131439E-003   1313.0907350099999        203.62111465000001        46.413898820000000     
   14797521275601.740        2.6926427050877269E+031   8.9112695227744204E-003   1298.5983370300000        199.79115745999999        46.422258319999997     
   14092877405334.990        2.5267517007373071E+031   8.4869233550232577E-003   1283.5112787800001        196.14788707000000        46.424445839999997     
   13421788005080.943        2.3705002844393076E+031   8.0827841476411987E-003   1267.8650492199999        192.68069055999999        46.420810060000001     
   12782655242934.230        2.2234161127021879E+031   7.6978896644201884E-003   1251.6949131300000        189.37966349000001        46.411678899999998     
   12173957374223.076        2.0850424707157389E+031   7.3313234899239884E-003   1235.0358381200001        186.23555519000001        46.397360569999996     
   11594245118307.691        1.9549382672428961E+031   6.9822128475466550E-003   1217.9224262400000        183.23971850000001        46.378144480000003     
   11042138207912.086        1.8326780245977574E+031   6.6497265214730044E-003   1200.3888500300000        180.38406365000000        46.354302199999999     
   10516322102773.414        1.7178518498154412E+031   6.3330728775933369E-003   1182.4687931000001        177.66101577000001        46.326088290000001     
   10015544859784.203        1.6100653774322337E+031   6.0314979786603206E-003   1164.1953950300001        175.06347589999999        46.293741070000003     
   9538614152175.4316        1.5089396777519253E+031   5.7442837892003051E-003   1145.6012005900000        172.58478506000000        46.257483440000001     
   9084394430643.2676        1.4141111272125567E+031   5.4707464659050527E-003   1126.7181132000001        170.21869124000000        46.217523540000002     
   8651804219660.2549        1.3252312396040566E+031   5.2102347294333837E-003   1107.5773524799999        167.95931895000001        46.174055439999997     
   8239813542533.5762        1.2419664585223913E+031   4.9621283137460791E-003   1088.2094157700001        165.80114130999999        46.127259729999999     
   7847441469079.5957        1.1639979126688435E+031   4.7258364892819801E-003   1068.6440435899999        163.73895418999999        46.077304150000003     
   7473753780075.8047        1.0910211364868121E+031   4.5007966564590282E-003   1048.9101888099999        161.76785247000001        46.024344130000003     
   7117860742929.3379        1.0227457592399370E+031   4.2864730061514551E-003   1029.0359895100000        159.88320813999999        45.968523290000000     
   6778914993266.0361        9.5889516602670032E+030   4.0823552439537671E-003   1009.0487453100000        158.08065013000001        45.909973930000000     
   6456109517396.2246        8.9920613444313197E+030   3.8879573751940634E-003   988.97489705999999        156.35604561000000        45.848817500000003     
   6148675730853.5469        8.4342845068668986E+030   3.7028165478038698E-003   968.84000982999999        154.70548287000000        45.785165020000001     
   5855881648431.9492        7.9132450887108736E+030   3.5264919502893993E-003   948.66875891999996        153.12525535000000        45.719117490000002     
   5577030141363.7607        7.4266889721887407E+030   3.3585637621803806E-003   928.48491888000001        151.61184703999999        45.650766259999997     
   5311457277489.2959        6.9724797463878144E+030   3.1986321544575052E-003   908.31135533999998        150.16191886999999        45.580193399999999     
   5058530740465.9961        6.5485944099319799E+030   3.0463163375785765E-003   888.17001947999995        148.77229616000000        45.507472020000002     
   4817648324253.3291        6.1531190413116141E+030   2.9012536548367390E-003   868.08194507999997        147.43995708000000        45.432666609999998     
   4588236499288.8848        5.7842444651432738E+030   2.7630987188921327E-003   848.06724796000003        146.16202182999999        45.355833330000003     
   4369749046941.7944        5.4402619400405138E+030   2.6315225894210782E-003   828.14512764000006        144.93574275000000        45.277020270000001     
   4161665758992.1851        5.1195588911199301E+030   2.5062119899248361E-003   808.33387117999996        143.75849507999999        45.196267759999998     
   3963491199040.1763        4.8206147074820786E+030   2.3868685618331771E-003   788.65085896000005        142.62776842000000        45.113608589999998     
   3774753522895.4058        4.5419966223041685E+030   2.2732081541268355E-003   769.11257234000004        141.54115881999999        45.029068250000002     
   3595003355138.4814        4.2823556904704259E+030   2.1649601467874625E-003   749.73460305000003        140.49636143000001        44.942665190000000     
   3423812719179.5059        4.0404228759451765E+030   2.0618668064642494E-003   730.53166414999998        139.49116368000000        44.854410989999998     
   3260774018266.1958        3.8150052583610715E+030   1.9636826728230946E-003   711.51760252999998        138.52343898000001        44.764310600000002     
   3105499065015.4243        3.6049823655607122E+030   1.8701739741172328E-003   692.70541266999999        137.59114077999999        44.672362509999999     
   2957618157157.5469        3.4093026360970348E+030   1.7811180705878408E-003   674.10725176999995        136.69229716000001        44.578558940000001     
   2816779197292.9019        3.2269800130204755E+030   1.6963029243693721E-003   655.73445589000005        135.82500573999999        44.482886049999998     
   2682646854564.6685        3.0570906676962939E+030   1.6155265946374974E-003   637.59755715999995        134.98742897000000        44.385324050000001     
   2554901766252.0649        2.8987698500050259E+030   1.5385967567976165E-003   619.70630193000000        134.17778970000001        44.285847400000002     
   2433239777382.9189        2.7512088591939625E+030   1.4653302445691585E-003   602.06966969999996        133.39436714999999        44.184424960000001     
   2317371216555.1606        2.6136521280092296E+030   1.3955526138753889E-003   584.69589275999999        132.63549309000001        44.081020150000001     
   2207020206243.0103        2.4853944117195651E+030   1.3290977275003705E-003   567.59247650999998        131.89954828000000        43.975591029999997     
   2101924005945.7239        2.3657780733975412E+030   1.2658073595241620E-003   550.76622025999995        131.18495922000000        43.868090539999997     
   2001832386614.9751        2.2541904575164226E+030   1.2055308185944401E-003   534.22323848999997        130.49019504000000        43.758466550000001     
   1906507034871.4048        2.1500613456438580E+030   1.1481245891375620E-003   517.96898251000005        129.81376467000001        43.646662010000000     
   1815720985591.8140        2.0528604907970676E+030   1.0934519896548208E-003   502.00826241999999        129.15421416999999        43.532615090000000     
   1729258081516.0132        1.9620952307808625E+030   1.0413828472903054E-003   486.34526922999999        128.51012424999999        43.416259300000000     
   1646912458586.6792        1.8773081853301391E+030   9.9179318789552914E-004   470.98359721000003        127.88010797000000        43.297523599999998     
   1568488055796.8372        1.7980750467357030E+030   9.4456494085288470E-004   455.92626627999999        127.26280857000000        43.176332490000000     
   1493798148377.9402        1.7240024782832461E+030   8.9958565795512837E-004   441.17574446999998        126.65689743999999        43.052606189999999     
   1422664903217.0859        1.6547261385462482E+030   8.5674824567155076E-004   426.73397031000002        126.06107233000000        42.926260669999998     
   1354918955444.8438        1.5899088514512262E+030   8.1595071016338173E-004   412.60237517000002        125.47405550000001        42.797207829999998     
   1290399005185.5654        1.5292389410099546E+030   7.7709591444131585E-004   398.78190542999999        124.89459217000000        42.665355570000003     
   1228951433510.0623        1.4724287444370037E+030   7.4009134708696747E-004   385.27304456000002        124.32144897000001        42.530607889999999     
   1170429936676.2498        1.4192133065227092E+030   7.0484890198758803E-004   372.07583489000001        123.75341254999999        42.392865020000002     
   1114695177786.9045        1.3693492396721900E+030   6.7128466855960770E-004   359.18989914000002        123.18928823000000        42.252023540000003     
   1061614455035.1472        1.3226137053391904E+030   6.3931873196153115E-004   346.61446169999999        122.62789884000000        42.107976409999999     
   1011061385747.7592        1.2788034300331204E+030   6.0887498282050578E-004   334.34836953000001        122.06808352000000        41.960613180000003     
   962915605474.05627        1.2377336075489978E+030   5.7988093601952931E-004   322.39011276999997        121.50869671000000        41.809820010000003     
   917062481403.86304        1.1992364517127502E+030   5.5226755811383743E-004   310.73784484999999        120.94860715000000        41.655479819999996     
   873392839432.25049        1.1631590424385361E+030   5.2596910296555941E-004   299.38940230999998        120.38669702000000        41.497472389999999     
   831802704221.19092        1.1293599445169209E+030   5.0092295520529464E-004   288.34232413000001        119.82186107000000        41.335674439999998     
   792193051639.22937        1.0977038720315913E+030   4.7706948114789962E-004   277.59387061000001        119.25300588000000        41.169959810000002     
   754469572989.74219        1.0680534408733971E+030   4.5435188680752344E-004   267.14104179999998        118.67904918000001        41.000199469999998     
   718542450466.42114        1.0402568657690563E+030   4.3271608267383185E-004   256.98059540999998        118.09891921000001        40.826261719999998     
   684326143301.35339        1.0141304840152828E+030   4.1211055492745884E-004   247.10906428000001        117.51155419000000        40.648012250000001     
   651739184096.52698        9.8943556223014305E+029   3.9248624278805599E-004   237.52277329000000        116.91590180999999        40.465314300000003     
   620703984853.83521        9.6585052268288710E+029   3.7379642170291046E-004   228.21785581000000        116.31091883000001        40.278028730000003     
   591146652241.74780        9.4294319892119240E+029   3.5599659209800997E-004   219.19026955000001        115.69557069000000        40.086014169999999     
   562996811658.80737        9.2015330922421084E+029   3.3904437342667613E-004   210.43581200000000        115.06883126000000        39.889127150000000     
   536187439675.05457        8.9680174930609842E+029   3.2289940326350102E-004   201.95013519000000        114.42968264000000        39.687222200000001     
   510654704452.43292        8.7214606214939783E+029   3.0752324120333430E-004   193.72876008000000        113.77711496000001        39.480151990000003     
   486337813764.22180        8.4549280573441408E+029   2.9287927733650886E-004   185.76709027999999        113.11012641000001        39.267767499999998     
   463178870251.63977        8.1635187694750758E+029   2.7893264508238938E-004   178.06042532999999        112.42772318000000        39.049918069999997     
   441122733572.99023        7.8458275899556105E+029   2.6565013817370412E-004   170.60397341999999        111.72891964000000        38.826451630000001     
   420116889117.13354        7.5046420797369255E+029   2.5300013159400395E-004   121.86735505000000        121.86735505000000        38.023291499999999     
   400111322968.69861        7.1464333999337107E+029   2.4095250628000374E-004   121.16291866000000        121.16291866000000        37.955329900000002     
   381058402827.33197        6.7798051466787031E+029   2.2947857740952734E-004   120.46441532000000        120.46441532000000        37.887063370000000     
   362912764597.45898        6.4135855635496905E+029   2.1855102610431173E-004   119.77179846000000        119.77179846000000        37.818503190000001     
   345631204378.53235        6.0553006396208743E+029   2.0814383438505878E-004   119.08502190000000        119.08502190000000        37.749660489999997     
   329172575598.60223        5.7104019630185810E+029   1.9823222322386551E-004   118.40403983000000        118.40403983000000        37.680546239999998     
   313497691046.28784        5.3821979423318667E+029   1.8879259354653860E-004   117.72880685000000        117.72880685000000        37.611171270000000     
   298569229567.89319        5.0722133584681880E+029   1.7980247004432246E-004   117.05927791000001        117.05927791000001        37.541546269999998     
   284351647207.51733        4.7806972258091586E+029   1.7124044766125948E-004   116.39540835000000        116.39540835000000        37.471681779999997     
   270811092578.58792        4.5070988392546415E+029   1.6308614062977093E-004   115.73715391000000        115.73715391000000        37.401588199999999     
   257915326265.32181        4.2504357306943417E+029   1.5532013393311516E-004   115.08447067000000        115.08447067000000        37.331275769999998     
   245633644062.21124        4.0095440519314378E+029   1.4792393707915730E-004   114.43731511000000        114.43731511000000        37.260754630000001     
   233936803868.77261        3.7832319504089556E+029   1.4087994007538790E-004   113.79564404000000        113.79564404000000        37.190034750000002     
   222796956065.49771        3.5703636365114703E+029   1.3417137150036943E-004   113.15941467000000        113.15941467000000        37.119125969999999     
   212187577205.23590        3.3698985396432271E+029   1.2778225857178039E-004   112.52858456000000        112.52858456000000        37.048037989999997     
   202083406862.12943        3.1809036440532483E+029   1.2169738911598132E-004   111.90311163000000        111.90311163000000        36.976780400000003     
   192460387487.74231        3.0025511367557682E+029   1.1590227534855364E-004   111.28295414999999        111.28295414999999        36.905362629999999     
   183295607131.18314        2.8341089392175036E+029   1.1038311937957490E-004   110.66807077000000        110.66807077000000        36.833793980000003     
   174567244886.84106        2.6749285618386040E+029   1.0512678036149988E-004   110.05842045999999        110.05842045999999        36.762083650000001     
   166254518939.84863        2.5244327125833564E+029   1.0012074320142846E-004   109.45396257000000        109.45396257000000        36.690240690000003     
   158337637085.57013        2.3821038702599115E+029   9.5353088763265191E-005   108.85465677000001        108.85465677000001        36.618274020000001     
   150797749605.30487        2.2474743252193003E+029   9.0812465488823984E-005   108.26046309000000        108.26046309000000        36.546192439999999     
   143616904386.00464        2.1201178013719957E+029   8.6488062370308560E-005   107.67134191000000        107.67134191000000        36.474004630000003     
   136778004177.14728        1.9996425752081939E+029   8.2369583209817689E-005   107.08725393000000        107.08725393000000        36.401719139999997     
   130264765882.99741        1.8856859191730601E+029   7.8447222104588264E-005   106.50816021000000        106.50816021000000        36.329344419999998     
   124061681793.33086        1.7779096691182389E+029   7.4711640099607877E-005   105.93402213000000        105.93402213000000        36.256888770000003     
   118153982660.31509        1.6759967195157007E+029   7.1153942952007494E-005   105.36480140000000        105.36480140000000        36.184360390000002     
   112527602533.63342        1.5796482689558165E+029   6.7765659954292846E-005   104.80046007999999        104.80046007999999        36.111767360000002     
   107169145270.12706        1.4885816628405485E+029   6.4538723765993181E-005   104.24096054000000        104.24096054000000        36.039117650000001     
   102065852638.21625        1.4025287051976399E+029   6.1465451205707788E-005   103.68626549000000        103.68626549000000        35.966419100000003     
   97205573941.158325        1.3212343347535719E+029   5.8538524957816943E-005   103.13633795000000        103.13633795000000        35.893679450000000     
   92576737086.817444        1.2444555808006910E+029   5.5750976150301846E-005   102.59114126999999        102.59114126999999        35.820906330000000     
   88168321035.064224        1.1719607317138130E+029   5.3096167762192235E-005   102.05063912000000        102.05063912000000        35.748107249999997     
   83969829557.204025        1.1035286633524323E+029   5.0567778821135457E-005   101.51479548000000        101.51479548000000        35.675289610000000     
   79971266244.956207        1.0389482863175281E+029   4.8159789353462338E-005   100.98357466000000        100.98357466000000        35.602460720000003     
   76163110709.482101        9.7801808049227085E+028   4.5866466050916505E-005   100.45694125999999        100.45694125999999        35.529627769999998     
   72536295913.792480        9.2054569283467278E+028   4.3682348619920488E-005   99.934860209999997        99.934860209999997        35.456797840000000     
   69082186584.564270        8.6634758035104432E+028   4.1602236780876657E-005   99.417296750000006        99.417296750000006        35.383977909999999     
   65792558651.965965        8.1524868484482421E+028   3.9621177886549192E-005   98.904216410000004        98.904216410000004        35.311174870000002     
   62659579668.539009        7.6708212966131399E+028   3.7734455130046845E-005   98.395585030000007        98.395585030000007        35.238395490000002     
   59675790160.513336        7.2168893144039436E+028   3.5937576314330329E-005   97.891368760000006        97.891368760000006        35.165646440000003     
   56834085867.155556        6.7891772201668729E+028   3.4226263156505072E-005   97.391534050000004        97.391534050000004        35.092934309999997     
   54127700825.862434        6.3862447721141384E+028   3.2596441101433399E-005   96.896047629999998        96.896047629999998        35.020265580000000     
   51550191262.726128        6.0067225045445688E+028   3.1044229620412768E-005   96.404876549999997        96.404876549999997        34.947646620000000     
   49095420250.215355        5.6493091004921203E+028   2.9565932971821675E-005   95.917988149999999        95.917988149999999        34.875083730000000     
   46757543095.443192        5.3127687951951102E+028   2.8158031401734928E-005   95.435350040000003        95.435350040000003        34.802583100000000     
   44530993424.231606        4.9959288091549920E+028   2.6817172763557072E-005   94.956930150000005        94.956930150000005        34.730150819999999     
   42410469927.839622        4.6976768124777876E+028   2.5540164536721019E-005   94.482696680000004        94.482696680000004        34.657792909999998     
   40390923740.799637        4.4169584240417842E+028   2.4323966225448586E-005   94.012618130000007        94.012618130000007        34.585515289999996     
   38467546419.809174        4.1527747500739921E+028   2.3165682119474839E-005   93.546663260000003        93.546663260000003        34.513323759999999     
   36635758495.056351        3.9041799671774790E+028   2.2062554399499846E-005   93.084801139999996        93.084801139999996        34.441224089999999     
   34891198566.720329        3.6702789548928388E+028   2.1011956570952232E-005   92.627001100000001        92.627001100000001        34.369221899999999     
   33229712920.686028        3.4502249826272944E+028   2.0011387210430700E-005   92.173232769999998        92.173232769999998        34.297322780000002     
   31647345638.748596        3.2432174553532486E+028   1.9058464009933994E-005   91.723466040000005        91.723466040000005        34.225532180000002     
   30140329179.760567        3.0484997219233567E+028   1.8150918104699044E-005   91.277671089999998        91.277671089999998        34.153855520000000     
   28705075409.295776        2.8653569492388208E+028   1.7286588671141947E-005   90.835818360000005        90.835818360000005        34.082298090000002     
   27338167056.472168        2.6931140648741210E+028   1.6463417782039949E-005   90.397878570000003        90.397878570000003        34.010865129999999     
   26036349577.592541        2.5311337701363439E+028   1.5679445506704712E-005   89.963822699999994        89.963822699999994        33.939561779999998     
   24796523407.230991        2.3788146249384257E+028   1.4932805244480679E-005   89.533622010000002        89.533622010000002        33.868393110000000     
   23615736578.315228        2.2355892053078647E+028   1.4221719280457788E-005   89.107248040000002        89.107248040000002        33.797364100000003     
   22491177693.633549        2.1009223338413274E+028   1.3544494552816938E-005   88.684672559999996        88.684672559999996        33.726479670000003     
   21420169232.031952        1.9743093829579103E+028   1.2899518621730420E-005   88.265867630000002        88.265867630000002        33.655744650000003     
   20400161173.363762        1.8552746503964966E+028   1.2285255830219446E-005   87.850805570000006        87.850805570000006        33.585163780000002     
   19428724927.013107        1.7433698060506559E+028   1.1700243647828043E-005   87.439458950000002        87.439458950000002        33.514741770000001     
   18503547549.536293        1.6381724089320686E+028   1.1143089188407661E-005   87.031800619999999        87.031800619999999        33.444483200000001     
   17622426237.653610        1.5392844927966004E+028   1.0612465893721581E-005   86.627803650000004        86.627803650000004        33.374392620000002     
   16783263083.479630        1.4463312187580101E+028   1.0107110374972935E-005   86.227441409999997        86.227441409999997        33.304474499999998     
   15984060079.504408        1.3589595930411434E+028   9.6258194047361274E-006   85.830687499999996        85.830687499999996        33.234733210000002     
   15222914361.432768        1.2768372478939202E+028   9.1674470521296432E-006   85.437515770000005        85.437515770000005        33.165173090000003     
   14498013677.555016        1.1996512835735693E+028   8.7309019544091836E-006   85.047900339999998        85.047900339999998        33.095798389999999     
   13807632073.861919        1.1271071692504896E+028   8.3151447184849366E-006   84.661815559999994        84.661815559999994        33.026613300000001     
   13150125784.630400        1.0589277006244661E+028   7.9191854461761306E-006   84.279236049999994        84.279236049999994        32.957621930000002     
   12523929318.695618        9.9485201202233897E+027   7.5420813773106001E-006   83.900136660000001        83.900136660000001        32.888828330000003     
   11927551732.091064        9.3463464073879590E+027   7.1829346450577139E-006   83.524492499999994        83.524492499999994        32.820236510000001     
   11359573078.181965        8.7804464139177211E+027   6.8408901381502031E-006   83.152278920000001        83.152278920000001        32.751850370000000     
   10818641026.839966        8.2486474808532804E+027   6.5151334649049547E-006   82.783471500000005        82.783471500000005        32.683673790000000     
   10303467644.609491        7.7489058220907313E+027   6.2048890141951952E-006   82.418046099999998        82.418046099999998        32.615710559999997     
   9812826328.1995144        7.2792990374464900E+027   5.9094181087573285E-006   82.055978780000004        82.055978780000004        32.547964430000000     
   9345548883.9995365        6.8380190400272381E+027   5.6280172464355505E-006   81.697245859999995        81.697245859999995        32.480439070000003     
   8900522746.6662254        6.4233653776986651E+027   5.3600164251767149E-006   81.341823910000002        81.341823910000002        32.413138099999998     
   8476688330.1583090        6.0337389290773315E+027   5.1047775477873466E-006   80.989689709999993        80.989689709999993        32.346065080000002     
   8073036504.9126749        5.6676359551106688E+027   4.8616929026546153E-006   80.640820300000001        80.640820300000001        32.279223530000003     
   7688606195.1549282        5.3236424880039542E+027   4.6301837168139190E-006   80.295192959999994        80.295192959999994        32.212616879999999     
   7322482090.6237411        5.0004290399334027E+027   4.4096987779180181E-006   79.952785180000006        79.952785180000006        32.146248540000002     
   6973792467.2607059        4.6967456146944430E+027   4.1997131218266841E-006   79.613574709999995        79.613574709999995        32.080121849999998     
   6641707111.6768627        4.4114170061379618E+027   3.9997267826920809E-006   79.277539509999997        79.277539509999997        32.014240080000000     
   6325435344.4541550        4.1433383679446135E+027   3.8092636025638863E-006   78.944657800000002        78.944657800000002        31.948606490000000     
   6024224137.5753851        3.8914710399823925E+027   3.6278700976798912E-006   78.614908000000000        78.614908000000000        31.883224240000001     
   5737356321.5003662        3.6548386171744018E+027   3.4551143787427535E-006   78.288268790000004        78.288268790000004        31.818096480000001     
   5464148877.6193962        3.4325232474661327E+027   3.2905851226121455E-006   77.964719049999999        77.964719049999999        31.753226290000001     
   5203951312.0184727        3.2236621461358646E+027   3.1338905929639480E-006   77.644237919999995        77.644237919999995        31.688616700000001     
   4956144106.6842594        3.0274443143192929E+027   2.9846577075847128E-006   77.326804749999994        77.326804749999994        31.624270700000000     
   4720137244.4611988        2.8431074502293103E+027   2.8425311500806782E-006   77.012399110000004        77.012399110000004        31.560191240000002     
   4495368804.2487602        2.6699350421450788E+027   2.7071725238863599E-006   76.701000809999996        76.701000809999996        31.496381199999998     
   4281303623.0940576        2.5072536328059550E+027   2.5782595465584382E-006   76.392589889999996        76.392589889999996        31.432843460000001     
   4077432021.9943404        2.3544302453967784E+027   2.4554852824366076E-006   76.087146599999997        76.087146599999997        31.369580800000001     
   3883268592.3755622        2.2108699618291266E+027   2.3385574118443882E-006   75.784651429999997        75.784651429999997        31.306595999999999     
   3698351040.3576779        2.0760136445253354E+027   2.2271975350898932E-006   75.485085080000005        75.485085080000005        31.243891789999999     
   3522239086.0549312        1.9493357933905126E+027   2.1211405096094222E-006   75.188428479999999        75.188428479999999        31.181470839999999     
   3354513415.2904105        1.8303425301117365E+027   2.0201338186756401E-006   74.894662780000004        74.894662780000004        31.119335800000002     
   3194774681.2289624        1.7185697023603749E+027   1.9239369701672763E-006   74.603769369999995        74.603769369999995        31.057489289999999     
   3042642553.5513926        1.6135811008857355E+027   1.8323209239688344E-006   74.315729829999995        74.315729829999995        30.995933850000000     
   2897754812.9060879        1.5149667828817294E+027   1.7450675466369847E-006   74.030525979999993        74.030525979999993        30.934672039999999     
   2759766488.4819884        1.4223414953821816E+027   1.6619690920352237E-006   73.748139870000003        73.748139870000003        30.873706330000001     
   2628349036.6495128        1.3353431927936445E+027   1.5828277067002130E-006   73.468553760000006        73.468553760000006        30.813039209999999     
   2503189558.7138214        1.2536316430122306E+027   1.5074549587621076E-006   73.191750119999995        73.191750119999995        30.752673080000001     
   2383990055.9179249        1.1768871168876099E+027   1.4356713892972450E-006   72.917711659999995        72.917711659999995        30.692610360000000     
   2270466719.9218330        1.1048091561002984E+027   1.3673060850449950E-006   72.646421300000000        72.646421300000000        30.632853399999998     
   2162349257.0684123        1.0371154148019217E+027   1.3021962714714239E-006   72.377862179999994        72.377862179999994        30.573404530000001     
   2059380244.8270593        9.7354057063955725E+026   1.2401869252108800E-006   72.112017660000006        72.112017660000006        30.514266060000001     
   1961314518.8829136        9.1383530103815637E+026   1.1811304049627427E-006   71.848871310000007        71.848871310000007        30.455440270000000     
   1867918589.4122987        8.5776532085805752E+026   1.1248860999645169E-006   71.588406939999999        71.588406939999999        30.396929400000001     
   1778970085.1545701        8.0511047776980451E+026   1.0713200952043018E-006   71.330608560000002        71.330608560000002        30.338735669999998     
   1694257223.9567335        7.5566390190457171E+026   1.0203048525755255E-006   71.075460399999997        71.075460399999997        30.280861280000000     
   1613578308.5302222        7.0923120654027062E+026   9.7171890721478620E-007   70.822946930000001        70.822946930000001        30.223308410000001     
   1536741246.2192593        6.6562973677459019E+026   9.2544657829979635E-007   70.573052799999999        70.573052799999999        30.166079199999999     
   1463563091.6373897        6.2468786331612666E+026   8.8137769361885362E-007   70.325762909999995        70.325762909999995        30.109175780000001     
   1393869611.0832281        5.8624431869470970E+026   8.3940732725605093E-007   70.081062369999998        70.081062369999998        30.052600250000001     
   1327494867.6983125        5.5014757335189613E+026   7.9943554976766757E-007   69.838936500000003        69.838936500000003        29.996354700000001     
   1264280826.3793452        5.1625524922294990E+026   7.6136719025492147E-007   69.599370840000006        69.599370840000006        29.940441199999999     
   1204076977.5041382        4.8443356856441829E+026   7.2511160976659184E-007   69.362351149999995        69.362351149999995        29.884861799999999     
   1146739978.5753696        4.5455683591386490E+026   6.9058248549199209E-007   69.127863419999997        69.127863419999997        29.829618530000001     
   1092133312.9289234        4.2650695119546790E+026   6.5769760523046873E-007   68.895893839999999        68.895893839999999        29.774713410000000     
   1040126964.6942128        4.0017295210264173E+026   6.2637867164806541E-007   68.666428819999993        68.666428819999993        29.720148439999999     
   990597109.23258352        3.7545058400089048E+026   5.9655111585530036E-007   68.439454990000002        68.439454990000002        29.665925609999999     
   943425818.31674612        3.5224189569910779E+026   5.6814391986219079E-007   68.214959199999996        68.214959199999996        29.612046899999999     
   898500779.34928203        3.3045485953578351E+026   5.4108944748780070E-007   67.992928520000007        67.992928520000007        29.558514280000001     
   855715027.95169711        3.1000301432017920E+026   5.1532328332171490E-007   67.773350219999998        67.773350219999998        29.505329700000001     
   814966693.28733051        2.9080512975534571E+026   4.9078407935401422E-007   67.556211800000000        67.556211800000000        29.452495110000001     
   776158755.51174331        2.7278489105255234E+026   4.6741340890858493E-007   67.341500980000006        67.341500980000006        29.400012459999999     
   739198814.77308881        2.5587060252365369E+026   4.4515562753198562E-007   67.129205690000006        67.129205690000006        29.347883679999999     
   703998871.21246552        2.3999490901100173E+026   4.2395774050665292E-007   66.919314069999999        66.919314069999999        29.296110700000000     
   670475115.44044328        2.2509453408262499E+026   4.0376927667300282E-007   66.711814480000001        66.711814480000001        29.244695440000001     
   638547728.99089837        2.1111003398496072E+026   3.8454216826000264E-007   66.506695510000000        66.506695510000000        29.193639829999999     
   608140694.27704608        1.9798556640573749E+026   3.6623063643809777E-007   66.303945920000004        66.303945920000004        29.142945789999999     
   579181613.59718668        1.8566867315663077E+026   3.4879108232199788E-007   66.103554740000007        66.103554740000007        29.092615230000000     
   551601536.75922537        1.7411007593866454E+026   3.3218198316380743E-007   65.905511169999997        65.905511169999997        29.042650089999999     
   525334796.91354799        1.6326348440360675E+026   3.1636379348934041E-007   65.709804640000002        65.709804640000002        28.993052280000001     
   500318854.20337903        1.5308541577206346E+026   3.0129885094222901E-007   65.516424779999994        65.516424779999994        28.943823720000001     
   476494146.86036098        1.4353502531308605E+026   2.8695128661164664E-007   65.325361439999995        65.325361439999995        28.894966360000002     
   453803949.39081997        1.3457394703220879E+026   2.7328693963013967E-007   65.136604669999997        65.136604669999997        28.846482110000000     
   432194237.51506662        1.2616614395378472E+026   2.6027327583822821E-007   64.950144730000005        64.950144730000005        28.798372929999999     
   411613559.53815866        1.1827776742068570E+026   2.4787931032212208E-007   64.765972079999997        64.765972079999997        28.750640749999999     
   392012913.84586537        1.1087702486888290E+026   2.3607553364011627E-007   64.584077379999997        64.584077379999997        28.703287530000001     
   373345632.23415750        1.0393405556718213E+026   2.2483384156201551E-007   64.404451490000000        64.404451490000000        28.656315240000001     
   355567268.79443568        9.7420813842998186E+025   2.1412746815430044E-007   64.227085489999993        64.227085489999993        28.609725839999999     
   338635494.08993870        9.1310959343792118E+025   2.0393092205171471E-007   64.051970609999998        64.051970609999998        28.563521330000000     
   322509994.37137020        8.5579753911021644E+025   1.9421992576353783E-007   63.879098319999997        63.879098319999997        28.517703690000001     
   307152375.59178114        8.0203964668721975E+025   1.8497135787003603E-007   63.708460240000001        63.708460240000001        28.472274930000001     
   292526071.99217248        7.5161772952932366E+025   1.7616319797146284E-007   63.540048200000001        63.540048200000001        28.427237080000001     
   278596259.04016423        7.0432688730517348E+025   1.6777447425853603E-007   63.373854190000003        63.373854190000003        28.382592160000002     
   265329770.51444212        6.5997470177164226E+025   1.5978521357955813E-007   63.209870389999999        63.209870389999999        28.338342220000001     
   252695019.53756392        6.1838048104116555E+025   1.5217639388529345E-007   63.048089150000003        63.048089150000003        28.294489330000001     
   240661923.36910850        5.7937454941981592E+025   1.4492989893837469E-007   62.888502979999998        62.888502979999998        28.251035559999998     
   229201831.78010333        5.4279758007332457E+025   1.3802847517940449E-007   62.731104539999997        62.731104539999997        28.207983010000000     
   218287458.83819363        5.0849996794464857E+025   1.3145569064705188E-007   62.575886670000003        62.575886670000003        28.165333780000001     
   207892817.94113678        4.7634124050081943E+025   1.2519589585433511E-007   62.422842330000002        62.422842330000002        28.123089990000000     
   197993159.94393978        4.4618950403255844E+025   1.1923418652793820E-007   62.271964640000000        62.271964640000000        28.081253780000001     
   188564914.23232359        4.1792092336714451E+025   1.1355636812184590E-007   62.123246840000000        62.123246840000000        28.039827320000001     
   179585632.60221294        3.9141923298361441E+025   1.0814892202080561E-007   61.976682289999999        61.976682289999999        27.998812749999999     
   171033935.81163135        3.6657527764041776E+025   1.0299897335314820E-007   61.832264469999998        61.832264469999998        27.958212280000001     
   162889462.67774415        3.4328658073879949E+025   9.8094260336331606E-008   61.689986959999999        61.689986959999999        27.918028090000000     
   155132821.59785157        3.2145693875277302E+025   9.3423105082220601E-008   61.549843430000003        61.549843430000003        27.878262390000000     
   147745544.37890625        3.0099604015618765E+025   8.8974385792591023E-008   61.411827639999998        61.411827639999998        27.838917420000001     
   140710042.26562500        2.8181910737212487E+025   8.4737510278658113E-008   61.275933420000001        61.275933420000001        27.799995389999999     
   134009564.06250000        2.6384656035856156E+025   8.0702390741579174E-008   61.142154630000000        61.142154630000000        27.761498560000000     
   127628156.25000000        2.4700370052720707E+025   7.6859419753884931E-008   61.010485209999999        61.010485209999999        27.723429169999999     
   121550625.00000000        2.3122041377130477E+025   7.3199447384652299E-008   60.880919100000000        60.880919100000000        27.685789480000000     
   115762500.00000000        2.1643089145123356E+025   6.9713759413954581E-008   60.753450270000002        60.753450270000002        27.648581750000002     
   110250000.00000000        2.0257336825647188E+025   6.6394056584718646E-008   60.628072660000001        60.628072660000001        27.611808239999998     
   105000000.00000000        1.8958987592692429E+025   6.3232434842589180E-008   60.504780210000000        60.504780210000000        27.575471210000000     
   100000000.00000000        1.7742601187848751E+025   6.0221366516751598E-008   60.383566829999999        60.383566829999999        27.539572910000000     
