#     Accreting EOS, Mackie-Baym
#      P            ro           nbar        hcell      Ncell   N   Z      nnuc          nout         energ     log(tpyc)    miun-      miun+      miuno      miuel
  0.16022E+26   0.89663E+08   0.54035E-07   931.0118      56   30  26   0.96490E-09    0.0000        0.0000       0.126E+04 -14.81     -5.571      0.000      1.348    
  0.19226E+26   0.10237E+09   0.61693E-07   931.0464      56   30  26   0.11017E-08    0.0000        0.0000       0.123E+04 -14.81     -5.571      0.000      1.425    
  0.24033E+26   0.12046E+09   0.72588E-07   931.0912      56   30  26   0.12962E-08    0.0000        0.0000       0.119E+04 -14.81     -5.571      0.000      1.526    
  0.32044E+26   0.14865E+09   0.89572E-07   931.1530      56   30  26   0.15995E-08    0.0000        0.0000       0.114E+04 -14.81     -5.571      0.000      1.665    
  0.48066E+26   0.20014E+09   0.12059E-06   931.2486      56   30  26   0.21534E-08    0.0000        0.0000       0.107E+04 -14.81     -5.571      0.000      1.880    
  0.64088E+26   0.24732E+09   0.14901E-06   931.3229      56   30  26   0.26609E-08    0.0000        0.0000       0.103E+04 -14.81     -5.571      0.000      2.047    
  0.80109E+26   0.29155E+09   0.17565E-06   931.3846      56   30  26   0.31366E-08    0.0000        0.0000        994.     -14.81     -5.571      0.000      2.185    
  0.96131E+26   0.33357E+09   0.20095E-06   931.4378      56   30  26   0.35884E-08    0.0000        0.0000        967.     -14.81     -5.570      0.000      2.305    
  0.11215E+27   0.37383E+09   0.22520E-06   931.4848      56   30  26   0.40214E-08    0.0000        0.0000        945.     -14.81     -5.570      0.000      2.410    
  0.12818E+27   0.41265E+09   0.24858E-06   931.5270      56   30  26   0.44389E-08    0.0000        0.0000        926.     -14.81     -5.570      0.000      2.505    
  0.14420E+27   0.45026E+09   0.27122E-06   931.5655      56   30  26   0.48433E-08    0.0000        0.0000        909.     -14.81     -5.570      0.000      2.591    
  0.16022E+27   0.48682E+09   0.29324E-06   931.6009      56   30  26   0.52364E-08    0.0000        0.0000        894.     -14.81     -5.570      0.000      2.671    
  0.19226E+27   0.55729E+09   0.33567E-06   931.6646      56   30  26   0.59942E-08    0.0000        0.0000        870.     -14.81     -5.570      0.000      2.814    
  0.24033E+27   0.65769E+09   0.39612E-06   931.7467      56   30  26   0.70736E-08    0.0000        0.0000        840.     -14.81     -5.570      0.000      2.998    
  0.32044E+27   0.81448E+09   0.49051E-06   931.8598      56   30  26   0.87591E-08    0.0000        0.0000        802.     -14.81     -5.570      0.000      3.252    
  0.48066E+27   0.11014E+10   0.66321E-06   932.0340      56   30  26   0.11843E-07    0.0000        0.0000        752.     -14.81     -5.570      0.000      3.643    
  0.64088E+27   0.13647E+10   0.82169E-06   932.1690      56   30  26   0.14673E-07    0.0000        0.0000        718.     -14.81     -5.570      0.000      3.946    
  0.65170E+27   0.13819E+10   0.83201E-06   932.1772      56   30  26   0.14857E-07    0.0000        0.0000        716.     -14.81     -5.570      0.000      3.964    
  0.65170E+27   0.14946E+10   0.89987E-06   932.1404      56   32  24   0.16069E-07    0.0000      -0.36802E-01    648.     -8.636     -6.659      0.000      3.962    
  0.80109E+27   0.17433E+10   0.10495E-05   932.2362      56   32  24   0.18742E-07    0.0000        0.0000        626.     -8.636     -6.659      0.000      4.194    
  0.96131E+27   0.19974E+10   0.12024E-05   932.3251      56   32  24   0.21472E-07    0.0000        0.0000        607.     -8.636     -6.659      0.000      4.410    
  0.11215E+28   0.22410E+10   0.13490E-05   932.4035      56   32  24   0.24089E-07    0.0000        0.0000        592.     -8.636     -6.659      0.000      4.600    
  0.12818E+28   0.24760E+10   0.14904E-05   932.4740      56   32  24   0.26614E-07    0.0000        0.0000        578.     -8.636     -6.659      0.000      4.771    
  0.14420E+28   0.27038E+10   0.16274E-05   932.5382      56   32  24   0.29060E-07    0.0000        0.0000        567.     -8.636     -6.659      0.000      4.927    
  0.16022E+28   0.29252E+10   0.17606E-05   932.5972      56   32  24   0.31439E-07    0.0000        0.0000        557.     -8.636     -6.658      0.000      5.070    
  0.24033E+28   0.39611E+10   0.23836E-05   932.8398      56   32  24   0.42564E-07    0.0000        0.0000        519.     -8.636     -6.658      0.000      5.658    
  0.32044E+28   0.49122E+10   0.29555E-05   933.0275      56   32  24   0.52776E-07    0.0000        0.0000        493.     -8.637     -6.658      0.000      6.114    
  0.48066E+28   0.66541E+10   0.40026E-05   933.3164      56   32  24   0.71474E-07    0.0000        0.0000        458.     -8.637     -6.658      0.000      6.815    
  0.64088E+28   0.82538E+10   0.49639E-05   933.5400      56   32  24   0.88641E-07    0.0000        0.0000        435.     -8.637     -6.657      0.000      7.357    
  0.80109E+28   0.97556E+10   0.58662E-05   933.7250      56   32  24   0.10475E-06    0.0000        0.0000        417.     -8.638     -6.657      0.000      7.806    
  0.80109E+28   0.97556E+10   0.58662E-05   933.7250      56   32  24   0.10475E-06    0.0000        0.0000        417.     -8.638     -6.657      0.000      7.806    
  0.95691E+28   0.11145E+11   0.67010E-05   933.8799      56   32  24   0.11966E-06    0.0000        0.0000        403.     -8.638     -6.657      0.000      8.181    
  0.95691E+28   0.12139E+11   0.72980E-05   933.8441      56   34  22   0.13032E-06    0.0000      -0.35760E-01    360.     -6.899     -3.496      0.000      8.177    
  0.96131E+28   0.12181E+11   0.73232E-05   933.8479      56   34  22   0.13077E-06    0.0000        0.0000        360.     -6.899     -3.496      0.000      8.186    
  0.11215E+29   0.13672E+11   0.82191E-05   933.9767      56   34  22   0.14677E-06    0.0000        0.0000        349.     -6.899     -3.496      0.000      8.526    
  0.12818E+29   0.15111E+11   0.90834E-05   934.0923      56   34  22   0.16220E-06    0.0000        0.0000        340.     -6.899     -3.496      0.000      8.832    
  0.14420E+29   0.16506E+11   0.99210E-05   934.1976      56   34  22   0.17716E-06    0.0000        0.0000        332.     -6.899     -3.496      0.000      9.110    
  0.16022E+29   0.17863E+11   0.10736E-04   934.2945      56   34  22   0.19171E-06    0.0000        0.0000        325.     -6.899     -3.496      0.000      9.365    
  0.24033E+29   0.24209E+11   0.14545E-04   934.6921      56   34  22   0.25974E-06    0.0000        0.0000        299.     -6.899     -3.496      0.000      10.41    
  0.32044E+29   0.30040E+11   0.18044E-04   934.9997      56   34  22   0.32221E-06    0.0000        0.0000        282.     -6.899     -3.496      0.000      11.23    
  0.48066E+29   0.40720E+11   0.24450E-04   935.4728      56   34  22   0.43660E-06    0.0000        0.0000        258.     -6.899     -3.496      0.000      12.48    
  0.64088E+29   0.50532E+11   0.30332E-04   935.8388      56   34  22   0.54165E-06    0.0000        0.0000        242.     -6.899     -3.496      0.000      13.44    
  0.80109E+29   0.59745E+11   0.35854E-04   936.1414      56   34  22   0.64024E-06    0.0000        0.0000        230.     -6.899     -3.496      0.000      14.24    
  0.96131E+29   0.68507E+11   0.41104E-04   936.4016      56   34  22   0.73399E-06    0.0000        0.0000        221.     -6.899     -3.496      0.000      14.93    
  0.11215E+30   0.76912E+11   0.46138E-04   936.6310      56   34  22   0.82389E-06    0.0000        0.0000        213.     -6.898     -3.496      0.000      15.53    
  0.11520E+30   0.78478E+11   0.47076E-04   936.6719      56   34  22   0.84064E-06    0.0000        0.0000        211.     -6.898     -3.496      0.000      15.64    
  0.11520E+30   0.86186E+11   0.51695E-04   936.6246      56   36  20   0.92312E-06    0.0000      -0.47272E-01    184.     -4.523     -1.180      0.000      15.63    
  0.12818E+30   0.93373E+11   0.55998E-04   936.7750      56   36  20   0.99997E-06    0.0000        0.0000        179.     -4.523     -1.180      0.000      16.07    
  0.14420E+30   0.10201E+12   0.61167E-04   936.9458      56   36  20   0.10923E-05    0.0000        0.0000        174.     -4.523     -1.180      0.000      16.56    
  0.16022E+30   0.11040E+12   0.66194E-04   937.1029      56   36  20   0.11820E-05    0.0000        0.0000        170.     -4.523     -1.180      0.000      17.02    
  0.24033E+30   0.14969E+12   0.89706E-04   937.7476      56   36  20   0.16019E-05    0.0000        0.0000        152.     -4.523     -1.179      0.000      18.88    
  0.32044E+30   0.18580E+12   0.11130E-03   938.2464      56   36  20   0.19874E-05    0.0000        0.0000        141.     -4.523     -1.179      0.000      20.33    
  0.47468E+30   0.24960E+12   0.14942E-03   938.9885      56   36  20   0.26683E-05    0.0000        0.0000        125.     -4.523     -1.179      0.000      22.48    
  0.47468E+30   0.27688E+12   0.16573E-03   938.9424      56   38  18   0.29595E-05    0.0000      -0.46144E-01    106.     -2.287     0.9935      0.000      22.46    
  0.48066E+30   0.27949E+12   0.16729E-03   938.9647      56   38  18   0.29874E-05    0.0000        0.0000        105.     -2.287     0.9935      0.000      22.54    
  0.64088E+30   0.34692E+12   0.20756E-03   939.4997      56   38  18   0.37065E-05    0.0000        0.0000        95.6     -2.287     0.9936      0.000      24.25    
  0.80109E+30   0.41023E+12   0.24536E-03   939.9420      56   38  18   0.43814E-05    0.0000        0.0000        88.4     -2.287     0.9937      0.000      25.67    
  0.96131E+30   0.47046E+12   0.28129E-03   940.3221      56   38  18   0.50231E-05    0.0000        0.0000        82.7     -2.287     0.9939      0.000      26.89    
  0.11215E+31   0.52824E+12   0.31576E-03   940.6574      56   38  18   0.56385E-05    0.0000        0.0000        78.0     -2.286     0.9940      0.000      27.97    
  0.12818E+31   0.58400E+12   0.34900E-03   940.9584      56   38  18   0.62322E-05    0.0000        0.0000        73.9     -2.286     0.9941      0.000      28.94    
  0.13612E+31   0.61101E+12   0.36510E-03   941.0974      56   38  18   0.65197E-05    0.0000        0.0000        72.1     -2.286     0.9942      0.000      29.38    
  0.13612E+31   0.68479E+12   0.40911E-03   941.0376      56   36  16   0.73055E-05   0.29291E-04  -0.59766E-01    56.1     -1.526      1.862     0.2618      29.34    
  0.14420E+31   0.71508E+12   0.42716E-03   941.1588      56   36  16   0.76279E-05   0.30587E-04    0.0000        54.7     -1.525      1.863     0.2674      29.77    
  0.16022E+31   0.77397E+12   0.46226E-03   941.3849      56   36  16   0.82546E-05   0.33107E-04    0.0000        52.1     -1.524      1.864     0.2778      30.58    
  0.19803E+31   0.90748E+12   0.54179E-03   941.8582      56   36  16   0.96749E-05   0.38821E-04    0.0000        47.0     -1.522      1.866     0.3003      32.27    
  0.19803E+31   0.10262E+13   0.61259E-03   941.7302      56   32  14   0.10939E-04   0.10973E-03  -0.12803        33.4     -1.447      2.166     0.5034      32.15    
  0.22534E+31   0.11306E+13   0.67477E-03   941.9978      56   32  14   0.12049E-04   0.12091E-03    0.0000        30.9     -1.444      2.169     0.5286      33.22    
  0.22534E+31   0.12938E+13   0.77207E-03   941.8543      56   28  12   0.13787E-04   0.22135E-03  -0.14347        19.1     -1.353      2.534     0.7182      33.01    
  0.24033E+31   0.13576E+13   0.81003E-03   941.9743      56   28  12   0.14465E-04   0.23227E-03    0.0000        18.2     -1.351      2.536     0.7361      33.55    
  0.26374E+31   0.14552E+13   0.86815E-03   942.1510      56   28  12   0.15503E-04   0.24900E-03    0.0000        16.8     -1.348      2.538     0.7626      34.34    
  0.26374E+31   0.17022E+13   0.10158E-02   941.6430     112   48  20   0.90694E-05   0.40063E-03  -0.34647        72.2    -0.4287      2.482     0.9719      34.05    
  0.26374E+31   0.17022E+13   0.10158E-02   941.6430     112   48  20   0.90694E-05   0.40063E-03  -0.50791        72.2    -0.4287      2.482     0.9719      34.05    
  0.27708E+31   0.17657E+13   0.10536E-02   941.7247     112   48  20   0.94073E-05   0.41561E-03    0.0000        70.6    -0.4270      2.483     0.9903      34.47    
  0.27708E+31   0.19114E+13   0.11405E-02   941.6590     112   44  18   0.10183E-04   0.51120E-03  -0.65788E-01    56.6    -0.2913      2.760      1.101      34.17    
  0.32160E+31   0.21341E+13   0.12731E-02   941.8934     112   44  18   0.11367E-04   0.57092E-03    0.0000        52.4    -0.2855      2.766      1.164      35.47    
  0.32160E+31   0.23186E+13   0.13831E-02   941.8218     112   40  16   0.12349E-04   0.69462E-03  -0.71575E-01    40.2    -0.1263      3.087      1.286      35.05    
  0.38246E+31   0.26340E+13   0.15710E-02   942.0844     112   40  16   0.14026E-04   0.78943E-03    0.0000        36.2    -0.1181      3.095      1.373      36.59    
  0.38246E+31   0.28712E+13   0.17123E-02   942.0065     112   36  14   0.15289E-04   0.95254E-03  -0.77886E-01    25.7     0.7162E-01  3.474      1.510      36.01    
  0.46993E+31   0.33379E+13   0.19902E-02   942.3084     112   36  14   0.17770E-04   0.11080E-02    0.0000        21.9     0.8354E-01  3.486      1.630      37.89    
  0.46993E+31   0.36479E+13   0.21749E-02   942.2237     112   32  12   0.19418E-04   0.13277E-02  -0.84649E-01    13.0     0.3139      3.940      1.785      37.06    
  0.48066E+31   0.37081E+13   0.22108E-02   942.2550     112   32  12   0.19739E-04   0.13498E-02    0.0000        12.7     0.3154      3.941      1.800      37.26    
  0.60437E+31   0.43789E+13   0.26100E-02   942.5840     112   32  12   0.23303E-04   0.15951E-02    0.0000        9.49     0.3320      3.958      1.957      39.41    
  0.60437E+31   0.49819E+13   0.29699E-02   942.2752     224   48  18   0.13258E-04   0.21068E-02  -0.30880        47.2     0.8151      3.737      2.247      37.36    
  0.64088E+31   0.51955E+13   0.30970E-02   942.3519     224   48  18   0.13826E-04   0.21975E-02    0.0000        45.6     0.8194      3.741      2.295      37.89    
  0.72329E+31   0.56653E+13   0.33766E-02   942.5143     224   48  18   0.15074E-04   0.23972E-02    0.0000        42.4     0.8286      3.751      2.396      39.01    
  0.72329E+31   0.59150E+13   0.35253E-02   942.4848     224   44  16   0.15738E-04   0.25970E-02  -0.29519E-01    33.1      1.050      4.112      2.492      38.04    
  0.80109E+31   0.63614E+13   0.37910E-02   942.6205     224   44  16   0.16924E-04   0.27940E-02    0.0000        30.8      1.058      4.121      2.583      38.99    
  0.92386E+31   0.70414E+13   0.41956E-02   942.8168     224   44  16   0.18730E-04   0.30944E-02    0.0000        27.7      1.071      4.133      2.716      40.34    
  0.92386E+31   0.73415E+13   0.43743E-02   942.7858     224   40  14   0.19528E-04   0.33429E-02  -0.30984E-01    19.9      1.326      4.550      2.820      39.11    
  0.96131E+31   0.75512E+13   0.44990E-02   942.8397     224   40  14   0.20085E-04   0.34389E-02    0.0000        19.2      1.330      4.554      2.860      39.49    
  0.11215E+32   0.84228E+13   0.50175E-02   943.0548     224   40  14   0.22400E-04   0.38383E-02    0.0000        16.4      1.346      4.570      3.017      40.97    
  0.12276E+32   0.89799E+13   0.53488E-02   943.1855     224   40  14   0.23879E-04   0.40939E-02    0.0000        14.9      1.356      4.579      3.113      41.86    
  0.12276E+32   0.93445E+13   0.55665E-02   943.0504     448   70  24   0.12425E-04   0.44333E-02  -0.13509        77.7      2.089      4.491      3.235      40.28    
  0.12818E+32   0.96330E+13   0.57381E-02   943.1112     448   70  24   0.12808E-04   0.45710E-02    0.0000        75.8      2.093      4.495      3.283      40.69    
  0.14420E+32   0.10466E+14   0.62337E-02   943.2813     448   70  24   0.13914E-04   0.49692E-02    0.0000        70.8      2.104      4.506      3.418      41.85    
  0.14625E+32   0.10571E+14   0.62960E-02   943.3022     448   70  24   0.14053E-04   0.50193E-02    0.0000        70.2      2.106      4.508      3.435      41.99    
  0.14625E+32   0.10766E+14   0.64119E-02   943.2907     448   66  22   0.14312E-04   0.51965E-02  -0.11502E-01    61.2      2.313      4.793      3.493      41.02    
  0.16022E+32   0.11478E+14   0.68354E-02   943.4247     448   66  22   0.15258E-04   0.55428E-02    0.0000        57.8      2.323      4.802      3.603      41.92    
  0.18164E+32   0.12535E+14   0.74637E-02   943.6151     448   66  22   0.16660E-04   0.60573E-02    0.0000        53.2      2.337      4.816      3.760      43.18    
  0.18164E+32   0.12754E+14   0.75941E-02   943.6038     448   62  20   0.16951E-04   0.62630E-02  -0.11323E-01    45.5      2.562      5.127      3.821      42.06    
  0.23041E+32   0.15061E+14   0.89654E-02   943.9785     448   62  20   0.20012E-04   0.74066E-02    0.0000        38.0      2.592      5.156      4.140      44.48    
  0.23041E+32   0.15308E+14   0.91120E-02   943.9676     448   58  18   0.20339E-04   0.76468E-02  -0.10875E-01    31.4      2.837      5.494      4.204      43.16    
  0.29984E+32   0.18383E+14   0.10939E-01   944.4084     448   58  18   0.24417E-04   0.91994E-02    0.0000        24.5      2.875      5.533      4.592      45.91    
  0.29984E+32   0.18659E+14   0.11103E-01   944.3984     448   54  16   0.24783E-04   0.94813E-02  -0.10038E-01    19.0      3.140      5.900      4.659      44.34    
  0.32044E+32   0.19536E+14   0.11624E-01   944.5136     448   54  16   0.25945E-04   0.99314E-02    0.0000        17.6      3.151      5.911      4.763      45.03    
  0.40275E+32   0.22865E+14   0.13600E-01   944.9288     448   54  16   0.30358E-04   0.11645E-01    0.0000        12.7      3.191      5.951      5.141      47.48    
  0.40275E+32   0.23167E+14   0.13781E-01   944.8615     896   98  28   0.15380E-04   0.12008E-01  -0.67274E-01    77.8      3.948      5.978      5.217      45.59    
  0.48066E+32   0.26132E+14   0.15540E-01   945.1981     896   98  28   0.17344E-04   0.13564E-01    0.0000        68.3      3.977      6.007      5.533      47.48    
  0.52783E+32   0.27843E+14   0.16556E-01   945.3842     896   98  28   0.18477E-04   0.14465E-01    0.0000        63.4      3.994      6.024      5.708      48.50    
  0.52783E+32   0.28101E+14   0.16709E-01   945.3817     896   98  26   0.18649E-04   0.14641E-01  -0.25226E-02    56.8      4.453      6.488      5.742      47.45    
  0.64088E+32   0.32007E+14   0.19026E-01   945.7827     896   98  26   0.21234E-04   0.16710E-01    0.0000        47.6      4.492      6.527      6.125      49.57    
  0.73108E+32   0.34933E+14   0.20761E-01   946.0700     896   98  26   0.23171E-04   0.18265E-01    0.0000        41.6      4.521      6.556      6.401      51.05    
  0.73108E+32   0.35225E+14   0.20934E-01   946.0677     896   98  24   0.23364E-04   0.18473E-01  -0.23806E-02    36.4      4.928      6.968      6.437      49.83    
  0.80109E+32   0.37407E+14   0.22228E-01   946.2733     896   98  24   0.24808E-04   0.19639E-01    0.0000        32.7      4.951      6.991      6.637      50.85    
  0.96131E+32   0.42115E+14   0.25018E-01   946.7036     896   98  24   0.27922E-04   0.22165E-01    0.0000        25.4      5.001      7.041      7.055      52.91    
  0.10214E+33   0.43790E+14   0.26010E-01   946.8529     896   98  24   0.29029E-04   0.23067E-01    0.0000        23.0      5.019      7.059      7.201      53.61    
  0.10214E+33   0.44106E+14   0.26198E-01   946.8508     896   98  22   0.29239E-04   0.23308E-01  -0.20390E-02    19.2      5.363      7.408      7.240      52.19    
  0.11215E+33   0.46812E+14   0.27801E-01   947.0863     896   98  22   0.31027E-04   0.24773E-01    0.0000        15.9      5.395      7.440      7.472      53.24    
