       0.170     140.000     200.000     313.005       Alpha_c    Bbag^1/4     Ms      Pr  ===>  E/A at P=0:     892.083


         nbar              rho           presion         ne            nu            nd            ns            mue           muu           mud           mus    
       [fm^-3]         [gm cm^-3]      [erg cm^-3]     [fm^-3]       [fm^-3]       [fm^-3]       [fm^-3]        [MeV]         [MeV]         [MeV]         [MeV]   

 1.15793047956E+00 2.32531386391E+15   5.34302E+35   1.90984E-05   1.15795E+00   1.28509E+00   1.03075E+00   1.63180E+01   4.61783E+02   4.78101E+02   4.78101E+02
 1.10213490191E+00 2.18574389694E+15   4.94616E+35   2.02900E-05   1.10216E+00   1.22785E+00   9.76397E-01   1.66505E+01   4.54244E+02   4.70894E+02   4.70894E+02
 1.05036409267E+00 2.05821964558E+15   4.58422E+35   2.15174E-05   1.05039E+00   1.17468E+00   9.26022E-01   1.69797E+01   4.47017E+02   4.63997E+02   4.63997E+02
 1.00227635493E+00 1.94152716655E+15   4.25364E+35   2.27791E-05   1.00230E+00   1.12525E+00   8.79282E-01   1.73053E+01   4.40089E+02   4.57394E+02   4.57394E+02
 9.57563053843E-01 1.83459037747E+15   3.95127E+35   2.40738E-05   9.57587E-01   1.07923E+00   8.35871E-01   1.76271E+01   4.33445E+02   4.51072E+02   4.51072E+02
 9.15945088330E-01 1.73645389068E+15   3.67429E+35   2.53997E-05   9.15970E-01   1.03635E+00   7.95511E-01   1.79450E+01   4.27073E+02   4.45018E+02   4.45018E+02
 8.77169745017E-01 1.64626809349E+15   3.42024E+35   2.67551E-05   8.77197E-01   9.96361E-01   7.57951E-01   1.82587E+01   4.20959E+02   4.39218E+02   4.39218E+02
 8.41007942855E-01 1.56327628418E+15   3.18688E+35   2.81383E-05   8.41036E-01   9.59024E-01   7.22964E-01   1.85680E+01   4.15094E+02   4.33662E+02   4.33662E+02
 8.07251773533E-01 1.48680346120E+15   2.97226E+35   2.95473E-05   8.07281E-01   9.24132E-01   6.90342E-01   1.88729E+01   4.09465E+02   4.28337E+02   4.28337E+02
 7.75712328010E-01 1.41624659468E+15   2.77461E+35   3.09801E-05   7.75743E-01   8.91496E-01   6.59898E-01   1.91732E+01   4.04061E+02   4.23235E+02   4.23235E+02
 7.46217759447E-01 1.35106613883E+15   2.59236E+35   3.24347E-05   7.46250E-01   8.60942E-01   6.31461E-01   1.94687E+01   3.98874E+02   4.18343E+02   4.18343E+02
 7.18611577102E-01 1.29077866456E+15   2.42410E+35   3.39091E-05   7.18645E-01   8.32312E-01   6.04877E-01   1.97593E+01   3.93894E+02   4.13654E+02   4.13654E+02
 6.92751105190E-01 1.23495037440E+15   2.26857E+35   3.54010E-05   6.92787E-01   8.05463E-01   5.80004E-01   2.00450E+01   3.89112E+02   4.09157E+02   4.09157E+02
 6.68506131273E-01 1.18319147634E+15   2.12464E+35   3.69084E-05   6.68543E-01   7.80263E-01   5.56713E-01   2.03255E+01   3.84519E+02   4.04845E+02   4.04845E+02
 6.45757679376E-01 1.13515120925E+15   1.99129E+35   3.84291E-05   6.45796E-01   7.56592E-01   5.34885E-01   2.06009E+01   3.80108E+02   4.00708E+02   4.00708E+02
 6.24396934372E-01 1.09051352091E+15   1.86761E+35   3.99609E-05   6.24437E-01   7.34340E-01   5.14414E-01   2.08711E+01   3.75870E+02   3.96741E+02   3.96741E+02
 6.04324266162E-01 1.04899324042E+15   1.75277E+35   4.15016E-05   6.04366E-01   7.13407E-01   4.95200E-01   2.11359E+01   3.71799E+02   3.92935E+02   3.92935E+02
 5.85448361852E-01 1.01033272200E+15   1.64603E+35   4.30490E-05   5.85491E-01   6.93700E-01   4.77154E-01   2.13954E+01   3.67887E+02   3.89283E+02   3.89283E+02
 5.67685442573E-01 9.74298876112E+14   1.54671E+35   4.46010E-05   5.67730E-01   6.75134E-01   4.60192E-01   2.16495E+01   3.64129E+02   3.85779E+02   3.85779E+02
 5.50958573021E-01 9.40680574293E+14   1.45421E+35   4.61555E-05   5.51005E-01   6.57633E-01   4.44238E-01   2.18982E+01   3.60518E+02   3.82416E+02   3.82416E+02
 5.35197024086E-01 9.09286320817E+14   1.36797E+35   4.77104E-05   5.35245E-01   6.41123E-01   4.29223E-01   2.21414E+01   3.57047E+02   3.79188E+02   3.79188E+02
 5.20335716519E-01 8.79942225959E+14   1.28750E+35   4.92637E-05   5.20385E-01   6.25539E-01   4.15083E-01   2.23791E+01   3.53712E+02   3.76091E+02   3.76091E+02
 5.06314703920E-01 8.52490177775E+14   1.21233E+35   5.08133E-05   5.06366E-01   6.10821E-01   4.01758E-01   2.26113E+01   3.50506E+02   3.73118E+02   3.73118E+02
 4.93078722742E-01 8.26786251150E+14   1.14207E+35   5.23573E-05   4.93131E-01   5.96912E-01   3.89193E-01   2.28381E+01   3.47426E+02   3.70264E+02   3.70264E+02
 4.80576775516E-01 8.02699272902E+14   1.07633E+35   5.38939E-05   4.80631E-01   5.83760E-01   3.77339E-01   2.30593E+01   3.44465E+02   3.67524E+02   3.67524E+02
 4.68761758398E-01 7.80109552845E+14   1.01478E+35   5.54213E-05   4.68817E-01   5.71318E-01   3.66150E-01   2.32751E+01   3.41619E+02   3.64895E+02   3.64895E+02
 4.57590124544E-01 7.58907753480E+14   9.57093E+34   5.69377E-05   4.57647E-01   5.59542E-01   3.55582E-01   2.34855E+01   3.38884E+02   3.62370E+02   3.62370E+02
 4.47021578866E-01 7.38993880582E+14   9.02992E+34   5.84414E-05   4.47080E-01   5.48389E-01   3.45595E-01   2.36905E+01   3.36256E+02   3.59946E+02   3.59946E+02
 4.37018802338E-01 7.20276383227E+14   8.52216E+34   5.99310E-05   4.37079E-01   5.37823E-01   3.36154E-01   2.38901E+01   3.33729E+02   3.57620E+02   3.57620E+02
 4.27547201424E-01 7.02671347927E+14   8.04526E+34   6.14048E-05   4.27609E-01   5.27809E-01   3.27224E-01   2.40843E+01   3.31302E+02   3.55386E+02   3.55386E+02
 4.18574681434E-01 6.86101778602E+14   7.59704E+34   6.28616E-05   4.18638E-01   5.18312E-01   3.18774E-01   2.42733E+01   3.28968E+02   3.53242E+02   3.53242E+02
 4.10071440053E-01 6.70496950147E+14   7.17550E+34   6.42998E-05   4.10136E-01   5.09304E-01   3.10775E-01   2.44570E+01   3.26726E+02   3.51183E+02   3.51183E+02
 4.02009780340E-01 6.55791829680E+14   6.77879E+34   6.57184E-05   4.02075E-01   5.00755E-01   3.03199E-01   2.46356E+01   3.24572E+02   3.49207E+02   3.49207E+02
 3.94363939978E-01 6.41926555594E+14   6.40523E+34   6.71161E-05   3.94431E-01   4.92640E-01   2.96021E-01   2.48090E+01   3.22501E+02   3.47310E+02   3.47310E+02
 3.87109936429E-01 6.28845970264E+14   6.05326E+34   6.84919E-05   3.87178E-01   4.84933E-01   2.89218E-01   2.49774E+01   3.20513E+02   3.45490E+02   3.45490E+02
 3.80225425223E-01 6.16499198328E+14   5.72145E+34   6.98447E-05   3.80295E-01   4.77613E-01   2.82768E-01   2.51407E+01   3.18602E+02   3.43743E+02   3.43743E+02
 3.73689571303E-01 6.04839267740E+14   5.40848E+34   7.11737E-05   3.73761E-01   4.70657E-01   2.76651E-01   2.52992E+01   3.16766E+02   3.42066E+02   3.42066E+02
 3.67482931004E-01 5.93822766884E+14   5.11313E+34   7.24781E-05   3.67555E-01   4.64046E-01   2.70848E-01   2.54528E+01   3.15004E+02   3.40456E+02   3.40456E+02
 3.61587344806E-01 5.83409535975E+14   4.83427E+34   7.37571E-05   3.61661E-01   4.57760E-01   2.65340E-01   2.56017E+01   3.13311E+02   3.38912E+02   3.38912E+02
 3.55985838715E-01 5.73562387087E+14   4.57086E+34   7.50100E-05   3.56061E-01   4.51784E-01   2.60113E-01   2.57458E+01   3.11685E+02   3.37431E+02   3.37431E+02
 3.50662534573E-01 5.64246851807E+14   4.32195E+34   7.62363E-05   3.50739E-01   4.46099E-01   2.55149E-01   2.58853E+01   3.10124E+02   3.36010E+02   3.36010E+02
 3.45602567384E-01 5.55430951699E+14   4.08664E+34   7.74354E-05   3.45680E-01   4.40692E-01   2.50436E-01   2.60204E+01   3.08626E+02   3.34647E+02   3.34647E+02
 3.40792010076E-01 5.47084991144E+14   3.86410E+34   7.86071E-05   3.40871E-01   4.35547E-01   2.45959E-01   2.61509E+01   3.07188E+02   3.33339E+02   3.33339E+02
 3.36217803971E-01 5.39181368400E+14   3.65356E+34   7.97507E-05   3.36298E-01   4.30651E-01   2.41705E-01   2.62772E+01   3.05808E+02   3.32085E+02   3.32085E+02
 3.31867695493E-01 5.31694404888E+14   3.45431E+34   8.08662E-05   3.31949E-01   4.25992E-01   2.37663E-01   2.63991E+01   3.04484E+02   3.30883E+02   3.30883E+02
 3.27730177511E-01 5.24600189075E+14   3.26569E+34   8.19533E-05   3.27812E-01   4.21557E-01   2.33822E-01   2.65169E+01   3.03214E+02   3.29731E+02   3.29731E+02
 3.23794435938E-01 5.17876435270E+14   3.08708E+34   8.30118E-05   3.23877E-01   4.17335E-01   2.30171E-01   2.66305E+01   3.01996E+02   3.28627E+02   3.28627E+02
 3.20050300106E-01 5.11502354151E+14   2.91791E+34   8.40416E-05   3.20134E-01   4.13316E-01   2.26700E-01   2.67402E+01   3.00828E+02   3.27569E+02   3.27569E+02
 3.16488197591E-01 5.05458535561E+14   2.75764E+34   8.50426E-05   3.16573E-01   4.09490E-01   2.23401E-01   2.68460E+01   2.99709E+02   3.26555E+02   3.26555E+02
 3.13099112109E-01 4.99726840737E+14   2.60577E+34   8.60150E-05   3.13185E-01   4.05848E-01   2.20264E-01   2.69479E+01   2.98636E+02   3.25584E+02   3.25584E+02
 3.09874545196E-01 4.94290304703E+14   2.46184E+34   8.69588E-05   3.09962E-01   4.02380E-01   2.17282E-01   2.70461E+01   2.97608E+02   3.24654E+02   3.24654E+02
 3.06806480392E-01 4.89133046255E+14   2.32540E+34   8.78740E-05   3.06894E-01   3.99079E-01   2.14446E-01   2.71407E+01   2.96623E+02   3.23763E+02   3.23763E+02
 3.03887350658E-01 4.84240186407E+14   2.19605E+34   8.87609E-05   3.03976E-01   3.95936E-01   2.11750E-01   2.72317E+01   2.95679E+02   3.22911E+02   3.22911E+02
 3.01110007819E-01 4.79597772952E+14   2.07342E+34   8.96197E-05   3.01200E-01   3.92944E-01   2.09186E-01   2.73192E+01   2.94776E+02   3.22096E+02   3.22096E+02
 2.98467694806E-01 4.75192712119E+14   1.95713E+34   9.04506E-05   2.98558E-01   3.90096E-01   2.06749E-01   2.74034E+01   2.93912E+02   3.21316E+02   3.21316E+02
 2.95954019522E-01 4.71012705143E+14   1.84685E+34   9.12538E-05   2.96045E-01   3.87385E-01   2.04432E-01   2.74842E+01   2.93085E+02   3.20570E+02   3.20570E+02
 2.93562931130E-01 4.67046190823E+14   1.74227E+34   9.20298E-05   2.93655E-01   3.84805E-01   2.02229E-01   2.75619E+01   2.92294E+02   3.19856E+02   3.19856E+02
 2.91288697653E-01 4.63282292026E+14   1.64310E+34   9.27789E-05   2.91381E-01   3.82350E-01   2.00135E-01   2.76365E+01   2.91538E+02   3.19175E+02   3.19175E+02
 2.89125885682E-01 4.59710767280E+14   1.54905E+34   9.35014E-05   2.89219E-01   3.80014E-01   1.98144E-01   2.77081E+01   2.90815E+02   3.18523E+02   3.18523E+02
 2.87069341132E-01 4.56321965513E+14   1.45986E+34   9.41978E-05   2.87164E-01   3.77792E-01   1.96253E-01   2.77767E+01   2.90125E+02   3.17901E+02   3.17901E+02
 2.85114171839E-01 4.53106785158E+14   1.37529E+34   9.48685E-05   2.85209E-01   3.75678E-01   1.94455E-01   2.78425E+01   2.89465E+02   3.17307E+02   3.17307E+02
 2.83255730988E-01 4.50056635757E+14   1.29509E+34   9.55140E-05   2.83351E-01   3.73668E-01   1.92748E-01   2.79055E+01   2.88835E+02   3.16740E+02   3.16740E+02
 2.81489602170E-01 4.47163403317E+14   1.21907E+34   9.61347E-05   2.81586E-01   3.71758E-01   1.91126E-01   2.79658E+01   2.88234E+02   3.16200E+02   3.16200E+02
 2.79811585078E-01 4.44419417657E+14   1.14700E+34   9.67311E-05   2.79908E-01   3.69941E-01   1.89585E-01   2.80235E+01   2.87660E+02   3.15684E+02   3.15684E+02
 2.78217682651E-01 4.41817422996E+14   1.07868E+34   9.73038E-05   2.78315E-01   3.68216E-01   1.88123E-01   2.80787E+01   2.87113E+02   3.15192E+02   3.15192E+02
 2.76704088707E-01 4.39350550106E+14   1.01395E+34   9.78533E-05   2.76802E-01   3.66576E-01   1.86734E-01   2.81314E+01   2.86592E+02   3.14724E+02   3.14724E+02
 2.75267176867E-01 4.37012291290E+14   9.52615E+33   9.83800E-05   2.75366E-01   3.65019E-01   1.85417E-01   2.81818E+01   2.86096E+02   3.14277E+02   3.14277E+02
 2.73903489837E-01 4.34796476577E+14   8.94515E+33   9.88846E-05   2.74002E-01   3.63541E-01   1.84167E-01   2.82299E+01   2.85623E+02   3.13853E+02   3.13853E+02
 2.72609729858E-01 4.32697252399E+14   8.39494E+33   9.93677E-05   2.72709E-01   3.62138E-01   1.82982E-01   2.82758E+01   2.85173E+02   3.13448E+02   3.13448E+02
 2.71382749395E-01 4.30709061185E+14   7.87402E+33   9.98297E-05   2.71483E-01   3.60808E-01   1.81858E-01   2.83196E+01   2.84744E+02   3.13064E+02   3.13064E+02
 2.70219542895E-01 4.28826623159E+14   7.38097E+33   1.00271E-04   2.70320E-01   3.59546E-01   1.80793E-01   2.83613E+01   2.84337E+02   3.12699E+02   3.12699E+02
 2.69117238685E-01 4.27044918816E+14   6.91447E+33   1.00693E-04   2.69218E-01   3.58349E-01   1.79784E-01   2.84010E+01   2.83951E+02   3.12351E+02   3.12351E+02
 2.68073091848E-01 4.25359173353E+14   6.47323E+33   1.01095E-04   2.68174E-01   3.57216E-01   1.78829E-01   2.84387E+01   2.83583E+02   3.12022E+02   3.12022E+02
 2.67084477160E-01 4.23764841585E+14   6.05604E+33   1.01479E-04   2.67186E-01   3.56143E-01   1.77925E-01   2.84747E+01   2.83234E+02   3.11709E+02   3.11709E+02
 2.66148882927E-01 4.22257594619E+14   5.66175E+33   1.01844E-04   2.66251E-01   3.55127E-01   1.77069E-01   2.85088E+01   2.82903E+02   3.11412E+02   3.11412E+02
 2.65263904819E-01 4.20833306829E+14   5.28927E+33   1.02192E-04   2.65366E-01   3.54165E-01   1.76260E-01   2.85412E+01   2.82590E+02   3.11131E+02   3.11131E+02
 2.64427240530E-01 4.19488044441E+14   4.93754E+33   1.02523E-04   2.64530E-01   3.53256E-01   1.75496E-01   2.85720E+01   2.82293E+02   3.10865E+02   3.10865E+02
 2.63636684382E-01 4.18218054273E+14   4.60558E+33   1.02837E-04   2.63740E-01   3.52397E-01   1.74773E-01   2.86012E+01   2.82011E+02   3.10612E+02   3.10612E+02
 2.62890122703E-01 4.17019753930E+14   4.29242E+33   1.03136E-04   2.62993E-01   3.51586E-01   1.74092E-01   2.86288E+01   2.81745E+02   3.10374E+02   3.10374E+02
 2.62185529087E-01 4.15889722047E+14   3.99717E+33   1.03419E-04   2.62289E-01   3.50820E-01   1.73448E-01   2.86550E+01   2.81493E+02   3.10148E+02   3.10148E+02
 2.61520960391E-01 4.14824689874E+14   3.71897E+33   1.03687E-04   2.61625E-01   3.50097E-01   1.72841E-01   2.86797E+01   2.81255E+02   3.09935E+02   3.09935E+02
 2.60894552571E-01 4.13821532796E+14   3.45697E+33   1.03941E-04   2.60998E-01   3.49416E-01   1.72269E-01   2.87031E+01   2.81031E+02   3.09734E+02   3.09734E+02
 2.60304517198E-01 4.12877263096E+14   3.21041E+33   1.04181E-04   2.60409E-01   3.48774E-01   1.71731E-01   2.87252E+01   2.80819E+02   3.09544E+02   3.09544E+02
 2.59749137800E-01 4.11989022575E+14   2.97851E+33   1.04408E-04   2.59854E-01   3.48170E-01   1.71224E-01   2.87461E+01   2.80619E+02   3.09365E+02   3.09365E+02
 2.59226766831E-01 4.11154076320E+14   2.76057E+33   1.04623E-04   2.59331E-01   3.47601E-01   1.70747E-01   2.87657E+01   2.80431E+02   3.09197E+02   3.09197E+02
 2.58735822439E-01 4.10369806265E+14   2.55588E+33   1.04825E-04   2.58841E-01   3.47067E-01   1.70300E-01   2.87842E+01   2.80254E+02   3.09038E+02   3.09038E+02
 2.58274785830E-01 4.09633705825E+14   2.36379E+33   1.05015E-04   2.58380E-01   3.46565E-01   1.69879E-01   2.88017E+01   2.80088E+02   3.08889E+02   3.08889E+02
 2.57842198404E-01 4.08943374253E+14   2.18368E+33   1.05195E-04   2.57947E-01   3.46095E-01   1.69485E-01   2.88180E+01   2.79931E+02   3.08750E+02   3.08750E+02
 2.57436659438E-01 4.08296511975E+14   2.01492E+33   1.05363E-04   2.57542E-01   3.45653E-01   1.69115E-01   2.88334E+01   2.79785E+02   3.08618E+02   3.08618E+02
 2.57056823639E-01 4.07690915801E+14   1.85696E+33   1.05522E-04   2.57162E-01   3.45240E-01   1.68768E-01   2.88479E+01   2.79647E+02   3.08495E+02   3.08495E+02
 2.56701398963E-01 4.07124474641E+14   1.70922E+33   1.05670E-04   2.56807E-01   3.44853E-01   1.68444E-01   2.88614E+01   2.79518E+02   3.08380E+02   3.08380E+02
 2.56369144552E-01 4.06595165473E+14   1.57118E+33   1.05809E-04   2.56475E-01   3.44491E-01   1.68142E-01   2.88741E+01   2.79398E+02   3.08272E+02   3.08272E+02
 2.56058868777E-01 4.06101049559E+14   1.44233E+33   1.05940E-04   2.56165E-01   3.44153E-01   1.67859E-01   2.88859E+01   2.79285E+02   3.08171E+02   3.08171E+02
 2.55769427407E-01 4.05640268908E+14   1.32219E+33   1.06061E-04   2.55875E-01   3.43838E-01   1.67595E-01   2.88970E+01   2.79180E+02   3.08077E+02   3.08077E+02
 2.55499721875E-01 4.05211042966E+14   1.21028E+33   1.06175E-04   2.55606E-01   3.43544E-01   1.67349E-01   2.89073E+01   2.79082E+02   3.07989E+02   3.07989E+02
 2.55248697645E-01 4.04811665502E+14   1.10617E+33   1.06281E-04   2.55355E-01   3.43271E-01   1.67121E-01   2.89169E+01   2.78991E+02   3.07907E+02   3.07907E+02
 2.55015342668E-01 4.04440501691E+14   1.00941E+33   1.06380E-04   2.55122E-01   3.43016E-01   1.66908E-01   2.89259E+01   2.78906E+02   3.07831E+02   3.07831E+02
 2.54798685919E-01 4.04095985371E+14   9.19612E+32   1.06472E-04   2.54905E-01   3.42780E-01   1.66711E-01   2.89342E+01   2.78827E+02   3.07761E+02   3.07761E+02
 2.54597796011E-01 4.03776616457E+14   8.36372E+32   1.06557E-04   2.54704E-01   3.42562E-01   1.66528E-01   2.89419E+01   2.78753E+02   3.07695E+02   3.07695E+02
 2.54411779887E-01 4.03480958513E+14   7.59316E+32   1.06636E-04   2.54518E-01   3.42359E-01   1.66358E-01   2.89491E+01   2.78686E+02   3.07635E+02   3.07635E+02
 2.54239781565E-01 4.03207636452E+14   6.88086E+32   1.06709E-04   2.54346E-01   3.42171E-01   1.66201E-01   2.89557E+01   2.78623E+02   3.07578E+02   3.07578E+02
 2.54080980952E-01 4.02955334365E+14   6.22338E+32   1.06777E-04   2.54188E-01   3.41998E-01   1.66057E-01   2.89618E+01   2.78565E+02   3.07527E+02   3.07527E+02
 2.53934592712E-01 4.02722793472E+14   5.61741E+32   1.06839E-04   2.54041E-01   3.41839E-01   1.65923E-01   2.89675E+01   2.78511E+02   3.07479E+02   3.07479E+02
 2.53799865186E-01 4.02508810170E+14   5.05984E+32   1.06897E-04   2.53907E-01   3.41692E-01   1.65801E-01   2.89727E+01   2.78462E+02   3.07435E+02   3.07435E+02
 2.53676079351E-01 4.02312234184E+14   4.54764E+32   1.06950E-04   2.53783E-01   3.41557E-01   1.65688E-01   2.89775E+01   2.78417E+02   3.07394E+02   3.07394E+02
 2.53562547836E-01 4.02131966808E+14   4.07795E+32   1.06998E-04   2.53670E-01   3.41434E-01   1.65585E-01   2.89818E+01   2.78375E+02   3.07357E+02   3.07357E+02
 2.53458613963E-01 4.01966959225E+14   3.64804E+32   1.07043E-04   2.53566E-01   3.41320E-01   1.65490E-01   2.89859E+01   2.78337E+02   3.07323E+02   3.07323E+02
 2.53363650835E-01 4.01816210907E+14   3.25529E+32   1.07084E-04   2.53471E-01   3.41217E-01   1.65403E-01   2.89895E+01   2.78303E+02   3.07292E+02   3.07292E+02
 2.53277060448E-01 4.01678768074E+14   2.89722E+32   1.07121E-04   2.53384E-01   3.41122E-01   1.65325E-01   2.89929E+01   2.78271E+02   3.07264E+02   3.07264E+02
 2.53198272843E-01 4.01553722225E+14   2.57145E+32   1.07155E-04   2.53305E-01   3.41037E-01   1.65253E-01   2.89959E+01   2.78242E+02   3.07238E+02   3.07238E+02
 2.53126745274E-01 4.01440208723E+14   2.27573E+32   1.07185E-04   2.53234E-01   3.40959E-01   1.65188E-01   2.89987E+01   2.78216E+02   3.07215E+02   3.07215E+02
 2.53061961412E-01 4.01337405424E+14   2.00792E+32   1.07213E-04   2.53169E-01   3.40888E-01   1.65129E-01   2.90012E+01   2.78192E+02   3.07193E+02   3.07193E+02
 2.53003430561E-01 4.01244531365E+14   1.76599E+32   1.07238E-04   2.53111E-01   3.40824E-01   1.65075E-01   2.90035E+01   2.78171E+02   3.07174E+02   3.07174E+02
 2.52950686903E-01 4.01160845484E+14   1.54799E+32   1.07261E-04   2.53058E-01   3.40767E-01   1.65027E-01   2.90055E+01   2.78151E+02   3.07157E+02   3.07157E+02
 2.52903288755E-01 4.01085645381E+14   1.35210E+32   1.07281E-04   2.53011E-01   3.40715E-01   1.64984E-01   2.90073E+01   2.78134E+02   3.07141E+02   3.07141E+02
 2.52860817847E-01 4.01018266116E+14   1.17658E+32   1.07299E-04   2.52968E-01   3.40669E-01   1.64946E-01   2.90090E+01   2.78119E+02   3.07128E+02   3.07128E+02
 2.52822878614E-01 4.00958079034E+14   1.01980E+32   1.07316E-04   2.52930E-01   3.40627E-01   1.64911E-01   2.90105E+01   2.78105E+02   3.07115E+02   3.07115E+02
 2.52789097497E-01 4.00904490618E+14   8.80214E+31   1.07330E-04   2.52896E-01   3.40591E-01   1.64880E-01   2.90118E+01   2.78092E+02   3.07104E+02   3.07104E+02
 2.52759122262E-01 4.00856941369E+14   7.56358E+31   1.07343E-04   2.52866E-01   3.40558E-01   1.64853E-01   2.90129E+01   2.78081E+02   3.07094E+02   3.07094E+02
 2.52732621326E-01 4.00814904705E+14   6.46862E+31   1.07355E-04   2.52840E-01   3.40529E-01   1.64829E-01   2.90140E+01   2.78072E+02   3.07086E+02   3.07086E+02
 2.52709283093E-01 4.00777885883E+14   5.50437E+31   1.07365E-04   2.52817E-01   3.40504E-01   1.64808E-01   2.90149E+01   2.78063E+02   3.07078E+02   3.07078E+02
 2.52688815299E-01 4.00745420931E+14   4.65875E+31   1.07374E-04   2.52796E-01   3.40481E-01   1.64789E-01   2.90157E+01   2.78056E+02   3.07071E+02   3.07071E+02
 2.52670944363E-01 4.00717075602E+14   3.92043E+31   1.07381E-04   2.52778E-01   3.40462E-01   1.64773E-01   2.90164E+01   2.78049E+02   3.07065E+02   3.07065E+02
 2.52655414746E-01 4.00692444342E+14   3.27886E+31   1.07388E-04   2.52763E-01   3.40445E-01   1.64759E-01   2.90170E+01   2.78043E+02   3.07060E+02   3.07060E+02
 2.52641988315E-01 4.00671149262E+14   2.72419E+31   1.07394E-04   2.52749E-01   3.40430E-01   1.64746E-01   2.90175E+01   2.78038E+02   3.07056E+02   3.07056E+02
 2.52630443710E-01 4.00652839127E+14   2.24727E+31   1.07399E-04   2.52738E-01   3.40418E-01   1.64736E-01   2.90179E+01   2.78034E+02   3.07052E+02   3.07052E+02
 2.52620575719E-01 4.00637188350E+14   1.83961E+31   1.07403E-04   2.52728E-01   3.40407E-01   1.64727E-01   2.90183E+01   2.78030E+02   3.07049E+02   3.07049E+02
 2.52612194653E-01 4.00623895996E+14   1.49339E+31   1.07407E-04   2.52720E-01   3.40398E-01   1.64719E-01   2.90186E+01   2.78027E+02   3.07046E+02   3.07046E+02
 2.52605125725E-01 4.00612684792E+14   1.20138E+31   1.07410E-04   2.52713E-01   3.40390E-01   1.64713E-01   2.90189E+01   2.78025E+02   3.07044E+02   3.07044E+02
 2.52599208437E-01 4.00603300138E+14   9.56941E+30   1.07412E-04   2.52707E-01   3.40384E-01   1.64707E-01   2.90191E+01   2.78023E+02   3.07042E+02   3.07042E+02
 2.52594295958E-01 4.00595509132E+14   7.54012E+30   1.07414E-04   2.52702E-01   3.40378E-01   1.64703E-01   2.90193E+01   2.78021E+02   3.07040E+02   3.07040E+02
 2.52590254514E-01 4.00589099587E+14   5.87066E+30   1.07416E-04   2.52698E-01   3.40374E-01   1.64699E-01   2.90195E+01   2.78019E+02   3.07039E+02   3.07039E+02
 2.52586962776E-01 4.00583879063E+14   4.51090E+30   1.07417E-04   2.52694E-01   3.40370E-01   1.64696E-01   2.90196E+01   2.78018E+02   3.07038E+02   3.07038E+02
 2.52584311247E-01 4.00579673891E+14   3.41560E+30   1.07419E-04   2.52692E-01   3.40367E-01   1.64694E-01   2.90197E+01   2.78017E+02   3.07037E+02   3.07037E+02
 2.52582201655E-01 4.00576328210E+14   2.54417E+30   1.07419E-04   2.52690E-01   3.40365E-01   1.64692E-01   2.90198E+01   2.78016E+02   3.07036E+02   3.07036E+02
 2.52580546343E-01 4.00573702994E+14   1.86040E+30   1.07420E-04   2.52688E-01   3.40363E-01   1.64690E-01   2.90199E+01   2.78016E+02   3.07036E+02   3.07036E+02
 2.52579267660E-01 4.00571675091E+14   1.33221E+30   1.07421E-04   2.52687E-01   3.40362E-01   1.64689E-01   2.90199E+01   2.78015E+02   3.07035E+02   3.07035E+02
 2.52578297356E-01 4.00570136256E+14   9.31395E+29   1.07421E-04   2.52686E-01   3.40361E-01   1.64688E-01   2.90200E+01   2.78015E+02   3.07035E+02   3.07035E+02
 2.52577575969E-01 4.00568992188E+14   6.33407E+29   1.07421E-04   2.52685E-01   3.40360E-01   1.64688E-01   2.90200E+01   2.78015E+02   3.07035E+02   3.07035E+02
 2.52577052225E-01 4.00568161569E+14   4.17061E+29   1.07422E-04   2.52684E-01   3.40359E-01   1.64687E-01   2.90200E+01   2.78015E+02   3.07035E+02   3.07035E+02
 2.52576682428E-01 4.00567575098E+14   2.64307E+29   1.07422E-04   2.52684E-01   3.40359E-01   1.64687E-01   2.90200E+01   2.78014E+02   3.07034E+02   3.07034E+02
 2.52576429851E-01 4.00567174530E+14   1.59974E+29   1.07422E-04   2.52684E-01   3.40359E-01   1.64687E-01   2.90200E+01   2.78014E+02   3.07034E+02   3.07034E+02
 2.52576264136E-01 4.00566911718E+14   9.15209E+28   1.07422E-04   2.52684E-01   3.40359E-01   1.64687E-01   2.90200E+01   2.78014E+02   3.07034E+02   3.07034E+02
 2.52576160681E-01 4.00566747646E+14   4.87861E+28   1.07422E-04   2.52684E-01   3.40358E-01   1.64686E-01   2.90200E+01   2.78014E+02   3.07034E+02   3.07034E+02
 2.52576100037E-01 4.00566651470E+14   2.37357E+28   1.07422E-04   2.52684E-01   3.40358E-01   1.64686E-01   2.90200E+01   2.78014E+02   3.07034E+02   3.07034E+02
 2.52576067303E-01 4.00566599556E+14   1.02142E+28   1.07422E-04   2.52683E-01   3.40358E-01   1.64686E-01   2.90200E+01   2.78014E+02   3.07034E+02   3.07034E+02
 2.52576051517E-01 4.00566574521E+14   3.69339E+27   1.07422E-04   2.52683E-01   3.40358E-01   1.64686E-01   2.90200E+01   2.78014E+02   3.07034E+02   3.07034E+02
 2.52576045051E-01 4.00566564267E+14   1.02246E+27   1.07422E-04   2.52683E-01   3.40358E-01   1.64686E-01   2.90200E+01   2.78014E+02   3.07034E+02   3.07034E+02
 2.52576043005E-01 4.00566561022E+14   1.77366E+26   1.07422E-04   2.52683E-01   3.40358E-01   1.64686E-01   2.90200E+01   2.78014E+02   3.07034E+02   3.07034E+02
 2.52576042601E-01 4.00566560381E+14   1.04339E+25   1.07422E-04   2.52683E-01   3.40358E-01   1.64686E-01   2.90200E+01   2.78014E+02   3.07034E+02   3.07034E+02
 2.52576042576E-01 4.00566560341E+14   1.00000E+00   1.07422E-04   2.52683E-01   3.40358E-01   1.64686E-01   2.90200E+01   2.78014E+02   3.07034E+02   3.07034E+02
