       0.300     145.000     150.000     313.005       Alpha_c    Bbag^1/4     Ms      Pr  ===>  E/A at P=0:     915.818


         nbar              rho           presion         ne            nu            nd            ns            mue           muu           mud           mus    
       [fm^-3]         [gm cm^-3]      [erg cm^-3]     [fm^-3]       [fm^-3]       [fm^-3]       [fm^-3]        [MeV]         [MeV]         [MeV]         [MeV]   

 1.26584264696E+00 2.64204270926E+15   6.32963E+35   1.03811E-06   1.26584E+00   1.31422E+00   1.21747E+00   6.18133E+00   4.91399E+02   4.97580E+02   4.97580E+02
 1.20484725653E+00 2.48212336101E+15   5.86140E+35   1.13594E-06   1.20485E+00   1.25311E+00   1.15658E+00   6.36969E+00   4.83376E+02   4.89746E+02   4.89746E+02
 1.14825171874E+00 2.33607374713E+15   5.43421E+35   1.23927E-06   1.14825E+00   1.19640E+00   1.10011E+00   6.55725E+00   4.75686E+02   4.82243E+02   4.82243E+02
 1.09568249261E+00 2.20249140822E+15   5.04390E+35   1.34811E-06   1.09568E+00   1.14370E+00   1.04766E+00   6.74386E+00   4.68313E+02   4.75057E+02   4.75057E+02
 1.04680218036E+00 2.08013350262E+15   4.68674E+35   1.46243E-06   1.04680E+00   1.09470E+00   9.98908E-01   6.92934E+00   4.61243E+02   4.68172E+02   4.68172E+02
 1.00130567038E+00 1.96789690182E+15   4.35948E+35   1.58219E-06   1.00131E+00   1.04907E+00   9.53543E-01   7.11356E+00   4.54461E+02   4.61575E+02   4.61575E+02
 9.58916697908E-01 1.86480089446E+15   4.05918E+35   1.70733E-06   9.58918E-01   1.00654E+00   9.11289E-01   7.29636E+00   4.47956E+02   4.55252E+02   4.55252E+02
 9.19384832934E-01 1.76997227460E+15   3.78326E+35   1.83775E-06   9.19387E-01   9.66873E-01   8.71894E-01   7.47760E+00   4.41713E+02   4.49191E+02   4.49191E+02
 8.82482791334E-01 1.68263234937E+15   3.52939E+35   1.97334E-06   8.82485E-01   9.29832E-01   8.35131E-01   7.65716E+00   4.35723E+02   4.43380E+02   4.43380E+02
 8.48004058882E-01 1.60208566587E+15   3.29552E+35   2.11398E-06   8.48006E-01   8.95213E-01   8.00793E-01   7.83490E+00   4.29972E+02   4.37807E+02   4.37807E+02
 8.15760773642E-01 1.52771017792E+15   3.07980E+35   2.25951E-06   8.15763E-01   8.62828E-01   7.68691E-01   8.01072E+00   4.24452E+02   4.32463E+02   4.32463E+02
 7.85581860874E-01 1.45894871170E+15   2.88058E+35   2.40976E-06   7.85584E-01   8.32507E-01   7.38654E-01   8.18448E+00   4.19152E+02   4.27337E+02   4.27337E+02
 7.57311348271E-01 1.39530145535E+15   2.69637E+35   2.56454E-06   7.57314E-01   8.04095E-01   7.10525E-01   8.35609E+00   4.14063E+02   4.22419E+02   4.22419E+02
 7.30806888374E-01 1.33631944382E+15   2.52584E+35   2.72366E-06   7.30810E-01   7.77449E-01   6.84162E-01   8.52545E+00   4.09175E+02   4.17700E+02   4.17700E+02
 7.05938417363E-01 1.28159880008E+15   2.36780E+35   2.88688E-06   7.05941E-01   7.52439E-01   6.59434E-01   8.69247E+00   4.04480E+02   4.13173E+02   4.13173E+02
 6.82586979195E-01 1.23077573201E+15   2.22118E+35   3.05399E-06   6.82590E-01   7.28948E-01   6.36223E-01   8.85705E+00   3.99970E+02   4.08827E+02   4.08827E+02
 6.60643658843E-01 1.18352210296E+15   2.08499E+35   3.22473E-06   6.60647E-01   7.06866E-01   6.14418E-01   9.01913E+00   3.95638E+02   4.04657E+02   4.04657E+02
 6.40008633600E-01 1.13954154838E+15   1.95837E+35   3.39884E-06   6.40012E-01   6.86093E-01   5.93920E-01   9.17862E+00   3.91475E+02   4.00653E+02   4.00653E+02
 6.20590316908E-01 1.09856604150E+15   1.84053E+35   3.57607E-06   6.20594E-01   6.66539E-01   5.74638E-01   9.33545E+00   3.87475E+02   3.96810E+02   3.96810E+02
 6.02304603558E-01 1.06035289145E+15   1.73074E+35   3.75613E-06   6.02308E-01   6.48120E-01   5.56486E-01   9.48958E+00   3.83631E+02   3.93121E+02   3.93121E+02
 5.85074172910E-01 1.02468205131E+15   1.62836E+35   3.93874E-06   5.85078E-01   6.30757E-01   5.39387E-01   9.64094E+00   3.79938E+02   3.89579E+02   3.89579E+02
 5.68827880719E-01 9.91353774639E+14   1.53281E+35   4.12362E-06   5.68832E-01   6.14381E-01   5.23271E-01   9.78948E+00   3.76388E+02   3.86177E+02   3.86177E+02
 5.53500193940E-01 9.60186502691E+14   1.44353E+35   4.31048E-06   5.53505E-01   5.98925E-01   5.08071E-01   9.93517E+00   3.72976E+02   3.82912E+02   3.82912E+02
 5.39030698797E-01 9.31015025638E+14   1.36006E+35   4.49903E-06   5.39035E-01   5.84330E-01   4.93727E-01   1.00780E+01   3.69698E+02   3.79776E+02   3.79776E+02
 5.25363645163E-01 9.03688824916E+14   1.28195E+35   4.68897E-06   5.25368E-01   5.70540E-01   4.80183E-01   1.02178E+01   3.66546E+02   3.76764E+02   3.76764E+02
 5.12447539399E-01 8.78070607510E+14   1.20878E+35   4.88001E-06   5.12452E-01   5.57503E-01   4.67387E-01   1.03548E+01   3.63518E+02   3.73872E+02   3.73872E+02
 5.00234776354E-01 8.54035000650E+14   1.14021E+35   5.07185E-06   5.00240E-01   5.45172E-01   4.55292E-01   1.04887E+01   3.60607E+02   3.71095E+02   3.71095E+02
 4.88681305683E-01 8.31467386438E+14   1.07588E+35   5.26422E-06   4.88687E-01   5.33503E-01   4.43854E-01   1.06197E+01   3.57809E+02   3.68429E+02   3.68429E+02
 4.77746330448E-01 8.10262863026E+14   1.01549E+35   5.45683E-06   4.77752E-01   5.22455E-01   4.33032E-01   1.07477E+01   3.55120E+02   3.65868E+02   3.65868E+02
 4.67392033206E-01 7.90325314691E+14   9.58765E+34   5.64940E-06   4.67398E-01   5.11990E-01   4.22788E-01   1.08726E+01   3.52536E+02   3.63408E+02   3.63408E+02
 4.57583328231E-01 7.71566581119E+14   9.05439E+34   5.84165E-06   4.57589E-01   5.02074E-01   4.13087E-01   1.09946E+01   3.50052E+02   3.61047E+02   3.61047E+02
 4.48287635815E-01 7.53905711823E+14   8.55278E+34   6.03333E-06   4.48294E-01   4.92673E-01   4.03896E-01   1.11135E+01   3.47666E+02   3.58779E+02   3.58779E+02
 4.39474677826E-01 7.37268298755E+14   8.08065E+34   6.22417E-06   4.39481E-01   4.83758E-01   3.95185E-01   1.12295E+01   3.45372E+02   3.56602E+02   3.56602E+02
 4.31116291056E-01 7.21585875756E+14   7.63599E+34   6.41394E-06   4.31123E-01   4.75300E-01   3.86926E-01   1.13425E+01   3.43169E+02   3.54511E+02   3.54511E+02
 4.23186257936E-01 7.06795379967E+14   7.21697E+34   6.60238E-06   4.23193E-01   4.67273E-01   3.79093E-01   1.14525E+01   3.41052E+02   3.52504E+02   3.52504E+02
 4.15660151627E-01 6.92838665921E+14   6.82189E+34   6.78927E-06   4.15667E-01   4.59652E-01   3.71661E-01   1.15596E+01   3.39018E+02   3.50578E+02   3.50578E+02
 4.08515195368E-01 6.79662069004E+14   6.44919E+34   6.97439E-06   4.08522E-01   4.52416E-01   3.64608E-01   1.16637E+01   3.37064E+02   3.48728E+02   3.48728E+02
 4.01730133464E-01 6.67216010592E+14   6.09743E+34   7.15754E-06   4.01737E-01   4.45542E-01   3.57911E-01   1.17649E+01   3.35188E+02   3.46953E+02   3.46953E+02
 3.95285114035E-01 6.55454642723E+14   5.76526E+34   7.33851E-06   3.95292E-01   4.39010E-01   3.51553E-01   1.18632E+01   3.33386E+02   3.45249E+02   3.45249E+02
 3.89161581212E-01 6.44335525866E+14   5.45147E+34   7.51713E-06   3.89169E-01   4.32803E-01   3.45513E-01   1.19587E+01   3.31655E+02   3.43614E+02   3.43614E+02
 3.83342177091E-01 6.33819338517E+14   5.15490E+34   7.69322E-06   3.83350E-01   4.26902E-01   3.39775E-01   1.20514E+01   3.29994E+02   3.42045E+02   3.42045E+02
 3.77810651345E-01 6.23869613157E+14   4.87451E+34   7.86662E-06   3.77819E-01   4.21292E-01   3.34322E-01   1.21412E+01   3.28399E+02   3.40540E+02   3.40540E+02
 3.72551778982E-01 6.14452497972E+14   4.60930E+34   8.03717E-06   3.72560E-01   4.15957E-01   3.29139E-01   1.22284E+01   3.26868E+02   3.39097E+02   3.39097E+02
 3.67551284337E-01 6.05536539633E+14   4.35838E+34   8.20475E-06   3.67559E-01   4.10882E-01   3.24212E-01   1.23128E+01   3.25400E+02   3.37712E+02   3.37712E+02
 3.62795771871E-01 5.97092487043E+14   4.12089E+34   8.36922E-06   3.62804E-01   4.06055E-01   3.19528E-01   1.23945E+01   3.23990E+02   3.36385E+02   3.36385E+02
 3.58272662058E-01 5.89093111946E+14   3.89604E+34   8.53048E-06   3.58281E-01   4.01463E-01   3.15074E-01   1.24736E+01   3.22638E+02   3.35112E+02   3.35112E+02
 3.53970133004E-01 5.81513046690E+14   3.68311E+34   8.68841E-06   3.53979E-01   3.97094E-01   3.10838E-01   1.25501E+01   3.21341E+02   3.33892E+02   3.33892E+02
 3.49877066196E-01 5.74328635531E+14   3.48142E+34   8.84293E-06   3.49886E-01   3.92936E-01   3.06809E-01   1.26241E+01   3.20098E+02   3.32722E+02   3.32722E+02
 3.45982997117E-01 5.67517800048E+14   3.29032E+34   8.99396E-06   3.45992E-01   3.88980E-01   3.02977E-01   1.26955E+01   3.18906E+02   3.31602E+02   3.31602E+02
 3.42278069219E-01 5.61059915434E+14   3.10923E+34   9.14143E-06   3.42287E-01   3.85215E-01   2.99332E-01   1.27645E+01   3.17764E+02   3.30528E+02   3.30528E+02
 3.38752992033E-01 5.54935698479E+14   2.93758E+34   9.28527E-06   3.38762E-01   3.81632E-01   2.95864E-01   1.28311E+01   3.16669E+02   3.29500E+02   3.29500E+02
 3.35399002013E-01 5.49127104296E+14   2.77487E+34   9.42545E-06   3.35408E-01   3.78223E-01   2.92566E-01   1.28954E+01   3.15621E+02   3.28516E+02   3.28516E+02
 3.32207826916E-01 5.43617232780E+14   2.62060E+34   9.56192E-06   3.32217E-01   3.74978E-01   2.89428E-01   1.29573E+01   3.14617E+02   3.27574E+02   3.27574E+02
 3.29171652403E-01 5.38390242105E+14   2.47432E+34   9.69465E-06   3.29181E-01   3.71890E-01   2.86444E-01   1.30170E+01   3.13655E+02   3.26672E+02   3.26672E+02
 3.26283091684E-01 5.33431270374E+14   2.33561E+34   9.82363E-06   3.26293E-01   3.68951E-01   2.83605E-01   1.30745E+01   3.12735E+02   3.25810E+02   3.25810E+02
 3.23535156958E-01 5.28726362927E+14   2.20407E+34   9.94884E-06   3.23545E-01   3.66156E-01   2.80905E-01   1.31298E+01   3.11855E+02   3.24985E+02   3.24985E+02
 3.20921233486E-01 5.24262406526E+14   2.07931E+34   1.00703E-05   3.20931E-01   3.63496E-01   2.78337E-01   1.31830E+01   3.11013E+02   3.24196E+02   3.24196E+02
 3.18435055105E-01 5.20027068083E+14   1.96100E+34   1.01880E-05   3.18445E-01   3.60965E-01   2.75894E-01   1.32341E+01   3.10208E+02   3.23442E+02   3.23442E+02
 3.16070682047E-01 5.16008739213E+14   1.84879E+34   1.03019E-05   3.16081E-01   3.58559E-01   2.73572E-01   1.32833E+01   3.09438E+02   3.22721E+02   3.22721E+02
 3.13822479894E-01 5.12196484437E+14   1.74238E+34   1.04121E-05   3.13833E-01   3.56270E-01   2.71365E-01   1.33305E+01   3.08703E+02   3.22033E+02   3.22033E+02
 3.11685100564E-01 5.08579994356E+14   1.64147E+34   1.05185E-05   3.11696E-01   3.54093E-01   2.69266E-01   1.33758E+01   3.08000E+02   3.21376E+02   3.21376E+02
 3.09653464185E-01 5.05149541732E+14   1.54579E+34   1.06213E-05   3.09664E-01   3.52024E-01   2.67272E-01   1.34192E+01   3.07330E+02   3.20749E+02   3.20749E+02
 3.07722742767E-01 5.01895941849E+14   1.45507E+34   1.07205E-05   3.07733E-01   3.50058E-01   2.65377E-01   1.34608E+01   3.06690E+02   3.20151E+02   3.20151E+02
 3.05888344558E-01 4.98810515171E+14   1.36906E+34   1.08161E-05   3.05899E-01   3.48189E-01   2.63577E-01   1.35007E+01   3.06079E+02   3.19580E+02   3.19580E+02
 3.04145899996E-01 4.95885053713E+14   1.28755E+34   1.09081E-05   3.04157E-01   3.46414E-01   2.61867E-01   1.35389E+01   3.05497E+02   3.19036E+02   3.19036E+02
 3.02491248185E-01 4.93111789210E+14   1.21030E+34   1.09966E-05   3.02502E-01   3.44728E-01   2.60244E-01   1.35754E+01   3.04942E+02   3.18517E+02   3.18517E+02
 3.00920424791E-01 4.90483364524E+14   1.13710E+34   1.10817E-05   3.00932E-01   3.43127E-01   2.58703E-01   1.36104E+01   3.04413E+02   3.18024E+02   3.18024E+02
 2.99429650318E-01 4.87992806443E+14   1.06776E+34   1.11635E-05   2.99441E-01   3.41608E-01   2.57240E-01   1.36437E+01   3.03910E+02   3.17554E+02   3.17554E+02
 2.98015319678E-01 4.85633501328E+14   1.00210E+34   1.12419E-05   2.98027E-01   3.40166E-01   2.55853E-01   1.36756E+01   3.03431E+02   3.17106E+02   3.17106E+02
 2.96673992004E-01 4.83399171810E+14   9.39925E+33   1.13170E-05   2.96685E-01   3.38799E-01   2.54538E-01   1.37060E+01   3.02975E+02   3.16681E+02   3.16681E+02
 2.95402381643E-01 4.81283856009E+14   8.81080E+33   1.13890E-05   2.95414E-01   3.37502E-01   2.53291E-01   1.37350E+01   3.02541E+02   3.16276E+02   3.16276E+02
 2.94197349300E-01 4.79281887532E+14   8.25401E+33   1.14579E-05   2.94209E-01   3.36274E-01   2.52110E-01   1.37626E+01   3.02129E+02   3.15892E+02   3.15892E+02
 2.93055894247E-01 4.77387877708E+14   7.72736E+33   1.15238E-05   2.93067E-01   3.35110E-01   2.50991E-01   1.37890E+01   3.01738E+02   3.15527E+02   3.15527E+02
 2.91975146607E-01 4.75596698381E+14   7.22941E+33   1.15867E-05   2.91987E-01   3.34007E-01   2.49931E-01   1.38140E+01   3.01367E+02   3.15181E+02   3.15181E+02
 2.90952360610E-01 4.73903466705E+14   6.75878E+33   1.16467E-05   2.90964E-01   3.32964E-01   2.48929E-01   1.38378E+01   3.01015E+02   3.14852E+02   3.14852E+02
 2.89984907857E-01 4.72303530301E+14   6.31418E+33   1.17039E-05   2.89997E-01   3.31978E-01   2.47981E-01   1.38605E+01   3.00681E+02   3.14541E+02   3.14541E+02
 2.89070271480E-01 4.70792454235E+14   5.89434E+33   1.17585E-05   2.89082E-01   3.31045E-01   2.47084E-01   1.38819E+01   3.00364E+02   3.14246E+02   3.14246E+02
 2.88206040247E-01 4.69366008189E+14   5.49808E+33   1.18103E-05   2.88218E-01   3.30163E-01   2.46237E-01   1.39023E+01   3.00065E+02   3.13967E+02   3.13967E+02
 2.87389903501E-01 4.68020155287E+14   5.12428E+33   1.18597E-05   2.87402E-01   3.29330E-01   2.45438E-01   1.39217E+01   2.99781E+02   3.13703E+02   3.13703E+02
 2.86619645992E-01 4.66751040985E+14   4.77184E+33   1.19065E-05   2.86632E-01   3.28544E-01   2.44683E-01   1.39400E+01   2.99513E+02   3.13453E+02   3.13453E+02
 2.85893143485E-01 4.65554983475E+14   4.43974E+33   1.19510E-05   2.85905E-01   3.27803E-01   2.43971E-01   1.39573E+01   2.99260E+02   3.13217E+02   3.13217E+02
 2.85208358216E-01 4.64428464044E+14   4.12700E+33   1.19931E-05   2.85220E-01   3.27104E-01   2.43300E-01   1.39737E+01   2.99021E+02   3.12994E+02   3.12994E+02
 2.84563335090E-01 4.63368118823E+14   3.83266E+33   1.20330E-05   2.84575E-01   3.26446E-01   2.42668E-01   1.39892E+01   2.98795E+02   3.12784E+02   3.12784E+02
 2.83956197667E-01 4.62370730396E+14   3.55584E+33   1.20708E-05   2.83968E-01   3.25827E-01   2.42074E-01   1.40038E+01   2.98582E+02   3.12586E+02   3.12586E+02
 2.83385144861E-01 4.61433220710E+14   3.29566E+33   1.21065E-05   2.83397E-01   3.25244E-01   2.41514E-01   1.40176E+01   2.98382E+02   3.12400E+02   3.12400E+02
 2.82848447399E-01 4.60552643743E+14   3.05131E+33   1.21402E-05   2.82861E-01   3.24696E-01   2.40989E-01   1.40306E+01   2.98194E+02   3.12224E+02   3.12224E+02
 2.82344444947E-01 4.59726179408E+14   2.82200E+33   1.21719E-05   2.82357E-01   3.24182E-01   2.40495E-01   1.40428E+01   2.98017E+02   3.12059E+02   3.12059E+02
 2.81871542971E-01 4.58951127139E+14   2.60698E+33   1.22019E-05   2.81884E-01   3.23699E-01   2.40032E-01   1.40543E+01   2.97850E+02   3.11904E+02   3.11904E+02
 2.81428210209E-01 4.58224900581E+14   2.40552E+33   1.22300E-05   2.81440E-01   3.23246E-01   2.39598E-01   1.40651E+01   2.97694E+02   3.11759E+02   3.11759E+02
 2.81012975993E-01 4.57545022157E+14   2.21694E+33   1.22565E-05   2.81025E-01   3.22823E-01   2.39191E-01   1.40752E+01   2.97547E+02   3.11623E+02   3.11623E+02
 2.80624427872E-01 4.56909118199E+14   2.04057E+33   1.22814E-05   2.80637E-01   3.22426E-01   2.38811E-01   1.40847E+01   2.97410E+02   3.11495E+02   3.11495E+02
 2.80261209345E-01 4.56314914364E+14   1.87577E+33   1.23047E-05   2.80274E-01   3.22055E-01   2.38455E-01   1.40936E+01   2.97282E+02   3.11375E+02   3.11375E+02
 2.79922017731E-01 4.55760231346E+14   1.72195E+33   1.23265E-05   2.79934E-01   3.21709E-01   2.38123E-01   1.41020E+01   2.97162E+02   3.11264E+02   3.11264E+02
 2.79605602163E-01 4.55242980860E+14   1.57852E+33   1.23469E-05   2.79618E-01   3.21386E-01   2.37813E-01   1.41098E+01   2.97050E+02   3.11160E+02   3.11160E+02
 2.79310761695E-01 4.54761161884E+14   1.44492E+33   1.23660E-05   2.79323E-01   3.21085E-01   2.37524E-01   1.41170E+01   2.96945E+02   3.11062E+02   3.11062E+02
 2.79036343515E-01 4.54312857126E+14   1.32062E+33   1.23838E-05   2.79049E-01   3.20805E-01   2.37256E-01   1.41238E+01   2.96848E+02   3.10972E+02   3.10972E+02
 2.78781241255E-01 4.53896229723E+14   1.20512E+33   1.24004E-05   2.78794E-01   3.20544E-01   2.37006E-01   1.41301E+01   2.96758E+02   3.10888E+02   3.10888E+02
 2.78544393398E-01 4.53509520126E+14   1.09791E+33   1.24158E-05   2.78557E-01   3.20302E-01   2.36774E-01   1.41359E+01   2.96674E+02   3.10810E+02   3.10810E+02
 2.78324781757E-01 4.53151043176E+14   9.98530E+32   1.24301E-05   2.78337E-01   3.20078E-01   2.36559E-01   1.41414E+01   2.96596E+02   3.10737E+02   3.10737E+02
 2.78121430048E-01 4.52819185348E+14   9.06536E+32   1.24434E-05   2.78134E-01   3.19870E-01   2.36360E-01   1.41464E+01   2.96523E+02   3.10670E+02   3.10670E+02
 2.77933402514E-01 4.52512402149E+14   8.21497E+32   1.24557E-05   2.77946E-01   3.19678E-01   2.36176E-01   1.41511E+01   2.96457E+02   3.10608E+02   3.10608E+02
 2.77759802638E-01 4.52229215667E+14   7.43001E+32   1.24671E-05   2.77772E-01   3.19501E-01   2.36006E-01   1.41554E+01   2.96395E+02   3.10550E+02   3.10550E+02
 2.77599771894E-01 4.51968212245E+14   6.70657E+32   1.24776E-05   2.77612E-01   3.19338E-01   2.35849E-01   1.41594E+01   2.96338E+02   3.10497E+02   3.10497E+02
 2.77452488571E-01 4.51728040275E+14   6.04089E+32   1.24873E-05   2.77465E-01   3.19187E-01   2.35705E-01   1.41630E+01   2.96285E+02   3.10449E+02   3.10449E+02
 2.77317166640E-01 4.51507408114E+14   5.42939E+32   1.24962E-05   2.77330E-01   3.19049E-01   2.35573E-01   1.41664E+01   2.96237E+02   3.10404E+02   3.10404E+02
 2.77193054669E-01 4.51305082091E+14   4.86864E+32   1.25043E-05   2.77206E-01   3.18923E-01   2.35451E-01   1.41695E+01   2.96193E+02   3.10363E+02   3.10363E+02
 2.77079434783E-01 4.51119884611E+14   4.35537E+32   1.25118E-05   2.77092E-01   3.18806E-01   2.35340E-01   1.41723E+01   2.96153E+02   3.10325E+02   3.10325E+02
 2.76975621661E-01 4.50950692346E+14   3.88648E+32   1.25187E-05   2.76988E-01   3.18700E-01   2.35238E-01   1.41749E+01   2.96116E+02   3.10291E+02   3.10291E+02
 2.76880961571E-01 4.50796434502E+14   3.45898E+32   1.25249E-05   2.76893E-01   3.18604E-01   2.35146E-01   1.41773E+01   2.96082E+02   3.10259E+02   3.10259E+02
 2.76794831434E-01 4.50656091159E+14   3.07005E+32   1.25306E-05   2.76807E-01   3.18516E-01   2.35061E-01   1.41794E+01   2.96051E+02   3.10231E+02   3.10231E+02
 2.76716637925E-01 4.50528691670E+14   2.71699E+32   1.25358E-05   2.76729E-01   3.18436E-01   2.34985E-01   1.41814E+01   2.96023E+02   3.10205E+02   3.10205E+02
 2.76645816596E-01 4.50413313126E+14   2.39726E+32   1.25405E-05   2.76658E-01   3.18364E-01   2.34915E-01   1.41831E+01   2.95998E+02   3.10181E+02   3.10181E+02
 2.76581831021E-01 4.50309078869E+14   2.10841E+32   1.25447E-05   2.76594E-01   3.18298E-01   2.34853E-01   1.41847E+01   2.95975E+02   3.10160E+02   3.10160E+02
 2.76524171971E-01 4.50215157053E+14   1.84814E+32   1.25486E-05   2.76537E-01   3.18239E-01   2.34796E-01   1.41862E+01   2.95955E+02   3.10141E+02   3.10141E+02
 2.76472356600E-01 4.50130759251E+14   1.61427E+32   1.25520E-05   2.76485E-01   3.18187E-01   2.34746E-01   1.41875E+01   2.95936E+02   3.10124E+02   3.10124E+02
 2.76425927659E-01 4.50055139099E+14   1.40472E+32   1.25551E-05   2.76438E-01   3.18139E-01   2.34700E-01   1.41886E+01   2.95920E+02   3.10108E+02   3.10108E+02
 2.76384452717E-01 4.49987590975E+14   1.21754E+32   1.25578E-05   2.76397E-01   3.18097E-01   2.34660E-01   1.41896E+01   2.95905E+02   3.10095E+02   3.10095E+02
 2.76347523403E-01 4.49927448710E+14   1.05089E+32   1.25603E-05   2.76360E-01   3.18059E-01   2.34623E-01   1.41906E+01   2.95892E+02   3.10082E+02   3.10082E+02
 2.76314754656E-01 4.49874084324E+14   9.03017E+31   1.25625E-05   2.76327E-01   3.18026E-01   2.34591E-01   1.41914E+01   2.95880E+02   3.10071E+02   3.10071E+02
 2.76285783991E-01 4.49826906795E+14   7.72290E+31   1.25644E-05   2.76298E-01   3.17996E-01   2.34563E-01   1.41921E+01   2.95870E+02   3.10062E+02   3.10062E+02
 2.76260270775E-01 4.49785360838E+14   6.57168E+31   1.25661E-05   2.76273E-01   3.17970E-01   2.34538E-01   1.41928E+01   2.95861E+02   3.10053E+02   3.10053E+02
 2.76237895506E-01 4.49748925715E+14   5.56209E+31   1.25676E-05   2.76250E-01   3.17947E-01   2.34516E-01   1.41933E+01   2.95853E+02   3.10046E+02   3.10046E+02
 2.76218359106E-01 4.49717114053E+14   4.68061E+31   1.25689E-05   2.76231E-01   3.17927E-01   2.34497E-01   1.41938E+01   2.95846E+02   3.10039E+02   3.10039E+02
 2.76201382222E-01 4.49689470685E+14   3.91464E+31   1.25700E-05   2.76214E-01   3.17910E-01   2.34480E-01   1.41942E+01   2.95840E+02   3.10034E+02   3.10034E+02
 2.76186704528E-01 4.49665571497E+14   3.25241E+31   1.25710E-05   2.76199E-01   3.17895E-01   2.34466E-01   1.41946E+01   2.95834E+02   3.10029E+02   3.10029E+02
 2.76174084036E-01 4.49645022292E+14   2.68302E+31   1.25718E-05   2.76187E-01   3.17882E-01   2.34454E-01   1.41949E+01   2.95830E+02   3.10025E+02   3.10025E+02
 2.76163296407E-01 4.49627457660E+14   2.19632E+31   1.25725E-05   2.76176E-01   3.17871E-01   2.34443E-01   1.41952E+01   2.95826E+02   3.10021E+02   3.10021E+02
 2.76154134275E-01 4.49612539862E+14   1.78296E+31   1.25731E-05   2.76167E-01   3.17862E-01   2.34434E-01   1.41954E+01   2.95823E+02   3.10018E+02   3.10018E+02
 2.76146406567E-01 4.49599957711E+14   1.43433E+31   1.25736E-05   2.76159E-01   3.17854E-01   2.34427E-01   1.41956E+01   2.95820E+02   3.10016E+02   3.10016E+02
 2.76139937823E-01 4.49589425474E+14   1.14249E+31   1.25741E-05   2.76153E-01   3.17847E-01   2.34420E-01   1.41958E+01   2.95818E+02   3.10013E+02   3.10013E+02
 2.76134567530E-01 4.49580681763E+14   9.00217E+30   1.25744E-05   2.76147E-01   3.17842E-01   2.34415E-01   1.41959E+01   2.95816E+02   3.10012E+02   3.10012E+02
 2.76130149448E-01 4.49573488445E+14   7.00900E+30   1.25747E-05   2.76143E-01   3.17837E-01   2.34411E-01   1.41960E+01   2.95814E+02   3.10010E+02   3.10010E+02
 2.76126550939E-01 4.49567629545E+14   5.38558E+30   1.25750E-05   2.76139E-01   3.17833E-01   2.34407E-01   1.41961E+01   2.95813E+02   3.10009E+02   3.10009E+02
 2.76123652303E-01 4.49562910158E+14   4.07790E+30   1.25751E-05   2.76136E-01   3.17830E-01   2.34404E-01   1.41962E+01   2.95812E+02   3.10008E+02   3.10008E+02
 2.76121346110E-01 4.49559155362E+14   3.03750E+30   1.25753E-05   2.76134E-01   3.17828E-01   2.34402E-01   1.41962E+01   2.95811E+02   3.10007E+02   3.10007E+02
 2.76119536533E-01 4.49556209132E+14   2.22114E+30   1.25754E-05   2.76132E-01   3.17826E-01   2.34400E-01   1.41963E+01   2.95810E+02   3.10007E+02   3.10007E+02
 2.76118138685E-01 4.49553933254E+14   1.59052E+30   1.25755E-05   2.76131E-01   3.17825E-01   2.34399E-01   1.41963E+01   2.95810E+02   3.10006E+02   3.10006E+02
 2.76117077954E-01 4.49552206248E+14   1.11200E+30   1.25756E-05   2.76130E-01   3.17824E-01   2.34398E-01   1.41963E+01   2.95809E+02   3.10006E+02   3.10006E+02
 2.76116289338E-01 4.49550922283E+14   7.56227E+29   1.25756E-05   2.76129E-01   3.17823E-01   2.34397E-01   1.41964E+01   2.95809E+02   3.10006E+02   3.10006E+02
 2.76115716785E-01 4.49549990095E+14   4.97931E+29   1.25757E-05   2.76128E-01   3.17822E-01   2.34397E-01   1.41964E+01   2.95809E+02   3.10005E+02   3.10005E+02
 2.76115312524E-01 4.49549331909E+14   3.15557E+29   1.25757E-05   2.76128E-01   3.17822E-01   2.34396E-01   1.41964E+01   2.95809E+02   3.10005E+02   3.10005E+02
 2.76115036409E-01 4.49548882360E+14   1.90993E+29   1.25757E-05   2.76128E-01   3.17822E-01   2.34396E-01   1.41964E+01   2.95809E+02   3.10005E+02   3.10005E+02
 2.76114855250E-01 4.49548587411E+14   1.09267E+29   1.25757E-05   2.76127E-01   3.17821E-01   2.34396E-01   1.41964E+01   2.95809E+02   3.10005E+02   3.10005E+02
 2.76114742154E-01 4.49548403276E+14   5.82458E+28   1.25757E-05   2.76127E-01   3.17821E-01   2.34396E-01   1.41964E+01   2.95809E+02   3.10005E+02   3.10005E+02
 2.76114675858E-01 4.49548295339E+14   2.83382E+28   1.25757E-05   2.76127E-01   3.17821E-01   2.34396E-01   1.41964E+01   2.95809E+02   3.10005E+02   3.10005E+02
 2.76114640074E-01 4.49548237078E+14   1.21948E+28   1.25757E-05   2.76127E-01   3.17821E-01   2.34395E-01   1.41964E+01   2.95809E+02   3.10005E+02   3.10005E+02
 2.76114622817E-01 4.49548208981E+14   4.40954E+27   1.25757E-05   2.76127E-01   3.17821E-01   2.34395E-01   1.41964E+01   2.95809E+02   3.10005E+02   3.10005E+02
 2.76114615748E-01 4.49548197473E+14   1.22072E+27   1.25757E-05   2.76127E-01   3.17821E-01   2.34395E-01   1.41964E+01   2.95809E+02   3.10005E+02   3.10005E+02
 2.76114613512E-01 4.49548193831E+14   2.11758E+26   1.25758E-05   2.76127E-01   3.17821E-01   2.34395E-01   1.41964E+01   2.95809E+02   3.10005E+02   3.10005E+02
 2.76114613070E-01 4.49548193112E+14   1.24563E+25   1.25758E-05   2.76127E-01   3.17821E-01   2.34395E-01   1.41964E+01   2.95809E+02   3.10005E+02   3.10005E+02
 2.76114613042E-01 4.49548193067E+14   1.00000E+00   1.25758E-05   2.76127E-01   3.17821E-01   2.34395E-01   1.41964E+01   2.95809E+02   3.10005E+02   3.10005E+02
