#      PC            ROC          NC         R(KM)       M/MSOL       A(E58)     MPROP/MSOL     I(E45)        Z
    0.99999999E+33   0.15639159E+15   0.92598648E-01    80.245594       0.95901157E-01   0.11436803E-01   0.96886757E-01   0.71678401E-01   0.17693407E-02    0.0000000        0.0000000    
    0.10232930E+34   0.15778367E+15   0.93416688E-01    74.862329       0.96629819E-01   0.11524466E-01   0.97635712E-01   0.69436925E-01   0.19113885E-02    0.0000000        0.0000000    
    0.10471285E+34   0.15918815E+15   0.94241956E-01    70.111058       0.97396671E-01   0.11616737E-01   0.98423604E-01   0.67652149E-01   0.20575659E-02    0.0000000        0.0000000    
    0.10715193E+34   0.16060513E+15   0.95074514E-01    65.892042       0.98200419E-01   0.11713464E-01   0.99249157E-01   0.66226908E-01   0.22078736E-02    0.0000000        0.0000000    
    0.10964782E+34   0.16203472E+15   0.95914427E-01    62.124645       0.99040041E-01   0.11814525E-01   0.10011137       0.65089688E-01   0.23623328E-02    0.0000000        0.0000000    
    0.11220184E+34   0.16347704E+15   0.96761760E-01    58.744053       0.99914616E-01   0.11919811E-01   0.10100933       0.64186806E-01   0.25209389E-02    0.0000000        0.0000000    
    0.11481536E+34   0.16493220E+15   0.97616578E-01    55.697273       0.10082363       0.12029262E-01   0.10194257       0.63478221E-01   0.26836837E-02    0.0000000        0.0000000    
    0.11748975E+34   0.16640031E+15   0.98478948E-01    52.939014       0.10176645       0.12142801E-01   0.10291044       0.62932092E-01   0.28506250E-02    0.0000000        0.0000000    
    0.12022644E+34   0.16788149E+15   0.99348937E-01    50.432579       0.10274250       0.12260365E-01   0.10391241       0.62523832E-01   0.30217699E-02    0.0000000        0.0000000    
    0.12302688E+34   0.16935808E+15   0.10021597        48.147175       0.10375171       0.12381944E-01   0.10494844       0.62234731E-01   0.31971331E-02    0.0000000        0.0000000    
    0.12589254E+34   0.17079593E+15   0.10105959        46.054311       0.10479485       0.12507634E-01   0.10601933       0.62049158E-01   0.33769340E-02    0.0000000        0.0000000    
    0.12882495E+34   0.17224600E+15   0.10191031        44.131563       0.10587233       0.12637485E-01   0.10712555       0.61955208E-01   0.35612765E-02    0.0000000        0.0000000    
    0.13182567E+34   0.17370837E+15   0.10276819        42.360705       0.10698410       0.12771496E-01   0.10826707       0.61943377E-01   0.37501715E-02    0.0000000        0.0000000    
    0.13489629E+34   0.17518317E+15   0.10363330        40.725359       0.10813010       0.12909659E-01   0.10944385       0.62005627E-01   0.39436853E-02    0.0000000        0.0000000    
    0.13803842E+34   0.17667048E+15   0.10450569        39.212270       0.10931048       0.13051995E-01   0.11065608       0.62135803E-01   0.41417974E-02    0.0000000        0.0000000    
    0.14125375E+34   0.17817042E+15   0.10538542        37.808962       0.11052516       0.13198497E-01   0.11190370       0.62328208E-01   0.43445704E-02    0.0000000        0.0000000    
    0.14454398E+34   0.17968309E+15   0.10627255        36.504845       0.11177421       0.13349176E-01   0.11318684       0.62578461E-01   0.45520395E-02    0.0000000        0.0000000    
    0.14791084E+34   0.18120861E+15   0.10716716        35.290487       0.11305782       0.13504057E-01   0.11450568       0.62882841E-01   0.47642592E-02    0.0000000        0.0000000    
    0.15135612E+34   0.18274708E+15   0.10806930        34.158060       0.11437602       0.13663146E-01   0.11586031       0.63238314E-01   0.49812085E-02    0.0000000        0.0000000    
    0.15488166E+34   0.18429861E+15   0.10897903        33.100028       0.11572900       0.13826469E-01   0.11725095       0.63642098E-01   0.52029587E-02    0.0000000        0.0000000    
    0.15848932E+34   0.18586332E+15   0.10989641        32.110016       0.11711684       0.13994039E-01   0.11867771       0.64092064E-01   0.54295279E-02    0.0000000        0.0000000    
    0.16218101E+34   0.18739642E+15   0.11079357        31.181870       0.11854041       0.14165963E-01   0.12014152       0.64586631E-01   0.56610549E-02    0.0000000        0.0000000    
    0.16595869E+34   0.18893644E+15   0.11169448        30.310296       0.12000078       0.14342372E-01   0.12164351       0.65124824E-01   0.58976651E-02    0.0000000        0.0000000    
    0.16982436E+34   0.19048912E+15   0.11260272        29.490420       0.12149819       0.14523298E-01   0.12318395       0.65705320E-01   0.61394787E-02    0.0000000        0.0000000    
    0.17378008E+34   0.19205456E+15   0.11351834        28.718354       0.12303309       0.14708799E-01   0.12476334       0.66327446E-01   0.63865273E-02    0.0000000        0.0000000    
    0.17782794E+34   0.19363286E+15   0.11444141        27.990586       0.12460563       0.14898897E-01   0.12638189       0.66990297E-01   0.66388247E-02    0.0000000        0.0000000    
    0.18197008E+34   0.19522413E+15   0.11537198        27.303608       0.12621608       0.15093626E-01   0.12803990       0.67693172E-01   0.68964675E-02    0.0000000        0.0000000    
    0.18620871E+34   0.19682848E+15   0.11631012        26.654867       0.12786496       0.15293053E-01   0.12973793       0.68435883E-01   0.71594053E-02    0.0000000        0.0000000    
    0.19054607E+34   0.19844602E+15   0.11725589        26.041266       0.12955225       0.15497181E-01   0.13147602       0.69217606E-01   0.74277647E-02    0.0000000        0.0000000    
    0.19498446E+34   0.20007685E+15   0.11820935        25.460620       0.13127850       0.15706078E-01   0.13325476       0.70038330E-01   0.77015245E-02    0.0000000        0.0000000    
    0.19952623E+34   0.20172108E+15   0.11917057        24.910535       0.13304400       0.15919782E-01   0.13507450       0.70897900E-01   0.79807658E-02    0.0000000        0.0000000    
    0.20417379E+34   0.20337572E+15   0.12013767        24.389027       0.13484913       0.16138344E-01   0.13693565       0.71796171E-01   0.82655114E-02    0.0000000        0.0000000    
    0.20892961E+34   0.20502529E+15   0.12110103        23.893867       0.13669469       0.16361866E-01   0.13883910       0.72733365E-01   0.85559576E-02    0.0000000        0.0000000    
    0.21379621E+34   0.20668825E+15   0.12207212        23.423485       0.13858127       0.16590423E-01   0.14078551       0.73709654E-01   0.88521231E-02    0.0000000        0.0000000    
    0.21877616E+34   0.20836469E+15   0.12305100        22.976244       0.14050932       0.16824073E-01   0.14277537       0.74725252E-01   0.91540906E-02    0.0000000        0.0000000    
    0.22387211E+34   0.21005473E+15   0.12403772        22.550647       0.14247923       0.17062868E-01   0.14480913       0.75780340E-01   0.94619370E-02    0.0000000        0.0000000    
    0.22908676E+34   0.21175847E+15   0.12503236        22.145633       0.14449146       0.17306867E-01   0.14688731       0.76875245E-01   0.97756046E-02    0.0000000        0.0000000    
    0.23442288E+34   0.21347604E+15   0.12603497        21.759564       0.14654638       0.17556122E-01   0.14901036       0.78010197E-01   0.10095326E-01    0.0000000        0.0000000    
    0.23988329E+34   0.21520754E+15   0.12704563        21.391701       0.14864450       0.17810699E-01   0.15117885       0.79185622E-01   0.10420980E-01    0.0000000        0.0000000    
    0.24547089E+34   0.21695308E+15   0.12806439        21.040782       0.15078607       0.18070633E-01   0.15339309       0.80401683E-01   0.10752709E-01    0.0000000        0.0000000    
    0.25118864E+34   0.21871278E+15   0.12909131        20.705706       0.15297163       0.18335995E-01   0.15565370       0.81658873E-01   0.11090644E-01    0.0000000        0.0000000    
    0.25703958E+34   0.22048684E+15   0.13012642        20.385859       0.15520159       0.18606839E-01   0.15796113       0.82957585E-01   0.11434687E-01    0.0000000        0.0000000    
    0.26302680E+34   0.22227599E+15   0.13116947        20.080219       0.15747650       0.18883240E-01   0.16031604       0.84298478E-01   0.11785000E-01    0.0000000        0.0000000    
    0.26915348E+34   0.22407966E+15   0.13222087        19.788038       0.15979674       0.19165246E-01   0.16271886       0.85681878E-01   0.12141618E-01    0.0000000        0.0000000    
    0.27542287E+34   0.22589796E+15   0.13328071        19.508655       0.16216274       0.19452918E-01   0.16517011       0.87108292E-01   0.12504554E-01    0.0000000        0.0000000    
    0.28183829E+34   0.22773102E+15   0.13434903        19.241199       0.16457504       0.19746328E-01   0.16767042       0.88578357E-01   0.12873999E-01    0.0000000        0.0000000    
    0.28840315E+34   0.22957895E+15   0.13542593        18.985141       0.16703404       0.20045530E-01   0.17022025       0.90092546E-01   0.13249943E-01    0.0000000        0.0000000    
    0.29512092E+34   0.23144188E+15   0.13651145        18.740039       0.16954036       0.20350604E-01   0.17282031       0.91651672E-01   0.13632350E-01    0.0000000        0.0000000    
    0.30199517E+34   0.23331992E+15   0.13760567        18.505136       0.17209443       0.20661612E-01   0.17547112       0.93256227E-01   0.14021423E-01    0.0000000        0.0000000    
    0.30902954E+34   0.23521321E+15   0.13870867        18.279928       0.17469668       0.20978610E-01   0.17817319       0.94906760E-01   0.14417213E-01    0.0000000        0.0000000    
    0.31622776E+34   0.23712185E+15   0.13982051        18.063980       0.17734771       0.21301683E-01   0.18092723       0.96604123E-01   0.14819759E-01    0.0000000        0.0000000    
    0.32359365E+34   0.23903076E+15   0.14093108        17.856747       0.18004844       0.21630946E-01   0.18373426       0.98349330E-01   0.15229238E-01    0.0000000        0.0000000    
    0.33113112E+34   0.24095209E+15   0.14204850        17.657905       0.18279955       0.21966490E-01   0.18659506       0.10014304       0.15645648E-01    0.0000000        0.0000000    
    0.33884415E+34   0.24288887E+15   0.14317479        17.466909       0.18560202       0.22308445E-01   0.18951074       0.10198663       0.16069234E-01    0.0000000        0.0000000    
    0.34673685E+34   0.24484121E+15   0.14431001        17.283472       0.18845613       0.22656847E-01   0.19248165       0.10388057       0.16499971E-01    0.0000000        0.0000000    
    0.35481339E+34   0.24680925E+15   0.14545422        17.107188       0.19136241       0.23011775E-01   0.19550845       0.10582561       0.16937986E-01    0.0000000        0.0000000    
    0.36307805E+34   0.24879311E+15   0.14660751        16.937809       0.19432179       0.23373347E-01   0.19859218       0.10782309       0.17383309E-01    0.0000000        0.0000000    
    0.37153522E+34   0.25079291E+15   0.14776995        16.774958       0.19733456       0.23741610E-01   0.20173323       0.10987354       0.17836057E-01    0.0000000        0.0000000    
    0.38018939E+34   0.25280879E+15   0.14894160        16.618322       0.20040126       0.24116637E-01   0.20493227       0.11197779       0.18296334E-01    0.0000000        0.0000000    
    0.38904514E+34   0.25483966E+15   0.15012154        16.467747       0.20352264       0.24498531E-01   0.20819016       0.11413698       0.18764094E-01    0.0000000        0.0000000    
    0.39810717E+34   0.25687635E+15   0.15130207        16.322833       0.20669968       0.24887419E-01   0.21150802       0.11635236       0.19239614E-01    0.0000000        0.0000000    
    0.40738027E+34   0.25892931E+15   0.15249189        16.183359       0.20993294       0.25283378E-01   0.21488654       0.11862471       0.19722950E-01    0.0000000        0.0000000    
    0.41686938E+34   0.26099867E+15   0.15369107        16.049101       0.21322318       0.25686514E-01   0.21832662       0.12095526       0.20214192E-01    0.0000000        0.0000000    
    0.42657951E+34   0.26308458E+15   0.15489967        15.919793       0.21657117       0.26096929E-01   0.22182916       0.12334525       0.20713504E-01    0.0000000        0.0000000    
    0.43651583E+34   0.26518716E+15   0.15611779        15.795331       0.21997724       0.26514674E-01   0.22539462       0.12579531       0.21220809E-01    0.0000000        0.0000000    
    0.44668359E+34   0.26730654E+15   0.15734547        15.675418       0.22344243       0.26939887E-01   0.22902421       0.12830706       0.21736372E-01    0.0000000        0.0000000    
    0.45708818E+34   0.26944285E+15   0.15858282        15.559900       0.22696701       0.27372615E-01   0.23271832       0.13088111       0.22260207E-01    0.0000000        0.0000000    
    0.46773514E+34   0.27159624E+15   0.15982989        15.448619       0.23055178       0.27812964E-01   0.23647789       0.13351874       0.22792389E-01    0.0000000        0.0000000    
    0.47863009E+34   0.27376268E+15   0.16108177        15.341373       0.23419747       0.28261039E-01   0.24030383       0.13622116       0.23333076E-01    0.0000000        0.0000000    
    0.48977881E+34   0.27594573E+15   0.16234267        15.238023       0.23790486       0.28716944E-01   0.24419709       0.13898963       0.23882342E-01    0.0000000        0.0000000    
    0.50118723E+34   0.27814620E+15   0.16361343        15.138335       0.24167467       0.29180779E-01   0.24815852       0.14182537       0.24440428E-01    0.0000000        0.0000000    
    0.51286138E+34   0.28036421E+15   0.16489414        15.042302       0.24550749       0.29652635E-01   0.25218892       0.14472951       0.25007201E-01    0.0000000        0.0000000    
    0.52480745E+34   0.28259990E+15   0.16618488        14.949705       0.24940395       0.30132596E-01   0.25628904       0.14770318       0.25582889E-01    0.0000000        0.0000000    
    0.53703179E+34   0.28485343E+15   0.16748572        14.860422       0.25336496       0.30620792E-01   0.26046002       0.15074799       0.26167608E-01    0.0000000        0.0000000    
    0.54954087E+34   0.28712492E+15   0.16879674        14.774350       0.25739096       0.31117287E-01   0.26470244       0.15386482       0.26761394E-01    0.0000000        0.0000000    
    0.56234132E+34   0.28941448E+15   0.17011779        14.691328       0.26148289       0.31622213E-01   0.26901744       0.15705533       0.27364456E-01    0.0000000        0.0000000    
    0.57543993E+34   0.29172182E+15   0.17144680        14.611257       0.26564112       0.32135633E-01   0.27340558       0.16032037       0.27976847E-01    0.0000000        0.0000000    
    0.58884365E+34   0.29404755E+15   0.17278618        14.534046       0.26986660       0.32657676E-01   0.27786800       0.16366162       0.28598665E-01    0.0000000        0.0000000    
    0.60255958E+34   0.29639183E+15   0.17413603        14.459570       0.27415991       0.33188429E-01   0.28240550       0.16708026       0.29230052E-01    0.0000000        0.0000000    
    0.61659499E+34   0.29875479E+15   0.17549643        14.387750       0.27852178       0.33727998E-01   0.28701899       0.17057767       0.29871080E-01    0.0000000        0.0000000    
    0.63095734E+34   0.30113660E+15   0.17686746        14.318452       0.28295277       0.34276469E-01   0.29170924       0.17415504       0.30521934E-01    0.0000000        0.0000000    
    0.64565422E+34   0.30353739E+15   0.17824919        14.251591       0.28745383       0.34833976E-01   0.29647743       0.17781416       0.31182749E-01    0.0000000        0.0000000    
    0.66069344E+34   0.30595732E+15   0.17964172        14.187142       0.29202530       0.35400580E-01   0.30132411       0.18155582       0.31853458E-01    0.0000000        0.0000000    
    0.67608297E+34   0.31608769E+15   0.18545940        14.126787       0.29651121       0.35956949E-01   0.30608408       0.18524585       0.32511882E-01    0.0000000        0.0000000    
    0.69183096E+34   0.32933360E+15   0.19305941        14.073869       0.30053999       0.36456946E-01   0.31036345       0.18854095       0.33105934E-01    0.0000000        0.0000000    
    0.70794578E+34   0.34313458E+15   0.20097086        14.026908       0.30413077       0.36902857E-01   0.31418206       0.19143356       0.33639539E-01    0.0000000        0.0000000    
    0.72443595E+34   0.35751391E+15   0.20920651        13.984574       0.30731814       0.37298889E-01   0.31757606       0.19394083       0.34118564E-01    0.0000000        0.0000000    
    0.74131023E+34   0.36149900E+15   0.21148667        13.944157       0.31029901       0.37669458E-01   0.32075435       0.19622139       0.34571947E-01    0.0000000        0.0000000    
    0.75857757E+34   0.36439034E+15   0.21314028        13.902855       0.31333657       0.38047262E-01   0.32399648       0.19850692       0.35037593E-01    0.0000000        0.0000000    
    0.77624711E+34   0.36730482E+15   0.21480682        13.860990       0.31644238       0.38433740E-01   0.32731456       0.20081880       0.35516243E-01    0.0000000        0.0000000    
    0.79432823E+34   0.37024260E+15   0.21648640        13.818639       0.31961840       0.38829155E-01   0.33071066       0.20316381       0.36008139E-01    0.0000000        0.0000000    
    0.81283051E+34   0.37320387E+15   0.21817910        13.776033       0.32286694       0.39233801E-01   0.33418728       0.20554869       0.36513140E-01    0.0000000        0.0000000    
    0.83176376E+34   0.37618884E+15   0.21988504        13.733254       0.32618928       0.39647852E-01   0.33774587       0.20797784       0.37031361E-01    0.0000000        0.0000000    
    0.85113803E+34   0.37917638E+15   0.22158843        13.690436       0.32958662       0.40071474E-01   0.34138781       0.21045491       0.37562754E-01    0.0000000        0.0000000    
    0.87096358E+34   0.38218610E+15   0.22330387        13.647618       0.33306052       0.40504874E-01   0.34511488       0.21298361       0.38107573E-01    0.0000000        0.0000000    
    0.89125093E+34   0.38521972E+15   0.22503258        13.604881       0.33661176       0.40948164E-01   0.34892806       0.21556691       0.38665852E-01    0.0000000        0.0000000    
    0.91201083E+34   0.38827741E+15   0.22677467        13.562312       0.34024129       0.41401479E-01   0.35282850       0.21820741       0.39237610E-01    0.0000000        0.0000000    
    0.93325429E+34   0.39135937E+15   0.22853026        13.519986       0.34394985       0.41864928E-01   0.35681715       0.22090761       0.39822869E-01    0.0000000        0.0000000    
    0.95499257E+34   0.39446135E+15   0.23029639        13.477886       0.34773845       0.42338652E-01   0.36089526       0.22367011       0.40421957E-01    0.0000000        0.0000000    
    0.97723721E+34   0.39756585E+15   0.23206108        13.436129       0.35160810       0.42822797E-01   0.36506409       0.22649709       0.41034785E-01    0.0000000        0.0000000    
    0.99999999E+34   0.40069478E+15   0.23383930        13.394750       0.35556028       0.43317567E-01   0.36932540       0.22939165       0.41661559E-01    0.0000000        0.0000000    
    0.10232930E+35   0.40384833E+15   0.23563114        13.353761       0.35959535       0.43823025E-01   0.37367980       0.23235530       0.42302426E-01    0.0000000        0.0000000    
    0.10471285E+35   0.40702670E+15   0.23743672        13.313202       0.36371448       0.44339338E-01   0.37812872       0.23539073       0.42957537E-01    0.0000000        0.0000000    
    0.10715193E+35   0.41023009E+15   0.23925612        13.272918       0.36791803       0.44866572E-01   0.38267277       0.23849938       0.43627607E-01    0.0000000        0.0000000    
    0.10964782E+35   0.41344544E+15   0.24107894        13.233493       0.37220710       0.45404885E-01   0.38731336       0.24168382       0.44310862E-01    0.0000000        0.0000000    
    0.11220184E+35   0.41667685E+15   0.24290836        13.194435       0.37658261       0.45954415E-01   0.39205169       0.24494581       0.45009255E-01    0.0000000        0.0000000    
    0.11481536E+35   0.41993351E+15   0.24475167        13.155921       0.38104568       0.46515322E-01   0.39688922       0.24828787       0.45722430E-01    0.0000000        0.0000000    
    0.11748975E+35   0.42321563E+15   0.24660896        13.117974       0.38559682       0.47087696E-01   0.40182674       0.25171166       0.46450477E-01    0.0000000        0.0000000    
    0.12022644E+35   0.42652340E+15   0.24848035        13.080661       0.39023689       0.47671666E-01   0.40686542       0.25521937       0.47193358E-01    0.0000000        0.0000000    
    0.12302688E+35   0.42985181E+15   0.25036201        13.043827       0.39496618       0.48267295E-01   0.41200586       0.25881225       0.47951827E-01    0.0000000        0.0000000    
    0.12589254E+35   0.43318431E+15   0.25224143        13.007745       0.39978614       0.48874794E-01   0.41724987       0.26249291       0.48725099E-01    0.0000000        0.0000000    
    0.12882495E+35   0.43654265E+15   0.25413495        12.972159       0.40469808       0.49494346E-01   0.42259917       0.26626400       0.49514468E-01    0.0000000        0.0000000    
    0.13182567E+35   0.43992702E+15   0.25604269        12.937402       0.40970257       0.50126048E-01   0.42805464       0.27012728       0.50318749E-01    0.0000000        0.0000000    
    0.13489629E+35   0.44333762E+15   0.25796474        12.903193       0.41480001       0.50769985E-01   0.43361703       0.27408428       0.51139244E-01    0.0000000        0.0000000    
    0.13803842E+35   0.44677467E+15   0.25990123        12.869646       0.41999105       0.51426268E-01   0.43928735       0.27813682       0.51975655E-01    0.0000000        0.0000000    
    0.14125375E+35   0.45021231E+15   0.26183375        12.836747       0.42527636       0.52095005E-01   0.44506664       0.28228658       0.52828233E-01    0.0000000        0.0000000    
    0.14454398E+35   0.45367500E+15   0.26377963        12.804549       0.43065783       0.52776469E-01   0.45095728       0.28653694       0.53697071E-01    0.0000000        0.0000000    
    0.14791084E+35   0.45716432E+15   0.26573998        12.772860       0.43613586       0.53470740E-01   0.45696004       0.29088942       0.54583198E-01    0.0000000        0.0000000    
    0.15135612E+35   0.46068047E+15   0.26771490        12.742112       0.44171023       0.54177827E-01   0.46307504       0.29534484       0.55484672E-01    0.0000000        0.0000000    
    0.15488166E+35   0.46422367E+15   0.26970449        12.711904       0.44738262       0.54897966E-01   0.46930445       0.29990664       0.56403661E-01    0.0000000        0.0000000    
    0.15848932E+35   0.46777424E+15   0.27169238        12.682438       0.45315338       0.55631240E-01   0.47564901       0.30457613       0.57339340E-01    0.0000000        0.0000000    
    0.16218101E+35   0.47134849E+15   0.27369204        12.653567       0.45902350       0.56377810E-01   0.48211020       0.30935538       0.58292642E-01    0.0000000        0.0000000    
    0.16595869E+35   0.47495005E+15   0.27570642        12.625381       0.46499390       0.57137824E-01   0.48868940       0.31424709       0.59263339E-01    0.0000000        0.0000000    
    0.16982436E+35   0.47857913E+15   0.27773562        12.597830       0.47106463       0.57911336E-01   0.49538706       0.31925228       0.60251773E-01    0.0000000        0.0000000    
    0.17378008E+35   0.48223594E+15   0.27977976        12.571058       0.47723632       0.58698439E-01   0.50220427       0.32437297       0.61257356E-01    0.0000000        0.0000000    
    0.17782794E+35   0.48589914E+15   0.28182131        12.544925       0.48351019       0.59499346E-01   0.50914279       0.32961197       0.62281052E-01    0.0000000        0.0000000    
    0.18197008E+35   0.48958755E+15   0.28387563        12.519417       0.48988676       0.60314159E-01   0.51620363       0.33497082       0.63323109E-01    0.0000000        0.0000000    
    0.18620871E+35   0.49330396E+15   0.28594493        12.494554       0.49636692       0.61143036E-01   0.52338822       0.34045202       0.64383620E-01    0.0000000        0.0000000    
    0.19054607E+35   0.49704859E+15   0.28802931        12.470386       0.50295025       0.61985948E-01   0.53069654       0.34605616       0.65462326E-01    0.0000000        0.0000000    
    0.19498446E+35   0.50082028E+15   0.29012774        12.446845       0.50963798       0.62843107E-01   0.53813040       0.35178647       0.66559854E-01    0.0000000        0.0000000    
    0.19952623E+35   0.50459963E+15   0.29222393        12.423954       0.51643066       0.63714629E-01   0.54569088       0.35764457       0.67676232E-01    0.0000000        0.0000000    
    0.20417379E+35   0.50840750E+15   0.29433527        12.401659       0.52332932       0.64600679E-01   0.55337962       0.36363304       0.68812014E-01    0.0000000        0.0000000    
    0.20892961E+35   0.51224410E+15   0.29646186        12.380007       0.53033429       0.65501348E-01   0.56119748       0.36975389       0.69967051E-01    0.0000000        0.0000000    
    0.21379621E+35   0.51610966E+15   0.29860381        12.358973       0.53744570       0.66416701E-01   0.56914511       0.37600853       0.71141590E-01    0.0000000        0.0000000    
    0.21877616E+35   0.51999859E+15   0.30075542        12.338543       0.54466370       0.67346807E-01   0.57722320       0.38239852       0.72335822E-01    0.0000000        0.0000000    
    0.22387211E+35   0.52390607E+15   0.30291175        12.318672       0.55198944       0.68291862E-01   0.58543358       0.38892675       0.73550306E-01    0.0000000        0.0000000    
    0.22908676E+35   0.52784291E+15   0.30508354        12.299418       0.55942300       0.69251919E-01   0.59377689       0.39559465       0.74784755E-01    0.0000000        0.0000000    
    0.23442288E+35   0.53180933E+15   0.30727091        12.280777       0.56696489       0.70227097E-01   0.60225424       0.40240447       0.76039355E-01    0.0000000        0.0000000    
    0.23988329E+35   0.53580557E+15   0.30947395        12.262675       0.57461508       0.71217442E-01   0.61086619       0.40935765       0.77314695E-01    0.0000000        0.0000000    
    0.24547089E+35   0.55616549E+15   0.32065697        12.245809       0.58194925       0.72167986E-01   0.61913607       0.41604076       0.78541666E-01    0.0000000        0.0000000    
    0.25118864E+35   0.56036666E+15   0.32296515        12.229501       0.58899907       0.73082702E-01   0.62710095       0.42243066       0.79728937E-01    0.0000000        0.0000000    
    0.25703958E+35   0.56459957E+15   0.32528995        12.213223       0.59615132       0.74011743E-01   0.63519533       0.42891321       0.80938744E-01    0.0000000        0.0000000    
    0.26302680E+35   0.56886445E+15   0.32763148        12.197034       0.60340891       0.74955535E-01   0.64342250       0.43550258       0.82171355E-01    0.0000000        0.0000000    
    0.26915348E+35   0.57316154E+15   0.32998987        12.181071       0.61077323       0.75914318E-01   0.65178431       0.44220658       0.83426194E-01    0.0000000        0.0000000    
    0.27542287E+35   0.57746467E+15   0.33234403        12.165302       0.61824590       0.76888354E-01   0.66028303       0.44903154       0.84703978E-01    0.0000000        0.0000000    
    0.28183829E+35   0.58179999E+15   0.33471489        12.149792       0.62582841       0.77877878E-01   0.66892081       0.45598291       0.86004640E-01    0.0000000        0.0000000    
    0.28840315E+35   0.58616785E+15   0.33710267        12.134536       0.63352097       0.78882988E-01   0.67769846       0.46306404       0.87328486E-01    0.0000000        0.0000000    
    0.29512092E+35   0.59056851E+15   0.33950747        12.119554       0.64132410       0.79903800E-01   0.68661711       0.47027852       0.88675635E-01    0.0000000        0.0000000    
    0.30199517E+35   0.59498524E+15   0.34191379        12.104823       0.64923816       0.80940434E-01   0.69567780       0.47762927       0.90046559E-01    0.0000000        0.0000000    
    0.30902954E+35   0.59943062E+15   0.34433312        12.090370       0.65726411       0.81993052E-01   0.70488222       0.48511988       0.91441396E-01    0.0000000        0.0000000    
    0.31622776E+35   0.60390922E+15   0.34676957        12.076376       0.66540195       0.83061737E-01   0.71423105       0.49275268       0.92858780E-01    0.0000000        0.0000000    
    0.32359365E+35   0.60842128E+15   0.34922325        12.062574       0.67365180       0.84146553E-01   0.72372508       0.50053025       0.94301265E-01    0.0000000        0.0000000    
    0.33113112E+35   0.61295698E+15   0.35168245        12.049074       0.68201377       0.85247583E-01   0.73336513       0.50845494       0.95768113E-01    0.0000000        0.0000000    
    0.33884415E+35   0.61752181E+15   0.35415346        12.035923       0.69048804       0.86364920E-01   0.74315213       0.51652888       0.97259145E-01    0.0000000        0.0000000    
    0.34673685E+35   0.62212065E+15   0.35664183        12.022927       0.69907468       0.87498633E-01   0.75308686       0.52475448       0.98776402E-01    0.0000000        0.0000000    
    0.35481339E+35   0.62675373E+15   0.35914769        12.010513       0.70777347       0.88648763E-01   0.76316984       0.53313353       0.10031603        0.0000000        0.0000000    
    0.36307805E+35   0.63141231E+15   0.36166015        11.998257       0.71658407       0.89815329E-01   0.77340142       0.54166764       0.10188220        0.0000000        0.0000000    
    0.37153522E+35   0.63610088E+15   0.36418451        11.986337       0.72550707       0.90998470E-01   0.78378308       0.55035974       0.10347355        0.0000000        0.0000000    
    0.38018939E+35   0.64082427E+15   0.36672650        11.974649       0.73454169       0.92198176E-01   0.79431472       0.55921051       0.10509120        0.0000000        0.0000000    
    0.38904514E+35   0.64558273E+15   0.36928622        11.963332       0.74368716       0.93414401E-01   0.80499627       0.56822116       0.10673386        0.0000000        0.0000000    
    0.39810717E+35   0.65036862E+15   0.37185287        11.952294       0.75294460       0.94647372E-01   0.81582981       0.57739539       0.10840288        0.0000000        0.0000000    
    0.40738027E+35   0.65518692E+15   0.37443312        11.941543       0.76231223       0.95896927E-01   0.82681418       0.58673246       0.11009812        0.0000000        0.0000000    
    0.41686938E+35   0.66004092E+15   0.37703127        11.931041       0.77179008       0.97163151E-01   0.83795027       0.59623440       0.11182025        0.0000000        0.0000000    
    0.42657951E+35   0.66493088E+15   0.37964745        11.920836       0.78137842       0.98446130E-01   0.84923924       0.60590419       0.11356903        0.0000000        0.0000000    
    0.43651583E+35   0.66985640E+15   0.38227101        11.911047       0.79107481       0.99745647E-01   0.86067917       0.61573985       0.11534296        0.0000000        0.0000000    
    0.44668359E+35   0.67481830E+15   0.38491102        11.901426       0.80087955       0.10106181       0.87227132       0.62574383       0.11714510        0.0000000        0.0000000    
    0.45708818E+35   0.67981696E+15   0.38756926        11.892072       0.81079236       0.10239465       0.88401625       0.63591836       0.11897458        0.0000000        0.0000000    
    0.46773514E+35   0.68485217E+15   0.39024476        11.882982       0.82081177       0.10374404       0.89591319       0.64626294       0.12083144        0.0000000        0.0000000    
    0.47863009E+35   0.68991986E+15   0.39292784        11.874120       0.83093668       0.10510995       0.90796184       0.65677770       0.12271620        0.0000000        0.0000000    
    0.48977881E+35   0.69502504E+15   0.39562937        11.865594       0.84116691       0.10649241       0.92016292       0.66746471       0.12462777        0.0000000        0.0000000    
    0.50118723E+35   0.70016800E+15   0.39834947        11.857191       0.85150163       0.10789140       0.93251641       0.67832492       0.12656893        0.0000000        0.0000000    
    0.51286138E+35   0.70535145E+15   0.40108424        11.849086       0.86193916       0.10930678       0.94502138       0.68935754       0.12853748        0.0000000        0.0000000    
    0.52480745E+35   0.71057701E+15   0.40383160        11.841182       0.87247836       0.11073847       0.95767745       0.70056298       0.13053477        0.0000000        0.0000000    
    0.53703179E+35   0.71584128E+15   0.40659777        11.833510       0.88311828       0.11218643       0.97048450       0.71194210       0.13256050        0.0000000        0.0000000    
    0.54954087E+35   0.72114455E+15   0.40938290        11.826036       0.89385751       0.11365056       0.98344191       0.72349444       0.13461519        0.0000000        0.0000000    
    0.56234132E+35   0.72649289E+15   0.41218082        11.818762       0.90469473       0.11513076       0.99654915       0.73522020       0.13669889        0.0000000        0.0000000    
    0.57543993E+35   0.73188253E+15   0.41499607        11.811700       0.91562856       0.11662693        1.0098056       0.74711934       0.13881151        0.0000000        0.0000000    
    0.58884365E+35   0.73731215E+15   0.41783055        11.804753       0.92665714       0.11813890        1.0232102       0.75919061       0.14095442        0.0000000        0.0000000    
    0.60255958E+35   0.74278391E+15   0.42068252        11.798077       0.93777957       0.11966664        1.0367628       0.77143489       0.14312555        0.0000000        0.0000000    
    0.61659499E+35   0.74830219E+15   0.42354794        11.791542       0.94899382       0.12120995        1.0504621       0.78385084       0.14532674        0.0000000        0.0000000    
    0.63095734E+35   0.75386148E+15   0.42643289        11.785176       0.96029887       0.12276879        1.0643080       0.79643918       0.14755772        0.0000000        0.0000000    
    0.64565422E+35   0.75946206E+15   0.42933748        11.778948       0.97169231       0.12434292        1.0782988       0.80919749       0.14981892        0.0000000        0.0000000    
    0.66069344E+35   0.76511754E+15   0.43225723        11.772896       0.98317252       0.12593221        1.0924334       0.82212529       0.15210977        0.0000000        0.0000000    
    0.67608297E+35   0.77081907E+15   0.43519547        11.766956       0.99473796       0.12753650        1.1067113       0.83522255       0.15443136        0.0000000        0.0000000    
    0.69183096E+35   0.77656308E+15   0.43815368        11.761162        1.0063858       0.12915554        1.1211301       0.84848609       0.15678302        0.0000000        0.0000000    
    0.70794578E+35   0.78235684E+15   0.44112996        11.755445        1.0181148       0.13078920        1.1356893       0.86191569       0.15916600        0.0000000        0.0000000    
    0.72443595E+35   0.78820527E+15   0.44412310        11.749891        1.0299224       0.13243723        1.1503870       0.87550922       0.16157878        0.0000000        0.0000000    
    0.74131023E+35   0.79409742E+15   0.44713655        11.744413        1.0418067       0.13409946        1.1652222       0.88926577       0.16402287        0.0000000        0.0000000    
    0.75857757E+35   0.80003465E+15   0.45017024        11.739062        1.0537658       0.13577570        1.1801934       0.90318350       0.16649740        0.0000000        0.0000000    
    0.77624711E+35   0.80603373E+15   0.45322091        11.733768        1.0657968       0.13746566        1.1952985       0.91725950       0.16900349        0.0000000        0.0000000    
    0.79432823E+35   0.81207780E+15   0.45629225        11.728595        1.0778978       0.13916913        1.2105360       0.93149261       0.17153999        0.0000000        0.0000000    
    0.81283051E+35   0.81816719E+15   0.45938441        11.723442        1.0900665       0.14088589        1.2259046       0.94588041       0.17410877        0.0000000        0.0000000    
    0.83176376E+35   0.82432193E+15   0.46249441        11.718381        1.1023004       0.14261567        1.2414019       0.96042023       0.17670840        0.0000000        0.0000000    
    0.85113803E+35   0.83052787E+15   0.46562468        11.713331        1.1145968       0.14435819        1.2570261       0.97510979       0.17934035        0.0000000        0.0000000    
    0.87096358E+35   0.83678054E+15   0.46877615        11.708409        1.1269531       0.14611314        1.2727749       0.98994546       0.18200223        0.0000000        0.0000000    
    0.89125093E+35   0.84309765E+15   0.47194771        11.703511        1.1393674       0.14788034        1.2886472        1.0049262       0.18469619        0.0000000        0.0000000    
    0.91201083E+35   0.84947348E+15   0.47513997        11.698615        1.1518359       0.14965938        1.3046394        1.0200470       0.18742232        0.0000000        0.0000000    
    0.93325429E+35   0.85589752E+15   0.47835381        11.693751        1.1643562       0.15144993        1.3207496        1.0353049       0.19018004        0.0000000        0.0000000    
    0.95499257E+35   0.86238633E+15   0.48158876        11.688912        1.1769262       0.15325182        1.3369763        1.0506978       0.19296947        0.0000000        0.0000000    
    0.97723721E+35   0.86894128E+15   0.48484493        11.684070        1.1895420       0.15506454        1.3533156        1.0662206       0.19579090        0.0000000        0.0000000    
    0.99999999E+35   0.87554605E+15   0.48812312        11.679251        1.2022008       0.15688781        1.3697654        1.0818694       0.19864368        0.0000000        0.0000000    
    0.10232930E+36   0.88221312E+15   0.49142186        11.674395        1.2148999       0.15872129        1.3863232        1.0976404       0.20152902        0.0000000        0.0000000    
    0.10471285E+36   0.88894709E+15   0.49474075        11.669526        1.2276376       0.16056477        1.4029879        1.1135334       0.20444657        0.0000000        0.0000000    
    0.10715193E+36   0.89573246E+15   0.49808206        11.664674        1.2404092       0.16241771        1.4197547        1.1295396       0.20739511        0.0000000        0.0000000    
    0.10964782E+36   0.90258861E+15   0.50144771        11.659796        1.2532123       0.16427980        1.4366217        1.1456561       0.21037556        0.0000000        0.0000000    
    0.11220184E+36   0.90952269E+15   0.50483849        11.654824        1.2660432       0.16615062        1.4535851        1.1618781       0.21338934        0.0000000        0.0000000    
    0.11481536E+36   0.91651004E+15   0.50825220        11.649849        1.2788989       0.16802973        1.4706423        1.1782010       0.21643406        0.0000000        0.0000000    
    0.11748975E+36   0.92356565E+15   0.51168669        11.644875        1.2917766       0.16991683        1.4877906        1.1946205       0.21950950        0.0000000        0.0000000    
    0.12022644E+36   0.93069083E+15   0.51514199        11.639798        1.3046726       0.17181145        1.5050264        1.2111309       0.22261796        0.0000000        0.0000000    
    0.12302688E+36   0.93787097E+15   0.51862062        11.634685        1.3175842       0.17371323        1.5223470        1.2277280       0.22575765        0.0000000        0.0000000    
    0.12589254E+36   0.94513269E+15   0.52212284        11.629483        1.3305082       0.17562177        1.5397494        1.2444065       0.22892976        0.0000000        0.0000000    
    0.12882495E+36   0.95246783E+15   0.52564876        11.624268        1.3434407       0.17753654        1.5572295        1.2611605       0.23213189        0.0000000        0.0000000    
    0.13182567E+36   0.95985989E+15   0.52919849        11.618804        1.3563787       0.17945718        1.5747844        1.2779850       0.23537038        0.0000000        0.0000000    
    0.13489629E+36   0.96734693E+15   0.53277551        11.613463        1.3693192       0.18138326        1.5924110        1.2948749       0.23863467        0.0000000        0.0000000    
    0.13803842E+36   0.97490337E+15   0.53637768        11.607947        1.3822574       0.18331416        1.6101041        1.3118222       0.24193258        0.0000000        0.0000000    
    0.14125375E+36   0.98251889E+15   0.54000420        11.602337        1.3951912       0.18524957        1.6278615        1.3288229       0.24526184        0.0000000        0.0000000    
    0.14454398E+36   0.99024819E+15   0.54365528        11.596622        1.4081164       0.18718894        1.6456790        1.3458702       0.24862230        0.0000000        0.0000000    
    0.14791084E+36   0.99803829E+15   0.54733104        11.590752        1.4210291       0.18913168        1.6635519        1.3629567       0.25201511        0.0000000        0.0000000    
    0.15135612E+36   0.10058946E+16   0.55103173        11.584882        1.4339267       0.19107746        1.6814777        1.3800778       0.25543539        0.0000000        0.0000000    
    0.15488166E+36   0.10138258E+16   0.55475760        11.578836        1.4468056       0.19302583        1.6994524        1.3972264       0.25888818        0.0000000        0.0000000    
    0.15848932E+36   0.10218195E+16   0.55850867        11.572657        1.4596639       0.19497641        1.7174741        1.4143997       0.26237231        0.0000000        0.0000000    
    0.16218101E+36   0.10299352E+16   0.56228760        11.566372        1.4724969       0.19692861        1.7355375        1.4315881       0.26588626        0.0000000        0.0000000    
    0.16595869E+36   0.10381544E+16   0.56609374        11.559959        1.4852998       0.19888172        1.7536367        1.4487835       0.26942997        0.0000000        0.0000000    
    0.16982436E+36   0.10464391E+16   0.56992564        11.553390        1.4980695       0.20083528        1.7717681        1.4659796       0.27300421        0.0000000        0.0000000    
    0.17378008E+36   0.10548104E+16   0.57378729        11.546692        1.5108027       0.20278872        1.7899279        1.4831694       0.27660770        0.0000000        0.0000000    
    0.17782794E+36   0.10632491E+16   0.57767518        11.539810        1.5234966       0.20474174        1.8081130        1.5003477       0.28024216        0.0000000        0.0000000    
    0.18197008E+36   0.10717920E+16   0.58158946        11.532867        1.5361479       0.20669376        1.8263195        1.5175071       0.28390292        0.0000000        0.0000000    
    0.18620871E+36   0.10804578E+16   0.58553033        11.525703        1.5487518       0.20864412        1.8445413        1.5346389       0.28759485        0.0000000        0.0000000    
    0.19054607E+36   0.10891937E+16   0.58949791        11.518393        1.5613054       0.21059228        1.8627747        1.5517370       0.29131506        0.0000000        0.0000000    
    0.19498446E+36   0.10980106E+16   0.59349269        11.510939        1.5738048       0.21253772        1.8810153        1.5687923       0.29506289        0.0000000        0.0000000    
    0.19952623E+36   0.11069005E+16   0.59751458        11.503339        1.5862485       0.21448011        1.8992610        1.5858020       0.29883846        0.0000000        0.0000000    
    0.20417379E+36   0.11159040E+16   0.60156656        11.495550        1.5986330       0.21641901        1.9175078        1.6027580       0.30264296        0.0000000        0.0000000    
    0.20892961E+36   0.11250479E+16   0.60565055        11.487606        1.6109536       0.21835354        1.9357489        1.6196515       0.30647425        0.0000000        0.0000000    
    0.21379621E+36   0.11342666E+16   0.60976228        11.479476        1.6232065       0.22028316        1.9539797        1.6364737       0.31033291        0.0000000        0.0000000    
    0.21877616E+36   0.11436094E+16   0.61390208        11.471178        1.6353892       0.22220744        1.9721967        1.6532190       0.31421798        0.0000000        0.0000000    
    0.22387211E+36   0.11530321E+16   0.61807000        11.462703        1.6474979       0.22412573        1.9903951        1.6698792       0.31812921        0.0000000        0.0000000    
    0.22908676E+36   0.11625685E+16   0.62226995        11.454062        1.6595297       0.22603758        2.0085708        1.6864467       0.32206566        0.0000000        0.0000000    
    0.23442288E+36   0.11722147E+16   0.62650165        11.445217        1.6714816       0.22794243        2.0267198        1.7029161       0.32602857        0.0000000        0.0000000    
    0.23988329E+36   0.11819576E+16   0.63076214        11.436195        1.6833502       0.22983970        2.0448371        1.7192778       0.33001615        0.0000000        0.0000000    
    0.24547089E+36   0.11918589E+16   0.63505167        11.426690        1.6951323       0.23172887        2.0629184        1.7355261       0.33404174        0.0000000        0.0000000    
    0.25118864E+36   0.12018431E+16   0.63937038        11.417601        1.7068239       0.23360918        2.0809579        1.7516507       0.33806358        0.0000000        0.0000000    
    0.25703958E+36   0.12119302E+16   0.64372411        11.408000        1.7184232       0.23548036        2.0989530        1.7676473       0.34212383        0.0000000        0.0000000    
    0.26302680E+36   0.12221052E+16   0.64810845        11.398242        1.7299277       0.23734186        2.1168999        1.7835090       0.34620567        0.0000000        0.0000000    
    0.26915348E+36   0.12324242E+16   0.65252443        11.388259        1.7413349       0.23919337        2.1347952        1.7992300       0.35031206        0.0000000        0.0000000    
    0.27542287E+36   0.12428747E+16   0.65697186        11.378098        1.7526408       0.24103405        2.1526325        1.8148010       0.35443974        0.0000000        0.0000000    
    0.28183829E+36   0.12534491E+16   0.66145156        11.367730        1.7638429       0.24286342        2.1704081        1.8302153       0.35858963        0.0000000        0.0000000    
    0.28840315E+36   0.12641880E+16   0.66596595        11.357179        1.7749377       0.24468086        2.1881164        1.8454655       0.36275966        0.0000000        0.0000000    
    0.29512092E+36   0.12750253E+16   0.67051146        11.346431        1.7859221       0.24648580        2.2057529        1.8605434       0.36694985        0.0000000        0.0000000    
    0.30199517E+36   0.12860057E+16   0.67509050        11.335441        1.7967944       0.24827783        2.2233142        1.8754442       0.37116222        0.0000000        0.0000000    
    0.30902954E+36   0.12970806E+16   0.67970081        11.324304        1.8075520       0.25005647        2.2407962        1.8901610       0.37539105        0.0000000        0.0000000    
    0.31622776E+36   0.13083105E+16   0.68434794        11.312906        1.8181918       0.25182110        2.2581943        1.9046852       0.37964175        0.0000000        0.0000000    
    0.32359365E+36   0.13196417E+16   0.68902721        11.301340        1.8287126       0.25357142        2.2755057        1.9190138       0.38390896        0.0000000        0.0000000    
    0.33113112E+36   0.13311584E+16   0.69374278        11.289605        1.8391111       0.25530680        2.2927252        1.9331376       0.38819177        0.0000000        0.0000000    
    0.33884415E+36   0.13427986E+16   0.69849175        11.277663        1.8493861       0.25702682        2.3098497        1.9470548       0.39249193        0.0000000        0.0000000    
    0.34673685E+36   0.13546152E+16   0.70327675        11.265512        1.8595341       0.25873099        2.3268741        1.9607551       0.39680851        0.0000000        0.0000000    
    0.35481339E+36   0.13665708E+16   0.70809619        11.253152        1.8695528       0.26041864        2.3437935        1.9742331       0.40114082        0.0000000        0.0000000    
    0.36307805E+36   0.13786685E+16   0.71295164        11.240617        1.8794400       0.26208938        2.3606044        1.9874819       0.40548606        0.0000000        0.0000000    
    0.37153522E+36   0.13908972E+16   0.71784233        11.227850        1.8891945       0.26374284        2.3773036        2.0004979       0.40984728        0.0000000        0.0000000    
    0.38018939E+36   0.14032956E+16   0.72276923        11.214885        1.8988136       0.26537846        2.3938868        2.0132736       0.41422154        0.0000000        0.0000000    
    0.38904514E+36   0.14158528E+16   0.72773204        11.201726        1.9082961       0.26699585        2.4103506        2.0258056       0.41860800        0.0000000        0.0000000    
    0.39810717E+36   0.14285853E+16   0.73273286        11.188296        1.9176403       0.26859469        2.4266916        2.0380889       0.42301104        0.0000000        0.0000000    
    0.40738027E+36   0.14414852E+16   0.73777134        11.174815        1.9268432       0.27017425        2.4429042        2.0501156       0.42741522        0.0000000        0.0000000    
    0.41686938E+36   0.14545336E+16   0.74284682        11.161061        1.9359038       0.27173418        2.4589858        2.0618820       0.43183444        0.0000000        0.0000000    
    0.42657951E+36   0.14677255E+16   0.74795907        11.147131        1.9448213       0.27327432        2.4749340        2.0733855       0.43626187        0.0000000        0.0000000    
    0.43651583E+36   0.14811331E+16   0.75310895        11.132991        1.9535935       0.27479413        2.4907446        2.0846193       0.44069888        0.0000000        0.0000000    
    0.44668359E+36   0.14947272E+16   0.75829591        11.118627        1.9622190       0.27629313        2.5064135        2.0955797       0.44514576        0.0000000        0.0000000    
    0.45708818E+36   0.15084919E+16   0.76352468        11.104121        1.9706962       0.27777097        2.5219375        2.1062624       0.44959585        0.0000000        0.0000000    
    0.46773514E+36   0.15224060E+16   0.76879247        11.089400        1.9790236       0.27922709        2.5373128        2.1166615       0.45405353        0.0000000        0.0000000    
    0.47863009E+36   0.15365308E+16   0.77409930        11.074507        1.9872017       0.28066171        2.5525388        2.1267784       0.45851555        0.0000000        0.0000000    
    0.48977881E+36   0.15508112E+16   0.77944355        11.059413        1.9952277       0.28207394        2.5676100        2.1366047       0.46298276        0.0000000        0.0000000    
    0.50118723E+36   0.15653798E+16   0.78483220        11.044141        2.0031011       0.28346353        2.5825237        2.1461387       0.46745273        0.0000000        0.0000000    
    0.51286138E+36   0.15801061E+16   0.79025923        11.028665        2.0108202       0.28483019        2.5972762        2.1553760       0.47192655        0.0000000        0.0000000    
    0.52480745E+36   0.15950249E+16   0.79572897        11.013018        2.0183844       0.28617352        2.6118647        2.1643133       0.47640084        0.0000000        0.0000000    
    0.53703179E+36   0.16101092E+16   0.80123773        10.997177        2.0257938       0.28749328        2.6262880        2.1729502       0.48087728        0.0000000        0.0000000    
    0.54954087E+36   0.16254229E+16   0.80678867        10.981172        2.0330469       0.28878930        2.6405423        2.1812818       0.48535225        0.0000000        0.0000000    
    0.56234132E+36   0.16409553E+16   0.81238119        10.964977        2.0401444       0.29006132        2.6546268        2.1893099       0.48982772        0.0000000        0.0000000    
    0.57543993E+36   0.16567363E+16   0.81801672        10.948650        2.0470837       0.29130883        2.6685359        2.1970267       0.49429728        0.0000000        0.0000000    
    0.58884365E+36   0.16727393E+16   0.82369434        10.932052        2.0538647       0.29253154        2.6822678        2.2044313       0.49877196        0.0000000        0.0000000    
    0.60255958E+36   0.16889351E+16   0.82941300        10.915410        2.0604878       0.29372934        2.6958211        2.2115243       0.50323207        0.0000000        0.0000000    
    0.61659499E+36   0.17053903E+16   0.83517743        10.898560        2.0669523       0.29490205        2.7091934        2.2183032       0.50769075        0.0000000        0.0000000    
    0.63095734E+36   0.17220378E+16   0.84098409        10.881524        2.0732577       0.29604930        2.7223819        2.2247656       0.51214533        0.0000000        0.0000000    
    0.64565422E+36   0.17389478E+16   0.84683837        10.864343        2.0794039       0.29717090        2.7353848        2.2309110       0.51659150        0.0000000        0.0000000    
    0.66069344E+36   0.17560754E+16   0.85273615        10.847009        2.0853911       0.29826682        2.7482007        2.2367384       0.52102936        0.0000000        0.0000000    
    0.67608297E+36   0.17734323E+16   0.85867822        10.829501        2.0912201       0.29933690        2.7608287        2.2422506       0.52546043        0.0000000        0.0000000    
    0.69183096E+36   0.17910935E+16   0.86466612        10.811835        2.0968892       0.30038072        2.7732647        2.2474408       0.52988176        0.0000000        0.0000000    
    0.70794578E+36   0.18089888E+16   0.87069792        10.794031        2.1023999       0.30139830        2.7855087        2.2523143       0.53429144        0.0000000        0.0000000    
    0.72443595E+36   0.18272191E+16   0.87677854        10.776065        2.1077505       0.30238929        2.7975566        2.2568655       0.53869015        0.0000000        0.0000000    
    0.74131023E+36   0.18456864E+16   0.88290503        10.757962        2.1129432       0.30335377        2.8094093        2.2611000       0.54307564        0.0000000        0.0000000    
    0.75857757E+36   0.18644004E+16   0.88907815        10.739698        2.1179768       0.30429152        2.8210635        2.2650142       0.54744910        0.0000000        0.0000000    
    0.77624711E+36   0.18833938E+16   0.89529843        10.721293        2.1228516       0.30520218        2.8325179        2.2686073       0.55180757        0.0000000        0.0000000    
    0.79432823E+36   0.19026412E+16   0.90156509        10.702817        2.1275693       0.30608613        2.8437731        2.2718839       0.55614399        0.0000000        0.0000000    
    0.81283051E+36   0.19222215E+16   0.90788219        10.684151        2.1321296       0.30694296        2.8548266        2.2748430       0.56046926        0.0000000        0.0000000    
    0.83176376E+36   0.19421176E+16   0.91424767        10.665345        2.1365328       0.30777262        2.8656774        2.2774850       0.56477786        0.0000000        0.0000000    
    0.85113803E+36   0.19622891E+16   0.92066064        10.646451        2.1407805       0.30857532        2.8763253        2.2798143       0.56906388        0.0000000        0.0000000    
    0.87096358E+36   0.19827716E+16   0.92712574        10.627387        2.1448714       0.30935046        2.8867670        2.2818260       0.57333442        0.0000000        0.0000000    
    0.89125093E+36   0.20035624E+16   0.93363927        10.608234        2.1488084       0.31009863        2.8970049        2.2835283       0.57758128        0.0000000        0.0000000    
    0.91201083E+36   0.20246524E+16   0.94020127        10.588965        2.1525913       0.31081947        2.9070367        2.2849199       0.58180614        0.0000000        0.0000000    
    0.93325429E+36   0.20461409E+16   0.94681838        10.569574        2.1562204       0.31151295        2.9168613        2.2860021       0.58600908        0.0000000        0.0000000    
    0.95499257E+36   0.20679093E+16   0.95348452        10.550061        2.1596971       0.31217911        2.9264787        2.2867777       0.59018952        0.0000000        0.0000000    
    0.97723721E+36   0.20899646E+16   0.96020012        10.530446        2.1630223       0.31281797        2.9358885        2.2872488       0.59434461        0.0000000        0.0000000    
    0.99999999E+36   0.21124952E+16   0.96697127        10.510728        2.1661970       0.31342959        2.9450906        2.2874184       0.59847408        0.0000000        0.0000000    
    0.10232930E+37   0.21353247E+16   0.97379352        10.490904        2.1692222       0.31401399        2.9540842        2.2872888       0.60257749        0.0000000        0.0000000    
    0.10471285E+37   0.21584613E+16   0.98066681        10.470987        2.1720987       0.31457118        2.9628692        2.2868623       0.60665274        0.0000000        0.0000000    
    0.10715193E+37   0.21819901E+16   0.98759033        10.450901        2.1748277       0.31510122        2.9714456        2.2861411       0.61070864        0.0000000        0.0000000    
    0.10964782E+37   0.22059692E+16   0.99457771        10.430839        2.1774103       0.31560414        2.9798133        2.2851286       0.61472095        0.0000000        0.0000000    
    0.11220184E+37   0.22303368E+16    1.0016235        10.410667        2.1798483       0.31608022        2.9879728        2.2838304       0.61870591        0.0000000        0.0000000    
    0.11481536E+37   0.22550444E+16    1.0087228        10.390381        2.1821418       0.31652931        2.9959230        2.2822460       0.62266297        0.0000000        0.0000000    
    0.11748975E+37   0.22801102E+16    1.0158620        10.370022        2.1842925       0.31695149        3.0036646        2.2803797       0.62658670        0.0000000        0.0000000    
    0.12022644E+37   0.23056060E+16    1.0230609        10.349578        2.1863022       0.31734709        3.0111991        2.2782363       0.63047865        0.0000000        0.0000000    
    0.12302688E+37   0.23315746E+16    1.0303263        10.329064        2.1881716       0.31771604        3.0185257        2.2758181       0.63433592        0.0000000        0.0000000    
    0.12589254E+37   0.23579413E+16    1.0376343        10.308458        2.1899024       0.31805856        3.0256449        2.2731295       0.63816117        0.0000000        0.0000000    
    0.12882495E+37   0.23847758E+16    1.0450142        10.287816        2.1914956       0.31837475        3.0325571        2.2701732       0.64194625        0.0000000        0.0000000    
    0.13182567E+37   0.24120360E+16    1.0524541        10.267098        2.1929533       0.31866484        3.0392637        2.2669555       0.64569676        0.0000000        0.0000000    
    0.13489629E+37   0.24396877E+16    1.0599426        10.246346        2.1942762       0.31892884        3.0457643        2.2634775       0.64940598        0.0000000        0.0000000    
    0.13803842E+37   0.24678557E+16    1.0674803        10.225465        2.1954666       0.31916716        3.0520610        2.2597459       0.65308703        0.0000000        0.0000000    
    0.14125375E+37   0.24965264E+16    1.0750936        10.204592        2.1965251       0.31937963        3.0581532        2.2557625       0.65672040        0.0000000        0.0000000    
    0.14454398E+37   0.25256416E+16    1.0827654        10.183592        2.1974541       0.31956677        3.0640429        2.2515338       0.66032496        0.0000000        0.0000000    
    0.14791084E+37   0.25551588E+16    1.0904817        10.162606        2.1982543       0.31972849        3.0697299        2.2470613       0.66387984        0.0000000        0.0000000    
    0.15135612E+37   0.25853515E+16    1.0982862        10.141602        2.1989280       0.31986524        3.0752163        2.2423522       0.66738990        0.0000000        0.0000000    
    0.15488166E+37   0.26160171E+16    1.1061339        10.120525        2.1994765       0.31997710        3.0805026        2.2374096       0.67086255        0.0000000        0.0000000    
    0.15848932E+37   0.26471870E+16    1.1140443        10.099405        2.1999010       0.32006422        3.0855894        2.2322375       0.67429312        0.0000000        0.0000000    
    0.16218101E+37   0.26788701E+16    1.1220224        10.078260        2.2002042       0.32012705        3.0904792        2.2268425       0.67767898        0.0000000        0.0000000    
    0.16595869E+37   0.27110447E+16    1.1300606        10.057072        2.2003867       0.32016559        3.0951721        2.2212270       0.68102231        0.0000000        0.0000000    
    0.16982436E+37   0.27438375E+16    1.1381619        10.035860        2.2004509       0.32018022        3.0996705        2.2153974       0.68432060        0.0000000        0.0000000    
    0.17378008E+37   0.27772103E+16    1.1463266        10.014635        2.2003976       0.32017100        3.1039741        2.2093556       0.68757116        0.0000000        0.0000000    
    0.17782794E+37   0.28111758E+16    1.1545559        9.9933823        2.2002299       0.32013858        3.1080865        2.2031109       0.69077705        0.0000000        0.0000000    
    0.18197008E+37   0.28457488E+16    1.1628512        9.9721100        2.1999483       0.32008282        3.1120075        2.1966646       0.69393634        0.0000000        0.0000000    
    0.18620871E+37   0.28809324E+16    1.1712137        9.9508243        2.1995554       0.32000436        3.1157396        2.1900240       0.69704843        0.0000000        0.0000000    
    0.19054607E+37   0.29166920E+16    1.1796454        9.9295146        2.1990524       0.31990317        3.1192838        2.1831923       0.70011458        0.0000000        0.0000000    
    0.19498446E+37   0.29530722E+16    1.1881334        9.9082346        2.1984409       0.31977955        3.1226415        2.1761742       0.70312603        0.0000000        0.0000000    
    0.19952623E+37   0.29901160E+16    1.1966926        9.8868707        2.1977226       0.31963378        3.1258144        2.1689738       0.70610117        0.0000000        0.0000000    
    0.20417379E+37   0.30278956E+16    1.2053249        9.8656132        2.1968994       0.31946609        3.1288042        2.1615970       0.70900889        0.0000000        0.0000000    
    0.20892961E+37   0.30663364E+16    1.2140247        9.8442936        2.1959741       0.31927723        3.1316141        2.1540516       0.71187777        0.0000000        0.0000000    
    0.21379621E+37   0.31054079E+16    1.2227920        9.8229992        2.1949473       0.31906713        3.1342441        2.1463390       0.71469243        0.0000000        0.0000000    
    0.21877616E+37   0.31451995E+16    1.2316341        9.8017077        2.1938208       0.31883603        3.1366965        2.1384646       0.71745685        0.0000000        0.0000000    
    0.22387211E+37   0.31856844E+16    1.2405417        9.7804191        2.1925968       0.31858435        3.1389735        2.1304338       0.72017132        0.0000000        0.0000000    
    0.22908676E+37   0.32269695E+16    1.2495166        9.7591552        2.1912764       0.31831229        3.1410759        2.1222504       0.72283177        0.0000000        0.0000000    
    0.23442288E+37   0.32690552E+16    1.2585749        9.7378989        2.1898628       0.31802056        3.1430079        2.1139230       0.72544239        0.0000000        0.0000000    
    0.23988329E+37   0.33118232E+16    1.2676914        9.7166685        2.1883554       0.31770871        3.1447677        2.1054498       0.72799830        0.0000000        0.0000000    
    0.24547089E+37   0.33553889E+16    1.2768887        9.6954717        2.1867591       0.31737809        3.1463624        2.0968444       0.73050074        0.0000000        0.0000000    
    0.25118864E+37   0.33998079E+16    1.2861630        9.6742894        2.1850731       0.31702814        3.1477895        2.0881041       0.73295118        0.0000000        0.0000000    
    0.25703958E+37   0.34450508E+16    1.2955122        9.6531430        2.1833004       0.31665964        3.1490533        2.0792378       0.73534713        0.0000000        0.0000000    
    0.26302680E+37   0.34910674E+16    1.3049301        9.6320159        2.1814423       0.31627281        3.1501552        2.0702488       0.73769144        0.0000000        0.0000000    
    0.26915348E+37   0.35379230E+16    1.3144190        9.6108800        2.1795009       0.31586794        3.1510976        2.0611421       0.73998975        0.0000000        0.0000000    
    0.27542287E+37   0.35857191E+16    1.3239877        9.5898948        2.1774780       0.31544553        3.1518830        2.0519236       0.74221328        0.0000000        0.0000000    
    0.28183829E+37   0.36344416E+16    1.3336377        9.5688995        2.1753749       0.31500569        3.1525124        2.0425961       0.74439129        0.0000000        0.0000000    
    0.28840315E+37   0.36840291E+16    1.3433657        9.5479587        2.1731933       0.31454876        3.1529881        2.0331645       0.74651225        0.0000000        0.0000000    
    0.29512092E+37   0.37345416E+16    1.3531689        9.5270388        2.1709358       0.31407533        3.1533134        2.0236352       0.74858340        0.0000000        0.0000000    
    0.30199517E+37   0.37860974E+16    1.3630540        9.5061805        2.1686032       0.31358548        3.1534894        2.0140108       0.75059689        0.0000000        0.0000000    
    0.30902954E+37   0.38385332E+16    1.3730131        9.4853782        2.1661986       0.31308007        3.1535202        2.0042998       0.75255523        0.0000000        0.0000000    
    0.31622776E+37   0.38919525E+16    1.3830521        9.4646111        2.1637222       0.31255882        3.1534058        1.9945018       0.75446151        0.0000000        0.0000000    
    0.32359365E+37   0.39464874E+16    1.3931782        9.4439215        2.1611765       0.31202228        3.1531494        1.9846237       0.75630867        0.0000000        0.0000000    
    0.33113112E+37   0.40020001E+16    1.4033833        9.4233067        2.1585629       0.31147088        3.1527531        1.9746693       0.75809745        0.0000000        0.0000000    
    0.33884415E+37   0.40586212E+16    1.4136691        9.4027373        2.1558834       0.31090495        3.1522195        1.9646435       0.75983428        0.0000000        0.0000000    
    0.34673685E+37   0.41163948E+16    1.4240427        9.3822423        2.1531396       0.31032482        3.1515506        1.9545505       0.76151391        0.0000000        0.0000000    
    0.35481339E+37   0.41752407E+16    1.4345030        9.3618098        2.1503334       0.30973091        3.1507491        1.9443953       0.76313939        0.0000000        0.0000000    
    0.36307805E+37   0.42351897E+16    1.4450414        9.3414538        2.1474658       0.30912331        3.1498162        1.9341800       0.76470781        0.0000000        0.0000000    
    0.37153522E+37   0.42963681E+16    1.4556675        9.3211700        2.1445387       0.30850260        3.1487548        1.9239098       0.76622099        0.0000000        0.0000000    
    0.38018939E+37   0.43586874E+16    1.4663753        9.3009689        2.1415547       0.30786934        3.1475685        1.9135912       0.76767809        0.0000000        0.0000000    
    0.38904514E+37   0.44222292E+16    1.4771690        9.2808282        2.1385146       0.30722351        3.1462583        1.9032254       0.76908336        0.0000000        0.0000000    
    0.39810717E+37   0.44870620E+16    1.4880558        9.2608014        2.1354200       0.30656555        3.1448266        1.8928173       0.77042676        0.0000000        0.0000000    
    0.40738027E+37   0.45531773E+16    1.4990373        9.2408502        2.1322726       0.30589588        3.1432759        1.8823707       0.77171666        0.0000000        0.0000000    
    0.41686938E+37   0.46205352E+16    1.5101035        9.2209495        2.1290742       0.30521485        3.1416087        1.8718897       0.77295906        0.0000000        0.0000000    
    0.42657951E+37   0.46892876E+16    1.5212557        9.2011698        2.1258262       0.30452263        3.1398269        1.8613775       0.77413985        0.0000000        0.0000000    
    0.43651583E+37   0.47594204E+16    1.5325055        9.1814902        2.1225303       0.30381982        3.1379333        1.8508388       0.77526429        0.0000000        0.0000000    
    0.44668359E+37   0.48309558E+16    1.5438434        9.1618941        2.1191876       0.30310646        3.1359295        1.8402758       0.77633600        0.0000000        0.0000000    
    0.45708818E+37   0.49039251E+16    1.5552770        9.1423897        2.1158008       0.30238338        3.1338193        1.8296949       0.77735497        0.0000000        0.0000000    
    0.46773514E+37   0.49783285E+16    1.5668018        9.1229917        2.1123702       0.30165042        3.1316033        1.8190967       0.77831782        0.0000000        0.0000000    
    0.47863009E+37   0.50542476E+16    1.5784239        9.1036929        2.1088983       0.30090818        3.1292852        1.8084867       0.77922750        0.0000000        0.0000000    
    0.48977881E+37   0.51317651E+16    1.5901449        9.0844974        2.1053863       0.30015704        3.1268671        1.7978682       0.78008380        0.0000000        0.0000000    
    0.50118723E+37   0.52108113E+16    1.6019625        9.0653962        2.1018353       0.29939714        3.1243504        1.7872432       0.78088899        0.0000000        0.0000000    
    0.51286138E+37   0.52914607E+16    1.6138731        9.0464169        2.0982469       0.29862886        3.1217379        1.7766154       0.78163809        0.0000000        0.0000000    
    0.52480745E+37   0.53738076E+16    1.6258873        9.0275537        2.0946229       0.29785266        3.1190322        1.7659889       0.78233337        0.0000000        0.0000000    
    0.53703179E+37   0.54577507E+16    1.6379982        9.0087838        2.0909645       0.29706873        3.1162350        1.7553659       0.78298024        0.0000000        0.0000000    
    0.54954087E+37   0.55435146E+16    1.6502143        8.9901366        2.0872736       0.29627754        3.1133497        1.7447510       0.78357372        0.0000000        0.0000000    
    0.56234132E+37   0.56310195E+16    1.6625370        8.9716084        2.0835511       0.29547934        3.1103775        1.7341459       0.78411494        0.0000000        0.0000000    
    0.57543993E+37   0.57203430E+16    1.6749590        8.9531801        2.0797980       0.29467416        3.1073200        1.7235521       0.78460834        0.0000000        0.0000000    
    0.58884365E+37   0.58114936E+16    1.6874849        8.9348970        2.0760173       0.29386303        3.1041821        1.7129771       0.78504661        0.0000000        0.0000000    
    0.60255958E+37   0.59045801E+16    1.7001185        8.9167380        2.0722093       0.29304578        3.1009643        1.7024206       0.78543406        0.0000000        0.0000000    
    0.61659499E+37   0.59996455E+16    1.7128586        8.8986962        2.0683748       0.29222253        3.0976679        1.6918841       0.78577255        0.0000000        0.0000000    
    0.63095734E+37   0.60966784E+16    1.7257102        8.8807819        2.0645164       0.29139417        3.0942972        1.6813737       0.78606196        0.0000000        0.0000000    
    0.64565422E+37   0.61956535E+16    1.7386662        8.8629966        2.0606347       0.29056055        3.0908530        1.6708897       0.78630198        0.0000000        0.0000000    
    0.66069344E+37   0.62968499E+16    1.7517397        8.8453329        2.0567311       0.28972205        3.0873380        1.6604352       0.78649539        0.0000000        0.0000000    
    0.67608297E+37   0.64002147E+16    1.7649278        8.8278039        2.0528073       0.28887921        3.0837545        1.6500134       0.78664039        0.0000000        0.0000000    
    0.69183096E+37   0.65057977E+16    1.7782332        8.8104223        2.0488641       0.28803211        3.0801042        1.6396258       0.78673472        0.0000000        0.0000000    
    0.70794578E+37   0.66135596E+16    1.7916519        8.7931466        2.0449030       0.28718114        3.0763898        1.6292754       0.78678879        0.0000000        0.0000000    
    0.72443595E+37   0.67237068E+16    1.8051862        8.7760445        2.0409253       0.28632651        3.0726130        1.6189643       0.78678832        0.0000000        0.0000000    
    0.74131023E+37   0.68362214E+16    1.8188438        8.7590668        2.0369323       0.28546859        3.0687763        1.6086950       0.78674530        0.0000000        0.0000000    
    0.75857757E+37   0.69511525E+16    1.8326255        8.7422223        2.0329251       0.28460759        3.0648814        1.5984692       0.78665854        0.0000000        0.0000000    
    0.77624711E+37   0.70686617E+16    1.8465283        8.7255396        2.0289049       0.28374389        3.0609306        1.5882894       0.78652266        0.0000000        0.0000000    
    0.79432823E+37   0.71887387E+16    1.8605618        8.7089890        2.0248729       0.28287771        3.0569260        1.5781576       0.78634529        0.0000000        0.0000000    
    0.81283051E+37   0.73114318E+16    1.8747252        8.6925832        2.0208313       0.28200956        3.0528709        1.5680778       0.78612530        0.0000000        0.0000000    
    0.83176376E+37   0.74368910E+16    1.8890144        8.6763283        2.0167798       0.28113939        3.0487652        1.5580489       0.78586099        0.0000000        0.0000000    
