      6    913    179          Itext Imax Icore

      Akmal, Pandariphande & Ravenhall: A18 + dv + UIX* model (the best one)

   Rho        Press       nbar       Ye         Ymu        Yn         Yp         Yla        Ysm        Ys0        Ysp       mstp       mstn       mstla      mstsm      msts0      mstsp
  g/cm3     dyne/cm2     #/fm3     [A_cell]    [A_ion]     [Z]

 7.4456E+15 8.3308E+36 1.8900E+00 7.7284E-02 6.5030E-02 8.5769E-01 1.4231E-01 0.0000E+00 0.0000E+00 0.0000E+00 0.0000E+00 2.4542E-01 3.9065E-01 0.0000E+00 0.0000E+00 0.0000E+00 0.0000E+00
 7.3575E+15 8.1979E+36 1.8800E+00 7.8005E-02 6.5668E-02 8.5633E-01 1.4367E-01 0.0000E+00 0.0000E+00 0.0000E+00 0.0000E+00 2.4581E-01 3.9019E-01 0.0000E+00 0.0000E+00 0.0000E+00 0.0000E+00
 7.2703E+15 8.0663E+36 1.8700E+00 7.8707E-02 6.6288E-02 8.5500E-01 1.4500E-01 0.0000E+00 0.0000E+00 0.0000E+00 0.0000E+00 2.4620E-01 3.8975E-01 0.0000E+00 0.0000E+00 0.0000E+00 0.0000E+00
 7.1839E+15 7.9360E+36 1.8600E+00 7.9390E-02 6.6891E-02 8.5372E-01 1.4628E-01 0.0000E+00 0.0000E+00 0.0000E+00 0.0000E+00 2.4658E-01 3.8933E-01 0.0000E+00 0.0000E+00 0.0000E+00 0.0000E+00
 7.0982E+15 7.8070E+36 1.8500E+00 8.0056E-02 6.7476E-02 8.5247E-01 1.4753E-01 0.0000E+00 0.0000E+00 0.0000E+00 0.0000E+00 2.4697E-01 3.8894E-01 0.0000E+00 0.0000E+00 0.0000E+00 0.0000E+00
 7.0133E+15 7.6792E+36 1.8400E+00 8.0704E-02 6.8043E-02 8.5125E-01 1.4875E-01 0.0000E+00 0.0000E+00 0.0000E+00 0.0000E+00 2.4736E-01 3.8857E-01 0.0000E+00 0.0000E+00 0.0000E+00 0.0000E+00
 6.9291E+15 7.5527E+36 1.8300E+00 8.1334E-02 6.8594E-02 8.5007E-01 1.4993E-01 0.0000E+00 0.0000E+00 0.0000E+00 0.0000E+00 2.4775E-01 3.8822E-01 0.0000E+00 0.0000E+00 0.0000E+00 0.0000E+00
 6.8458E+15 7.4275E+36 1.8200E+00 8.1947E-02 6.9128E-02 8.4893E-01 1.5107E-01 0.0000E+00 0.0000E+00 0.0000E+00 0.0000E+00 2.4814E-01 3.8790E-01 0.0000E+00 0.0000E+00 0.0000E+00 0.0000E+00
 6.7632E+15 7.3036E+36 1.8100E+00 8.2543E-02 6.9645E-02 8.4781E-01 1.5219E-01 0.0000E+00 0.0000E+00 0.0000E+00 0.0000E+00 2.4853E-01 3.8760E-01 0.0000E+00 0.0000E+00 0.0000E+00 0.0000E+00
 6.6813E+15 7.1809E+36 1.8000E+00 8.3122E-02 7.0146E-02 8.4673E-01 1.5327E-01 0.0000E+00 0.0000E+00 0.0000E+00 0.0000E+00 2.4892E-01 3.8732E-01 0.0000E+00 0.0000E+00 0.0000E+00 0.0000E+00
 6.6002E+15 7.0595E+36 1.7900E+00 8.3685E-02 7.0631E-02 8.4568E-01 1.5432E-01 0.0000E+00 0.0000E+00 0.0000E+00 0.0000E+00 2.4932E-01 3.8706E-01 0.0000E+00 0.0000E+00 0.0000E+00 0.0000E+00
 6.5199E+15 6.9394E+36 1.7800E+00 8.4232E-02 7.1100E-02 8.4467E-01 1.5533E-01 0.0000E+00 0.0000E+00 0.0000E+00 0.0000E+00 2.4971E-01 3.8683E-01 0.0000E+00 0.0000E+00 0.0000E+00 0.0000E+00
 6.4403E+15 6.8206E+36 1.7700E+00 8.4762E-02 7.1554E-02 8.4368E-01 1.5632E-01 0.0000E+00 0.0000E+00 0.0000E+00 0.0000E+00 2.5010E-01 3.8662E-01 0.0000E+00 0.0000E+00 0.0000E+00 0.0000E+00
 6.3614E+15 6.7031E+36 1.7600E+00 8.5277E-02 7.1992E-02 8.4273E-01 1.5727E-01 0.0000E+00 0.0000E+00 0.0000E+00 0.0000E+00 2.5049E-01 3.8643E-01 0.0000E+00 0.0000E+00 0.0000E+00 0.0000E+00
 6.2833E+15 6.5868E+36 1.7500E+00 8.5777E-02 7.2414E-02 8.4181E-01 1.5819E-01 0.0000E+00 0.0000E+00 0.0000E+00 0.0000E+00 2.5089E-01 3.8626E-01 0.0000E+00 0.0000E+00 0.0000E+00 0.0000E+00
 6.2059E+15 6.4718E+36 1.7400E+00 8.6261E-02 7.2822E-02 8.4092E-01 1.5908E-01 0.0000E+00 0.0000E+00 0.0000E+00 0.0000E+00 2.5129E-01 3.8612E-01 0.0000E+00 0.0000E+00 0.0000E+00 0.0000E+00
 6.1293E+15 6.3580E+36 1.7300E+00 8.6730E-02 7.3215E-02 8.4006E-01 1.5994E-01 0.0000E+00 0.0000E+00 0.0000E+00 0.0000E+00 2.5168E-01 3.8599E-01 0.0000E+00 0.0000E+00 0.0000E+00 0.0000E+00
 6.0534E+15 6.2455E+36 1.7200E+00 8.7184E-02 7.3593E-02 8.3922E-01 1.6078E-01 0.0000E+00 0.0000E+00 0.0000E+00 0.0000E+00 2.5208E-01 3.8589E-01 0.0000E+00 0.0000E+00 0.0000E+00 0.0000E+00
 5.9782E+15 6.1343E+36 1.7100E+00 8.7623E-02 7.3957E-02 8.3842E-01 1.6158E-01 0.0000E+00 0.0000E+00 0.0000E+00 0.0000E+00 2.5248E-01 3.8581E-01 0.0000E+00 0.0000E+00 0.0000E+00 0.0000E+00
 5.9037E+15 6.0243E+36 1.7000E+00 8.8048E-02 7.4307E-02 8.3765E-01 1.6235E-01 0.0000E+00 0.0000E+00 0.0000E+00 0.0000E+00 2.5288E-01 3.8575E-01 0.0000E+00 0.0000E+00 0.0000E+00 0.0000E+00
 5.8299E+15 5.9156E+36 1.6900E+00 8.8459E-02 7.4642E-02 8.3690E-01 1.6310E-01 0.0000E+00 0.0000E+00 0.0000E+00 0.0000E+00 2.5328E-01 3.8572E-01 0.0000E+00 0.0000E+00 0.0000E+00 0.0000E+00
 5.7569E+15 5.8081E+36 1.6800E+00 8.8855E-02 7.4964E-02 8.3618E-01 1.6382E-01 0.0000E+00 0.0000E+00 0.0000E+00 0.0000E+00 2.5369E-01 3.8570E-01 0.0000E+00 0.0000E+00 0.0000E+00 0.0000E+00
 5.6845E+15 5.7019E+36 1.6700E+00 8.9238E-02 7.5271E-02 8.3549E-01 1.6451E-01 0.0000E+00 0.0000E+00 0.0000E+00 0.0000E+00 2.5410E-01 3.8571E-01 0.0000E+00 0.0000E+00 0.0000E+00 0.0000E+00
 5.6129E+15 5.5969E+36 1.6600E+00 8.9607E-02 7.5566E-02 8.3483E-01 1.6517E-01 0.0000E+00 0.0000E+00 0.0000E+00 0.0000E+00 2.5450E-01 3.8574E-01 0.0000E+00 0.0000E+00 0.0000E+00 0.0000E+00
 5.5420E+15 5.4932E+36 1.6500E+00 8.9963E-02 7.5846E-02 8.3419E-01 1.6581E-01 0.0000E+00 0.0000E+00 0.0000E+00 0.0000E+00 2.5491E-01 3.8578E-01 0.0000E+00 0.0000E+00 0.0000E+00 0.0000E+00
 5.4717E+15 5.3907E+36 1.6400E+00 9.0305E-02 7.6114E-02 8.3358E-01 1.6642E-01 0.0000E+00 0.0000E+00 0.0000E+00 0.0000E+00 2.5533E-01 3.8585E-01 0.0000E+00 0.0000E+00 0.0000E+00 0.0000E+00
 5.4022E+15 5.2894E+36 1.6300E+00 9.0634E-02 7.6368E-02 8.3300E-01 1.6700E-01 0.0000E+00 0.0000E+00 0.0000E+00 0.0000E+00 2.5574E-01 3.8594E-01 0.0000E+00 0.0000E+00 0.0000E+00 0.0000E+00
 5.3333E+15 5.1893E+36 1.6200E+00 9.0950E-02 7.6610E-02 8.3244E-01 1.6756E-01 0.0000E+00 0.0000E+00 0.0000E+00 0.0000E+00 2.5616E-01 3.8606E-01 0.0000E+00 0.0000E+00 0.0000E+00 0.0000E+00
 5.2651E+15 5.0905E+36 1.6100E+00 9.1253E-02 7.6839E-02 8.3191E-01 1.6809E-01 0.0000E+00 0.0000E+00 0.0000E+00 0.0000E+00 2.5658E-01 3.8619E-01 0.0000E+00 0.0000E+00 0.0000E+00 0.0000E+00
 5.1976E+15 4.9928E+36 1.6000E+00 9.1544E-02 7.7055E-02 8.3140E-01 1.6860E-01 0.0000E+00 0.0000E+00 0.0000E+00 0.0000E+00 2.5700E-01 3.8634E-01 0.0000E+00 0.0000E+00 0.0000E+00 0.0000E+00
 5.1308E+15 4.8964E+36 1.5900E+00 9.1822E-02 7.7258E-02 8.3092E-01 1.6908E-01 0.0000E+00 0.0000E+00 0.0000E+00 0.0000E+00 2.5743E-01 3.8652E-01 0.0000E+00 0.0000E+00 0.0000E+00 0.0000E+00
 5.0646E+15 4.8012E+36 1.5800E+00 9.2088E-02 7.7450E-02 8.3046E-01 1.6954E-01 0.0000E+00 0.0000E+00 0.0000E+00 0.0000E+00 2.5786E-01 3.8671E-01 0.0000E+00 0.0000E+00 0.0000E+00 0.0000E+00
 4.9991E+15 4.7072E+36 1.5700E+00 9.2341E-02 7.7629E-02 8.3003E-01 1.6997E-01 0.0000E+00 0.0000E+00 0.0000E+00 0.0000E+00 2.5829E-01 3.8693E-01 0.0000E+00 0.0000E+00 0.0000E+00 0.0000E+00
 4.9343E+15 4.6143E+36 1.5600E+00 9.2583E-02 7.7796E-02 8.2962E-01 1.7038E-01 0.0000E+00 0.0000E+00 0.0000E+00 0.0000E+00 2.5872E-01 3.8717E-01 0.0000E+00 0.0000E+00 0.0000E+00 0.0000E+00
 4.8701E+15 4.5227E+36 1.5500E+00 9.2812E-02 7.7950E-02 8.2924E-01 1.7076E-01 0.0000E+00 0.0000E+00 0.0000E+00 0.0000E+00 2.5916E-01 3.8743E-01 0.0000E+00 0.0000E+00 0.0000E+00 0.0000E+00
 4.8066E+15 4.4322E+36 1.5400E+00 9.3030E-02 7.8093E-02 8.2888E-01 1.7112E-01 0.0000E+00 0.0000E+00 0.0000E+00 0.0000E+00 2.5961E-01 3.8771E-01 0.0000E+00 0.0000E+00 0.0000E+00 0.0000E+00
 4.7437E+15 4.3429E+36 1.5300E+00 9.3236E-02 7.8225E-02 8.2854E-01 1.7146E-01 0.0000E+00 0.0000E+00 0.0000E+00 0.0000E+00 2.6005E-01 3.8801E-01 0.0000E+00 0.0000E+00 0.0000E+00 0.0000E+00
 4.6815E+15 4.2548E+36 1.5200E+00 9.3431E-02 7.8344E-02 8.2823E-01 1.7177E-01 0.0000E+00 0.0000E+00 0.0000E+00 0.0000E+00 2.6050E-01 3.8833E-01 0.0000E+00 0.0000E+00 0.0000E+00 0.0000E+00
 4.6199E+15 4.1678E+36 1.5100E+00 9.3614E-02 7.8452E-02 8.2793E-01 1.7207E-01 0.0000E+00 0.0000E+00 0.0000E+00 0.0000E+00 2.6095E-01 3.8868E-01 0.0000E+00 0.0000E+00 0.0000E+00 0.0000E+00
 4.5590E+15 4.0820E+36 1.5000E+00 9.3786E-02 7.8549E-02 8.2767E-01 1.7233E-01 0.0000E+00 0.0000E+00 0.0000E+00 0.0000E+00 2.6141E-01 3.8904E-01 0.0000E+00 0.0000E+00 0.0000E+00 0.0000E+00
 4.4987E+15 3.9974E+36 1.4900E+00 9.3946E-02 7.8634E-02 8.2742E-01 1.7258E-01 0.0000E+00 0.0000E+00 0.0000E+00 0.0000E+00 2.6187E-01 3.8943E-01 0.0000E+00 0.0000E+00 0.0000E+00 0.0000E+00
 4.4390E+15 3.9139E+36 1.4800E+00 9.4096E-02 7.8709E-02 8.2720E-01 1.7280E-01 0.0000E+00 0.0000E+00 0.0000E+00 0.0000E+00 2.6234E-01 3.8984E-01 0.0000E+00 0.0000E+00 0.0000E+00 0.0000E+00
 4.3799E+15 3.8315E+36 1.4700E+00 9.4234E-02 7.8772E-02 8.2699E-01 1.7301E-01 0.0000E+00 0.0000E+00 0.0000E+00 0.0000E+00 2.6281E-01 3.9027E-01 0.0000E+00 0.0000E+00 0.0000E+00 0.0000E+00
 4.3215E+15 3.7502E+36 1.4600E+00 9.4362E-02 7.8824E-02 8.2681E-01 1.7319E-01 0.0000E+00 0.0000E+00 0.0000E+00 0.0000E+00 2.6329E-01 3.9072E-01 0.0000E+00 0.0000E+00 0.0000E+00 0.0000E+00
 4.2636E+15 3.6701E+36 1.4500E+00 9.4479E-02 7.8865E-02 8.2666E-01 1.7334E-01 0.0000E+00 0.0000E+00 0.0000E+00 0.0000E+00 2.6377E-01 3.9119E-01 0.0000E+00 0.0000E+00 0.0000E+00 0.0000E+00
 4.2064E+15 3.5911E+36 1.4400E+00 9.4586E-02 7.8895E-02 8.2652E-01 1.7348E-01 0.0000E+00 0.0000E+00 0.0000E+00 0.0000E+00 2.6426E-01 3.9169E-01 0.0000E+00 0.0000E+00 0.0000E+00 0.0000E+00
 4.1498E+15 3.5132E+36 1.4300E+00 9.4682E-02 7.8914E-02 8.2640E-01 1.7360E-01 0.0000E+00 0.0000E+00 0.0000E+00 0.0000E+00 2.6475E-01 3.9220E-01 0.0000E+00 0.0000E+00 0.0000E+00 0.0000E+00
 4.0938E+15 3.4365E+36 1.4200E+00 9.4767E-02 7.8923E-02 8.2631E-01 1.7369E-01 0.0000E+00 0.0000E+00 0.0000E+00 0.0000E+00 2.6525E-01 3.9274E-01 0.0000E+00 0.0000E+00 0.0000E+00 0.0000E+00
 4.0383E+15 3.3608E+36 1.4100E+00 9.4842E-02 7.8921E-02 8.2624E-01 1.7376E-01 0.0000E+00 0.0000E+00 0.0000E+00 0.0000E+00 2.6575E-01 3.9330E-01 0.0000E+00 0.0000E+00 0.0000E+00 0.0000E+00
 3.9835E+15 3.2862E+36 1.4000E+00 9.4907E-02 7.8909E-02 8.2618E-01 1.7382E-01 0.0000E+00 0.0000E+00 0.0000E+00 0.0000E+00 2.6626E-01 3.9389E-01 0.0000E+00 0.0000E+00 0.0000E+00 0.0000E+00
 3.9293E+15 3.2127E+36 1.3900E+00 9.4962E-02 7.8886E-02 8.2615E-01 1.7385E-01 0.0000E+00 0.0000E+00 0.0000E+00 0.0000E+00 2.6677E-01 3.9449E-01 0.0000E+00 0.0000E+00 0.0000E+00 0.0000E+00
 3.8756E+15 3.1403E+36 1.3800E+00 9.5006E-02 7.8853E-02 8.2614E-01 1.7386E-01 0.0000E+00 0.0000E+00 0.0000E+00 0.0000E+00 2.6729E-01 3.9512E-01 0.0000E+00 0.0000E+00 0.0000E+00 0.0000E+00
 3.8226E+15 3.0689E+36 1.3700E+00 9.5041E-02 7.8809E-02 8.2615E-01 1.7385E-01 0.0000E+00 0.0000E+00 0.0000E+00 0.0000E+00 2.6782E-01 3.9577E-01 0.0000E+00 0.0000E+00 0.0000E+00 0.0000E+00
 3.7701E+15 2.9986E+36 1.3600E+00 9.5066E-02 7.8755E-02 8.2618E-01 1.7382E-01 0.0000E+00 0.0000E+00 0.0000E+00 0.0000E+00 2.6836E-01 3.9644E-01 0.0000E+00 0.0000E+00 0.0000E+00 0.0000E+00
 3.7181E+15 2.9294E+36 1.3500E+00 9.5080E-02 7.8691E-02 8.2623E-01 1.7377E-01 0.0000E+00 0.0000E+00 0.0000E+00 0.0000E+00 2.6890E-01 3.9714E-01 0.0000E+00 0.0000E+00 0.0000E+00 0.0000E+00
 3.6668E+15 2.8612E+36 1.3400E+00 9.5085E-02 7.8617E-02 8.2630E-01 1.7370E-01 0.0000E+00 0.0000E+00 0.0000E+00 0.0000E+00 2.6944E-01 3.9786E-01 0.0000E+00 0.0000E+00 0.0000E+00 0.0000E+00
 3.6160E+15 2.7941E+36 1.3300E+00 9.5081E-02 7.8533E-02 8.2639E-01 1.7361E-01 0.0000E+00 0.0000E+00 0.0000E+00 0.0000E+00 2.7000E-01 3.9860E-01 0.0000E+00 0.0000E+00 0.0000E+00 0.0000E+00
 3.5657E+15 2.7280E+36 1.3200E+00 9.5067E-02 7.8439E-02 8.2649E-01 1.7351E-01 0.0000E+00 0.0000E+00 0.0000E+00 0.0000E+00 2.7056E-01 3.9937E-01 0.0000E+00 0.0000E+00 0.0000E+00 0.0000E+00
 3.5160E+15 2.6629E+36 1.3100E+00 9.5043E-02 7.8335E-02 8.2662E-01 1.7338E-01 0.0000E+00 0.0000E+00 0.0000E+00 0.0000E+00 2.7113E-01 4.0016E-01 0.0000E+00 0.0000E+00 0.0000E+00 0.0000E+00
 3.4669E+15 2.5988E+36 1.3000E+00 9.5009E-02 7.8221E-02 8.2677E-01 1.7323E-01 0.0000E+00 0.0000E+00 0.0000E+00 0.0000E+00 2.7171E-01 4.0097E-01 0.0000E+00 0.0000E+00 0.0000E+00 0.0000E+00
 3.4183E+15 2.5358E+36 1.2900E+00 9.4967E-02 7.8097E-02 8.2694E-01 1.7306E-01 0.0000E+00 0.0000E+00 0.0000E+00 0.0000E+00 2.7230E-01 4.0181E-01 0.0000E+00 0.0000E+00 0.0000E+00 0.0000E+00
 3.3702E+15 2.4738E+36 1.2800E+00 9.4914E-02 7.7963E-02 8.2712E-01 1.7288E-01 0.0000E+00 0.0000E+00 0.0000E+00 0.0000E+00 2.7290E-01 4.0267E-01 0.0000E+00 0.0000E+00 0.0000E+00 0.0000E+00
 3.3227E+15 2.4128E+36 1.2700E+00 9.4853E-02 7.7820E-02 8.2733E-01 1.7267E-01 0.0000E+00 0.0000E+00 0.0000E+00 0.0000E+00 2.7350E-01 4.0355E-01 0.0000E+00 0.0000E+00 0.0000E+00 0.0000E+00
 3.2757E+15 2.3527E+36 1.2600E+00 9.4782E-02 7.7666E-02 8.2755E-01 1.7245E-01 0.0000E+00 0.0000E+00 0.0000E+00 0.0000E+00 2.7412E-01 4.0447E-01 0.0000E+00 0.0000E+00 0.0000E+00 0.0000E+00
 3.2292E+15 2.2937E+36 1.2500E+00 9.4702E-02 7.7504E-02 8.2779E-01 1.7221E-01 0.0000E+00 0.0000E+00 0.0000E+00 0.0000E+00 2.7474E-01 4.0540E-01 0.0000E+00 0.0000E+00 0.0000E+00 0.0000E+00
 3.1832E+15 2.2356E+36 1.2400E+00 9.4613E-02 7.7331E-02 8.2806E-01 1.7194E-01 0.0000E+00 0.0000E+00 0.0000E+00 0.0000E+00 2.7537E-01 4.0636E-01 0.0000E+00 0.0000E+00 0.0000E+00 0.0000E+00
 3.1378E+15 2.1785E+36 1.2300E+00 9.4515E-02 7.7149E-02 8.2834E-01 1.7166E-01 0.0000E+00 0.0000E+00 0.0000E+00 0.0000E+00 2.7601E-01 4.0735E-01 0.0000E+00 0.0000E+00 0.0000E+00 0.0000E+00
 3.0929E+15 2.1224E+36 1.2200E+00 9.4408E-02 7.6958E-02 8.2863E-01 1.7137E-01 0.0000E+00 0.0000E+00 0.0000E+00 0.0000E+00 2.7667E-01 4.0836E-01 0.0000E+00 0.0000E+00 0.0000E+00 0.0000E+00
 3.0485E+15 2.0672E+36 1.2100E+00 9.4292E-02 7.6756E-02 8.2895E-01 1.7105E-01 0.0000E+00 0.0000E+00 0.0000E+00 0.0000E+00 2.7733E-01 4.0940E-01 0.0000E+00 0.0000E+00 0.0000E+00 0.0000E+00
 3.0045E+15 2.0130E+36 1.2000E+00 9.4167E-02 7.6546E-02 8.2929E-01 1.7071E-01 0.0000E+00 0.0000E+00 0.0000E+00 0.0000E+00 2.7800E-01 4.1046E-01 0.0000E+00 0.0000E+00 0.0000E+00 0.0000E+00
 2.9611E+15 1.9597E+36 1.1900E+00 9.4033E-02 7.6326E-02 8.2964E-01 1.7036E-01 0.0000E+00 0.0000E+00 0.0000E+00 0.0000E+00 2.7869E-01 4.1155E-01 0.0000E+00 0.0000E+00 0.0000E+00 0.0000E+00
 2.9182E+15 1.9073E+36 1.1800E+00 9.3890E-02 7.6096E-02 8.3001E-01 1.6999E-01 0.0000E+00 0.0000E+00 0.0000E+00 0.0000E+00 2.7938E-01 4.1267E-01 0.0000E+00 0.0000E+00 0.0000E+00 0.0000E+00
 2.8758E+15 1.8559E+36 1.1700E+00 9.3738E-02 7.5857E-02 8.3040E-01 1.6960E-01 0.0000E+00 0.0000E+00 0.0000E+00 0.0000E+00 2.8009E-01 4.1382E-01 0.0000E+00 0.0000E+00 0.0000E+00 0.0000E+00
 2.8338E+15 1.8054E+36 1.1600E+00 9.3578E-02 7.5609E-02 8.3081E-01 1.6919E-01 0.0000E+00 0.0000E+00 0.0000E+00 0.0000E+00 2.8081E-01 4.1499E-01 0.0000E+00 0.0000E+00 0.0000E+00 0.0000E+00
 2.7923E+15 1.7558E+36 1.1500E+00 9.3409E-02 7.5352E-02 8.3124E-01 1.6876E-01 0.0000E+00 0.0000E+00 0.0000E+00 0.0000E+00 2.8154E-01 4.1619E-01 0.0000E+00 0.0000E+00 0.0000E+00 0.0000E+00
 2.7513E+15 1.7071E+36 1.1400E+00 9.3232E-02 7.5085E-02 8.3168E-01 1.6832E-01 0.0000E+00 0.0000E+00 0.0000E+00 0.0000E+00 2.8228E-01 4.1741E-01 0.0000E+00 0.0000E+00 0.0000E+00 0.0000E+00
 2.7108E+15 1.6593E+36 1.1300E+00 9.3045E-02 7.4808E-02 8.3215E-01 1.6785E-01 0.0000E+00 0.0000E+00 0.0000E+00 0.0000E+00 2.8304E-01 4.1867E-01 0.0000E+00 0.0000E+00 0.0000E+00 0.0000E+00
 2.6708E+15 1.6124E+36 1.1200E+00 9.2850E-02 7.4523E-02 8.3263E-01 1.6737E-01 0.0000E+00 0.0000E+00 0.0000E+00 0.0000E+00 2.8381E-01 4.1996E-01 0.0000E+00 0.0000E+00 0.0000E+00 0.0000E+00
 2.6312E+15 1.5664E+36 1.1100E+00 9.2647E-02 7.4228E-02 8.3312E-01 1.6688E-01 0.0000E+00 0.0000E+00 0.0000E+00 0.0000E+00 2.8460E-01 4.2127E-01 0.0000E+00 0.0000E+00 0.0000E+00 0.0000E+00
 2.5920E+15 1.5212E+36 1.1000E+00 9.2435E-02 7.3924E-02 8.3364E-01 1.6636E-01 0.0000E+00 0.0000E+00 0.0000E+00 0.0000E+00 2.8539E-01 4.2261E-01 0.0000E+00 0.0000E+00 0.0000E+00 0.0000E+00
 2.5533E+15 1.4770E+36 1.0900E+00 9.2215E-02 7.3611E-02 8.3417E-01 1.6583E-01 0.0000E+00 0.0000E+00 0.0000E+00 0.0000E+00 2.8621E-01 4.2399E-01 0.0000E+00 0.0000E+00 0.0000E+00 0.0000E+00
 2.5151E+15 1.4335E+36 1.0800E+00 9.1986E-02 7.3289E-02 8.3473E-01 1.6527E-01 0.0000E+00 0.0000E+00 0.0000E+00 0.0000E+00 2.8704E-01 4.2539E-01 0.0000E+00 0.0000E+00 0.0000E+00 0.0000E+00
 2.4773E+15 1.3910E+36 1.0700E+00 9.1749E-02 7.2957E-02 8.3529E-01 1.6471E-01 0.0000E+00 0.0000E+00 0.0000E+00 0.0000E+00 2.8788E-01 4.2683E-01 0.0000E+00 0.0000E+00 0.0000E+00 0.0000E+00
 2.4399E+15 1.3492E+36 1.0600E+00 9.1503E-02 7.2616E-02 8.3588E-01 1.6412E-01 0.0000E+00 0.0000E+00 0.0000E+00 0.0000E+00 2.8874E-01 4.2829E-01 0.0000E+00 0.0000E+00 0.0000E+00 0.0000E+00
 2.4030E+15 1.3083E+36 1.0500E+00 9.1249E-02 7.2266E-02 8.3648E-01 1.6352E-01 0.0000E+00 0.0000E+00 0.0000E+00 0.0000E+00 2.8961E-01 4.2979E-01 0.0000E+00 0.0000E+00 0.0000E+00 0.0000E+00
 2.3665E+15 1.2683E+36 1.0400E+00 9.0987E-02 7.1907E-02 8.3711E-01 1.6289E-01 0.0000E+00 0.0000E+00 0.0000E+00 0.0000E+00 2.9050E-01 4.3132E-01 0.0000E+00 0.0000E+00 0.0000E+00 0.0000E+00
 2.3304E+15 1.2290E+36 1.0300E+00 9.0716E-02 7.1539E-02 8.3774E-01 1.6226E-01 0.0000E+00 0.0000E+00 0.0000E+00 0.0000E+00 2.9141E-01 4.3288E-01 0.0000E+00 0.0000E+00 0.0000E+00 0.0000E+00
 2.2947E+15 1.1906E+36 1.0200E+00 9.0438E-02 7.1161E-02 8.3840E-01 1.6160E-01 0.0000E+00 0.0000E+00 0.0000E+00 0.0000E+00 2.9234E-01 4.3447E-01 0.0000E+00 0.0000E+00 0.0000E+00 0.0000E+00
 2.2595E+15 1.1529E+36 1.0100E+00 9.0151E-02 7.0775E-02 8.3907E-01 1.6093E-01 0.0000E+00 0.0000E+00 0.0000E+00 0.0000E+00 2.9328E-01 4.3610E-01 0.0000E+00 0.0000E+00 0.0000E+00 0.0000E+00
 2.2247E+15 1.1161E+36 1.0000E+00 8.9856E-02 7.0379E-02 8.3977E-01 1.6023E-01 0.0000E+00 0.0000E+00 0.0000E+00 0.0000E+00 2.9425E-01 4.3776E-01 0.0000E+00 0.0000E+00 0.0000E+00 0.0000E+00
 2.1902E+15 1.0801E+36 9.9000E-01 8.9552E-02 6.9974E-02 8.4047E-01 1.5953E-01 0.0000E+00 0.0000E+00 0.0000E+00 0.0000E+00 2.9523E-01 4.3946E-01 0.0000E+00 0.0000E+00 0.0000E+00 0.0000E+00
 2.1562E+15 1.0448E+36 9.8000E-01 8.9241E-02 6.9560E-02 8.4120E-01 1.5880E-01 0.0000E+00 0.0000E+00 0.0000E+00 0.0000E+00 2.9623E-01 4.4119E-01 0.0000E+00 0.0000E+00 0.0000E+00 0.0000E+00
 2.1226E+15 1.0103E+36 9.7000E-01 8.8921E-02 6.9137E-02 8.4194E-01 1.5806E-01 0.0000E+00 0.0000E+00 0.0000E+00 0.0000E+00 2.9726E-01 4.4296E-01 0.0000E+00 0.0000E+00 0.0000E+00 0.0000E+00
 2.0893E+15 9.7657E+35 9.6000E-01 8.8594E-02 6.8705E-02 8.4270E-01 1.5730E-01 0.0000E+00 0.0000E+00 0.0000E+00 0.0000E+00 2.9830E-01 4.4476E-01 0.0000E+00 0.0000E+00 0.0000E+00 0.0000E+00
 2.0565E+15 9.4359E+35 9.5000E-01 8.8258E-02 6.8263E-02 8.4348E-01 1.5652E-01 0.0000E+00 0.0000E+00 0.0000E+00 0.0000E+00 2.9936E-01 4.4660E-01 0.0000E+00 0.0000E+00 0.0000E+00 0.0000E+00
 2.0240E+15 9.1137E+35 9.4000E-01 8.7914E-02 6.7813E-02 8.4427E-01 1.5573E-01 0.0000E+00 0.0000E+00 0.0000E+00 0.0000E+00 3.0045E-01 4.4848E-01 0.0000E+00 0.0000E+00 0.0000E+00 0.0000E+00
 1.9919E+15 8.7988E+35 9.3000E-01 8.7563E-02 6.7353E-02 8.4508E-01 1.5492E-01 0.0000E+00 0.0000E+00 0.0000E+00 0.0000E+00 3.0156E-01 4.5039E-01 0.0000E+00 0.0000E+00 0.0000E+00 0.0000E+00
 1.9602E+15 8.4913E+35 9.2000E-01 8.7203E-02 6.6884E-02 8.4591E-01 1.5409E-01 0.0000E+00 0.0000E+00 0.0000E+00 0.0000E+00 3.0269E-01 4.5234E-01 0.0000E+00 0.0000E+00 0.0000E+00 0.0000E+00
 1.9288E+15 8.1910E+35 9.1000E-01 8.6835E-02 6.6406E-02 8.4676E-01 1.5324E-01 0.0000E+00 0.0000E+00 0.0000E+00 0.0000E+00 3.0385E-01 4.5433E-01 0.0000E+00 0.0000E+00 0.0000E+00 0.0000E+00
 1.8978E+15 7.8979E+35 9.0000E-01 8.6459E-02 6.5918E-02 8.4762E-01 1.5238E-01 0.0000E+00 0.0000E+00 0.0000E+00 0.0000E+00 3.0503E-01 4.5637E-01 0.0000E+00 0.0000E+00 0.0000E+00 0.0000E+00
 1.8672E+15 7.6118E+35 8.9000E-01 8.6076E-02 6.5421E-02 8.4850E-01 1.5150E-01 0.0000E+00 0.0000E+00 0.0000E+00 0.0000E+00 3.0624E-01 4.5844E-01 0.0000E+00 0.0000E+00 0.0000E+00 0.0000E+00
 1.8369E+15 7.3328E+35 8.8000E-01 8.5684E-02 6.4916E-02 8.4940E-01 1.5060E-01 0.0000E+00 0.0000E+00 0.0000E+00 0.0000E+00 3.0748E-01 4.6055E-01 0.0000E+00 0.0000E+00 0.0000E+00 0.0000E+00
 1.8069E+15 7.0607E+35 8.7000E-01 8.5285E-02 6.4400E-02 8.5031E-01 1.4969E-01 0.0000E+00 0.0000E+00 0.0000E+00 0.0000E+00 3.0874E-01 4.6271E-01 0.0000E+00 0.0000E+00 0.0000E+00 0.0000E+00
 1.7773E+15 6.7954E+35 8.6000E-01 8.4877E-02 6.3876E-02 8.5125E-01 1.4875E-01 0.0000E+00 0.0000E+00 0.0000E+00 0.0000E+00 3.1003E-01 4.6490E-01 0.0000E+00 0.0000E+00 0.0000E+00 0.0000E+00
 1.7481E+15 6.5369E+35 8.5000E-01 8.4462E-02 6.3342E-02 8.5220E-01 1.4780E-01 0.0000E+00 0.0000E+00 0.0000E+00 0.0000E+00 3.1135E-01 4.6715E-01 0.0000E+00 0.0000E+00 0.0000E+00 0.0000E+00
 1.7192E+15 6.2851E+35 8.4000E-01 8.4039E-02 6.2799E-02 8.5316E-01 1.4684E-01 0.0000E+00 0.0000E+00 0.0000E+00 0.0000E+00 3.1269E-01 4.6943E-01 0.0000E+00 0.0000E+00 0.0000E+00 0.0000E+00
 1.6906E+15 6.0398E+35 8.3000E-01 8.3608E-02 6.2246E-02 8.5415E-01 1.4585E-01 0.0000E+00 0.0000E+00 0.0000E+00 0.0000E+00 3.1407E-01 4.7176E-01 0.0000E+00 0.0000E+00 0.0000E+00 0.0000E+00
 1.6623E+15 5.8010E+35 8.2000E-01 8.3168E-02 6.1684E-02 8.5515E-01 1.4485E-01 0.0000E+00 0.0000E+00 0.0000E+00 0.0000E+00 3.1548E-01 4.7414E-01 0.0000E+00 0.0000E+00 0.0000E+00 0.0000E+00
 1.6343E+15 5.5687E+35 8.1000E-01 8.2722E-02 6.1112E-02 8.5617E-01 1.4383E-01 0.0000E+00 0.0000E+00 0.0000E+00 0.0000E+00 3.1693E-01 4.7656E-01 0.0000E+00 0.0000E+00 0.0000E+00 0.0000E+00
 1.6067E+15 5.3427E+35 8.0000E-01 8.2267E-02 6.0531E-02 8.5720E-01 1.4280E-01 0.0000E+00 0.0000E+00 0.0000E+00 0.0000E+00 3.1840E-01 4.7903E-01 0.0000E+00 0.0000E+00 0.0000E+00 0.0000E+00
 1.5794E+15 5.1230E+35 7.9000E-01 8.1804E-02 5.9941E-02 8.5826E-01 1.4174E-01 0.0000E+00 0.0000E+00 0.0000E+00 0.0000E+00 3.1991E-01 4.8155E-01 0.0000E+00 0.0000E+00 0.0000E+00 0.0000E+00
 1.5523E+15 4.9095E+35 7.8000E-01 8.1333E-02 5.9340E-02 8.5933E-01 1.4067E-01 0.0000E+00 0.0000E+00 0.0000E+00 0.0000E+00 3.2146E-01 4.8412E-01 0.0000E+00 0.0000E+00 0.0000E+00 0.0000E+00
 1.5256E+15 4.7020E+35 7.7000E-01 8.0855E-02 5.8730E-02 8.6042E-01 1.3958E-01 0.0000E+00 0.0000E+00 0.0000E+00 0.0000E+00 3.2304E-01 4.8673E-01 0.0000E+00 0.0000E+00 0.0000E+00 0.0000E+00
 1.4992E+15 4.5006E+35 7.6000E-01 8.0368E-02 5.8110E-02 8.6152E-01 1.3848E-01 0.0000E+00 0.0000E+00 0.0000E+00 0.0000E+00 3.2466E-01 4.8940E-01 0.0000E+00 0.0000E+00 0.0000E+00 0.0000E+00
 1.4730E+15 4.3050E+35 7.5000E-01 7.9874E-02 5.7481E-02 8.6265E-01 1.3735E-01 0.0000E+00 0.0000E+00 0.0000E+00 0.0000E+00 3.2632E-01 4.9213E-01 0.0000E+00 0.0000E+00 0.0000E+00 0.0000E+00
 1.4472E+15 4.1153E+35 7.4000E-01 7.9371E-02 5.6841E-02 8.6379E-01 1.3621E-01 0.0000E+00 0.0000E+00 0.0000E+00 0.0000E+00 3.2803E-01 4.9490E-01 0.0000E+00 0.0000E+00 0.0000E+00 0.0000E+00
 1.4216E+15 3.9314E+35 7.3000E-01 7.8861E-02 5.6191E-02 8.6495E-01 1.3505E-01 0.0000E+00 0.0000E+00 0.0000E+00 0.0000E+00 3.2977E-01 4.9773E-01 0.0000E+00 0.0000E+00 0.0000E+00 0.0000E+00
 1.3963E+15 3.7531E+35 7.2000E-01 7.8342E-02 5.5532E-02 8.6613E-01 1.3387E-01 0.0000E+00 0.0000E+00 0.0000E+00 0.0000E+00 3.3156E-01 5.0062E-01 0.0000E+00 0.0000E+00 0.0000E+00 0.0000E+00
 1.3713E+15 3.5804E+35 7.1000E-01 7.7816E-02 5.4862E-02 8.6732E-01 1.3268E-01 0.0000E+00 0.0000E+00 0.0000E+00 0.0000E+00 3.3339E-01 5.0356E-01 0.0000E+00 0.0000E+00 0.0000E+00 0.0000E+00
 1.3465E+15 3.4132E+35 7.0000E-01 7.7281E-02 5.4181E-02 8.6854E-01 1.3146E-01 0.0000E+00 0.0000E+00 0.0000E+00 0.0000E+00 3.3527E-01 5.0656E-01 0.0000E+00 0.0000E+00 0.0000E+00 0.0000E+00
 1.3220E+15 3.2514E+35 6.9000E-01 7.6738E-02 5.3491E-02 8.6977E-01 1.3023E-01 0.0000E+00 0.0000E+00 0.0000E+00 0.0000E+00 3.3719E-01 5.0963E-01 0.0000E+00 0.0000E+00 0.0000E+00 0.0000E+00
 1.2978E+15 3.0949E+35 6.8000E-01 7.6187E-02 5.2790E-02 8.7102E-01 1.2898E-01 0.0000E+00 0.0000E+00 0.0000E+00 0.0000E+00 3.3917E-01 5.1275E-01 0.0000E+00 0.0000E+00 0.0000E+00 0.0000E+00
 1.2738E+15 2.9436E+35 6.7000E-01 7.5628E-02 5.2078E-02 8.7229E-01 1.2771E-01 0.0000E+00 0.0000E+00 0.0000E+00 0.0000E+00 3.4119E-01 5.1593E-01 0.0000E+00 0.0000E+00 0.0000E+00 0.0000E+00
 1.2500E+15 2.7975E+35 6.6000E-01 7.5060E-02 5.1355E-02 8.7358E-01 1.2642E-01 0.0000E+00 0.0000E+00 0.0000E+00 0.0000E+00 3.4327E-01 5.1918E-01 0.0000E+00 0.0000E+00 0.0000E+00 0.0000E+00
 1.2265E+15 2.6564E+35 6.5000E-01 7.4484E-02 5.0622E-02 8.7489E-01 1.2511E-01 0.0000E+00 0.0000E+00 0.0000E+00 0.0000E+00 3.4541E-01 5.2249E-01 0.0000E+00 0.0000E+00 0.0000E+00 0.0000E+00
 1.2033E+15 2.5203E+35 6.4000E-01 7.3899E-02 4.9877E-02 8.7622E-01 1.2378E-01 0.0000E+00 0.0000E+00 0.0000E+00 0.0000E+00 3.4760E-01 5.2587E-01 0.0000E+00 0.0000E+00 0.0000E+00 0.0000E+00
 1.1802E+15 2.3890E+35 6.3000E-01 7.3305E-02 4.9121E-02 8.7757E-01 1.2243E-01 0.0000E+00 0.0000E+00 0.0000E+00 0.0000E+00 3.4985E-01 5.2931E-01 0.0000E+00 0.0000E+00 0.0000E+00 0.0000E+00
 1.1574E+15 2.2626E+35 6.2000E-01 7.2703E-02 4.8354E-02 8.7894E-01 1.2106E-01 0.0000E+00 0.0000E+00 0.0000E+00 0.0000E+00 3.5216E-01 5.3283E-01 0.0000E+00 0.0000E+00 0.0000E+00 0.0000E+00
 1.1348E+15 2.1408E+35 6.1000E-01 7.2092E-02 4.7575E-02 8.8033E-01 1.1967E-01 0.0000E+00 0.0000E+00 0.0000E+00 0.0000E+00 3.5453E-01 5.3642E-01 0.0000E+00 0.0000E+00 0.0000E+00 0.0000E+00
 1.1124E+15 2.0237E+35 6.0000E-01 7.1472E-02 4.6784E-02 8.8174E-01 1.1826E-01 0.0000E+00 0.0000E+00 0.0000E+00 0.0000E+00 3.5697E-01 5.4008E-01 0.0000E+00 0.0000E+00 0.0000E+00 0.0000E+00
 1.0903E+15 1.9110E+35 5.9000E-01 7.0843E-02 4.5981E-02 8.8318E-01 1.1682E-01 0.0000E+00 0.0000E+00 0.0000E+00 0.0000E+00 3.5948E-01 5.4381E-01 0.0000E+00 0.0000E+00 0.0000E+00 0.0000E+00
 1.0683E+15 1.8028E+35 5.8000E-01 7.0205E-02 4.5166E-02 8.8463E-01 1.1537E-01 0.0000E+00 0.0000E+00 0.0000E+00 0.0000E+00 3.6206E-01 5.4762E-01 0.0000E+00 0.0000E+00 0.0000E+00 0.0000E+00
 1.0466E+15 1.6990E+35 5.7000E-01 6.9557E-02 4.4338E-02 8.8610E-01 1.1390E-01 0.0000E+00 0.0000E+00 0.0000E+00 0.0000E+00 3.6472E-01 5.5151E-01 0.0000E+00 0.0000E+00 0.0000E+00 0.0000E+00
 1.0250E+15 1.5994E+35 5.6000E-01 6.8899E-02 4.3498E-02 8.8760E-01 1.1240E-01 0.0000E+00 0.0000E+00 0.0000E+00 0.0000E+00 3.6745E-01 5.5548E-01 0.0000E+00 0.0000E+00 0.0000E+00 0.0000E+00
 1.0037E+15 1.5039E+35 5.5000E-01 6.8232E-02 4.2644E-02 8.8912E-01 1.1088E-01 0.0000E+00 0.0000E+00 0.0000E+00 0.0000E+00 3.7026E-01 5.5953E-01 0.0000E+00 0.0000E+00 0.0000E+00 0.0000E+00
 9.8251E+14 1.4125E+35 5.4000E-01 6.7555E-02 4.1778E-02 8.9067E-01 1.0933E-01 0.0000E+00 0.0000E+00 0.0000E+00 0.0000E+00 3.7315E-01 5.6367E-01 0.0000E+00 0.0000E+00 0.0000E+00 0.0000E+00
 9.6153E+14 1.3251E+35 5.3000E-01 6.6867E-02 4.0897E-02 8.9224E-01 1.0776E-01 0.0000E+00 0.0000E+00 0.0000E+00 0.0000E+00 3.7613E-01 5.6789E-01 0.0000E+00 0.0000E+00 0.0000E+00 0.0000E+00
 9.4072E+14 1.2415E+35 5.2000E-01 6.6169E-02 4.0002E-02 8.9383E-01 1.0617E-01 0.0000E+00 0.0000E+00 0.0000E+00 0.0000E+00 3.7920E-01 5.7220E-01 0.0000E+00 0.0000E+00 0.0000E+00 0.0000E+00
 9.2009E+14 1.1617E+35 5.1000E-01 6.5460E-02 3.9094E-02 8.9545E-01 1.0455E-01 0.0000E+00 0.0000E+00 0.0000E+00 0.0000E+00 3.8236E-01 5.7660E-01 0.0000E+00 0.0000E+00 0.0000E+00 0.0000E+00
 8.9963E+14 1.0857E+35 5.0000E-01 6.4740E-02 3.8170E-02 8.9709E-01 1.0291E-01 0.0000E+00 0.0000E+00 0.0000E+00 0.0000E+00 3.8562E-01 5.8110E-01 0.0000E+00 0.0000E+00 0.0000E+00 0.0000E+00
 8.7933E+14 1.0132E+35 4.9000E-01 6.4008E-02 3.7232E-02 8.9876E-01 1.0124E-01 0.0000E+00 0.0000E+00 0.0000E+00 0.0000E+00 3.8898E-01 5.8569E-01 0.0000E+00 0.0000E+00 0.0000E+00 0.0000E+00
 8.5919E+14 9.4427E+34 4.8000E-01 6.3265E-02 3.6278E-02 9.0046E-01 9.9543E-02 0.0000E+00 0.0000E+00 0.0000E+00 0.0000E+00 3.9244E-01 5.9038E-01 0.0000E+00 0.0000E+00 0.0000E+00 0.0000E+00
 8.3921E+14 8.7875E+34 4.7000E-01 6.2510E-02 3.5309E-02 9.0218E-01 9.7819E-02 0.0000E+00 0.0000E+00 0.0000E+00 0.0000E+00 3.9602E-01 5.9517E-01 0.0000E+00 0.0000E+00 0.0000E+00 0.0000E+00
 8.1938E+14 8.1655E+34 4.6000E-01 6.1743E-02 3.4324E-02 9.0393E-01 9.6067E-02 0.0000E+00 0.0000E+00 0.0000E+00 0.0000E+00 3.9971E-01 6.0006E-01 0.0000E+00 0.0000E+00 0.0000E+00 0.0000E+00
 7.9970E+14 7.5760E+34 4.5000E-01 6.0964E-02 3.3322E-02 9.0571E-01 9.4286E-02 0.0000E+00 0.0000E+00 0.0000E+00 0.0000E+00 4.0353E-01 6.0506E-01 0.0000E+00 0.0000E+00 0.0000E+00 0.0000E+00
 7.8015E+14 7.0179E+34 4.4000E-01 6.0172E-02 3.2305E-02 9.0752E-01 9.2477E-02 0.0000E+00 0.0000E+00 0.0000E+00 0.0000E+00 4.0747E-01 6.1017E-01 0.0000E+00 0.0000E+00 0.0000E+00 0.0000E+00
 7.6074E+14 6.4904E+34 4.3000E-01 5.9368E-02 3.1271E-02 9.0936E-01 9.0639E-02 0.0000E+00 0.0000E+00 0.0000E+00 0.0000E+00 4.1155E-01 6.1539E-01 0.0000E+00 0.0000E+00 0.0000E+00 0.0000E+00
 7.4147E+14 5.9925E+34 4.2000E-01 5.8551E-02 3.0220E-02 9.1123E-01 8.8771E-02 0.0000E+00 0.0000E+00 0.0000E+00 0.0000E+00 4.1576E-01 6.2072E-01 0.0000E+00 0.0000E+00 0.0000E+00 0.0000E+00
 7.2232E+14 5.5234E+34 4.1000E-01 5.7722E-02 2.9153E-02 9.1312E-01 8.6875E-02 0.0000E+00 0.0000E+00 0.0000E+00 0.0000E+00 4.2012E-01 6.2617E-01 0.0000E+00 0.0000E+00 0.0000E+00 0.0000E+00
 7.0329E+14 5.0820E+34 4.0000E-01 5.6881E-02 2.8070E-02 9.1505E-01 8.4951E-02 0.0000E+00 0.0000E+00 0.0000E+00 0.0000E+00 4.2464E-01 6.3174E-01 0.0000E+00 0.0000E+00 0.0000E+00 0.0000E+00
 6.8439E+14 4.6675E+34 3.9000E-01 5.6029E-02 2.6971E-02 9.1700E-01 8.3000E-02 0.0000E+00 0.0000E+00 0.0000E+00 0.0000E+00 4.2932E-01 6.3743E-01 0.0000E+00 0.0000E+00 0.0000E+00 0.0000E+00
 6.6559E+14 4.2790E+34 3.8000E-01 5.5166E-02 2.5857E-02 9.1898E-01 8.1022E-02 0.0000E+00 0.0000E+00 0.0000E+00 0.0000E+00 4.3417E-01 6.4324E-01 0.0000E+00 0.0000E+00 0.0000E+00 0.0000E+00
 6.4691E+14 3.9154E+34 3.7000E-01 5.4293E-02 2.4728E-02 9.2098E-01 7.9021E-02 0.0000E+00 0.0000E+00 0.0000E+00 0.0000E+00 4.3920E-01 6.4918E-01 0.0000E+00 0.0000E+00 0.0000E+00 0.0000E+00
 6.2833E+14 3.5759E+34 3.6000E-01 5.3413E-02 2.3587E-02 9.2300E-01 7.6999E-02 0.0000E+00 0.0000E+00 0.0000E+00 0.0000E+00 4.4442E-01 6.5525E-01 0.0000E+00 0.0000E+00 0.0000E+00 0.0000E+00
 6.0985E+14 3.2595E+34 3.5000E-01 5.2526E-02 2.2433E-02 9.2504E-01 7.4960E-02 0.0000E+00 0.0000E+00 0.0000E+00 0.0000E+00 4.4984E-01 6.6145E-01 0.0000E+00 0.0000E+00 0.0000E+00 0.0000E+00
 5.9147E+14 2.9651E+34 3.4000E-01 5.1636E-02 2.1270E-02 9.2709E-01 7.2906E-02 0.0000E+00 0.0000E+00 0.0000E+00 0.0000E+00 4.5548E-01 6.6778E-01 0.0000E+00 0.0000E+00 0.0000E+00 0.0000E+00
 5.7318E+14 2.6918E+34 3.3000E-01 5.0745E-02 2.0099E-02 9.2916E-01 7.0844E-02 0.0000E+00 0.0000E+00 0.0000E+00 0.0000E+00 4.6135E-01 6.7424E-01 0.0000E+00 0.0000E+00 0.0000E+00 0.0000E+00
 5.5497E+14 2.4386E+34 3.2000E-01 4.9856E-02 1.8922E-02 9.3122E-01 6.8778E-02 0.0000E+00 0.0000E+00 0.0000E+00 0.0000E+00 4.6745E-01 6.8084E-01 0.0000E+00 0.0000E+00 0.0000E+00 0.0000E+00
 5.3676E+14 2.4120E+34 3.1000E-01 5.0145E-02 1.8582E-02 9.3127E-01 6.8727E-02 0.0000E+00 0.0000E+00 0.0000E+00 0.0000E+00 4.7421E-01 6.8674E-01 0.0000E+00 0.0000E+00 0.0000E+00 0.0000E+00
 5.1863E+14 2.1701E+34 3.0000E-01 5.0435E-02 1.8213E-02 9.3135E-01 6.8648E-02 0.0000E+00 0.0000E+00 0.0000E+00 0.0000E+00 4.8124E-01 6.9281E-01 0.0000E+00 0.0000E+00 0.0000E+00 0.0000E+00
 5.0059E+14 1.9471E+34 2.9000E-01 5.0728E-02 1.7816E-02 9.3146E-01 6.8544E-02 0.0000E+00 0.0000E+00 0.0000E+00 0.0000E+00 4.8855E-01 6.9906E-01 0.0000E+00 0.0000E+00 0.0000E+00 0.0000E+00
 4.8263E+14 1.7421E+34 2.8000E-01 5.1025E-02 1.7388E-02 9.3159E-01 6.8413E-02 0.0000E+00 0.0000E+00 0.0000E+00 0.0000E+00 4.9615E-01 7.0549E-01 0.0000E+00 0.0000E+00 0.0000E+00 0.0000E+00
 4.6475E+14 1.5541E+34 2.7000E-01 5.1327E-02 1.6930E-02 9.3174E-01 6.8257E-02 0.0000E+00 0.0000E+00 0.0000E+00 0.0000E+00 5.0407E-01 7.1212E-01 0.0000E+00 0.0000E+00 0.0000E+00 0.0000E+00
 4.4695E+14 1.3820E+34 2.6000E-01 5.1636E-02 1.6437E-02 9.3193E-01 6.8073E-02 0.0000E+00 0.0000E+00 0.0000E+00 0.0000E+00 5.1232E-01 7.1894E-01 0.0000E+00 0.0000E+00 0.0000E+00 0.0000E+00
 4.2921E+14 1.2248E+34 2.5000E-01 5.1951E-02 1.5907E-02 9.3214E-01 6.7857E-02 0.0000E+00 0.0000E+00 0.0000E+00 0.0000E+00 5.2093E-01 7.2597E-01 0.0000E+00 0.0000E+00 0.0000E+00 0.0000E+00
 4.1154E+14 1.0816E+34 2.4000E-01 5.2270E-02 1.5334E-02 9.3240E-01 6.7603E-02 0.0000E+00 0.0000E+00 0.0000E+00 0.0000E+00 5.2992E-01 7.3322E-01 0.0000E+00 0.0000E+00 0.0000E+00 0.0000E+00
 3.9394E+14 9.5129E+33 2.3000E-01 5.2588E-02 1.4712E-02 9.3270E-01 6.7301E-02 0.0000E+00 0.0000E+00 0.0000E+00 0.0000E+00 5.3931E-01 7.4070E-01 0.0000E+00 0.0000E+00 0.0000E+00 0.0000E+00
 3.7639E+14 8.3305E+33 2.2000E-01 5.2901E-02 1.4034E-02 9.3307E-01 6.6934E-02 0.0000E+00 0.0000E+00 0.0000E+00 0.0000E+00 5.4913E-01 7.4842E-01 0.0000E+00 0.0000E+00 0.0000E+00 0.0000E+00
 3.5890E+14 7.2601E+33 2.1000E-01 5.3197E-02 1.3288E-02 9.3352E-01 6.6484E-02 0.0000E+00 0.0000E+00 0.0000E+00 0.0000E+00 5.5941E-01 7.5639E-01 0.0000E+00 0.0000E+00 0.0000E+00 0.0000E+00
 3.0658E+14 6.6460E+33 1.8000E-01 5.1660E-02 9.2694E-03 9.3907E-01 6.0930E-02 0.0000E+00 0.0000E+00 0.0000E+00 0.0000E+00 5.9263E-01 7.8316E-01 0.0000E+00 0.0000E+00 0.0000E+00 0.0000E+00
 2.8921E+14 5.6119E+33 1.7000E-01 5.0308E-02 7.4137E-03 9.4228E-01 5.7721E-02 0.0000E+00 0.0000E+00 0.0000E+00 0.0000E+00 6.0466E-01 7.9298E-01 0.0000E+00 0.0000E+00 0.0000E+00 0.0000E+00
 2.7189E+14 4.6920E+33 1.6000E-01 4.8859E-02 5.5483E-03 9.4559E-01 5.4407E-02 0.0000E+00 0.0000E+00 0.0000E+00 0.0000E+00 6.1738E-01 8.0304E-01 0.0000E+00 0.0000E+00 0.0000E+00 0.0000E+00
 2.5463E+14 3.8812E+33 1.5000E-01 4.7274E-02 3.7033E-03 9.4902E-01 5.0977E-02 0.0000E+00 0.0000E+00 0.0000E+00 0.0000E+00 6.3084E-01 8.1336E-01 0.0000E+00 0.0000E+00 0.0000E+00 0.0000E+00
 2.3743E+14 3.1740E+33 1.4000E-01 4.5499E-02 1.9511E-03 9.5255E-01 4.7450E-02 0.0000E+00 0.0000E+00 0.0000E+00 0.0000E+00 6.4510E-01 8.2393E-01 0.0000E+00 0.0000E+00 0.0000E+00 0.0000E+00
 2.2027E+14 2.5632E+33 1.3000E-01 4.3454E-02 4.7679E-04 9.5607E-01 4.3931E-02 0.0000E+00 0.0000E+00 0.0000E+00 0.0000E+00 6.6027E-01 8.3473E-01 0.0000E+00 0.0000E+00 0.0000E+00 0.0000E+00
 2.0314E+14 2.0350E+33 1.2000E-01 4.0957E-02 0.0000E+00 9.5904E-01 4.0957E-02 0.0000E+00 0.0000E+00 0.0000E+00 0.0000E+00 6.7651E-01 8.4563E-01 0.0000E+00 0.0000E+00 0.0000E+00 0.0000E+00
 1.8604E+14 1.5890E+33 1.1000E-01 3.8112E-02 0.0000E+00 9.6189E-01 3.8111E-02 0.0000E+00 0.0000E+00 0.0000E+00 0.0000E+00 6.9384E-01 8.5676E-01 0.0000E+00 0.0000E+00 0.0000E+00 0.0000E+00
 1.6899E+14 1.2230E+33 1.0000E-01 3.4999E-02 0.0000E+00 9.6500E-01 3.4998E-02 0.0000E+00 0.0000E+00 0.0000E+00 0.0000E+00 7.1231E-01 8.6823E-01 0.0000E+00 0.0000E+00 0.0000E+00 0.0000E+00
 1.5197E+14 9.2819E+32 9.0000E-02 3.1606E-02 0.0000E+00 9.6839E-01 3.1606E-02 0.0000E+00 0.0000E+00 0.0000E+00 0.0000E+00 7.3203E-01 8.8003E-01 0.0000E+00 0.0000E+00 0.0000E+00 0.0000E+00
   1.58300e+13   1.69890e+32   9.47210e-03     448      67      12
   3.94720e+13   1.66020e+32   2.34600e-02     448      60      12
   5.21050e+13   1.62240e+32   3.09340e-02     448      57      12
   5.72370e+13   1.58550e+32   3.39700e-02     448      56      12
   5.79620e+13   1.54940e+32   3.43990e-02     448      55      12
   5.70010e+13   1.51410e+32   3.38300e-02     448      56      12
   5.61990e+13   1.47970e+32   3.33550e-02     448      56      12
   5.54260e+13   1.44600e+32   3.28990e-02     448      56      12
   5.46350e+13   1.41310e+32   3.24300e-02     448      56      12
   5.38650e+13   1.38090e+32   3.19750e-02     448      56      12
   5.31010e+13   1.34950e+32   3.15220e-02     448      57      12
   5.23460e+13   1.31870e+32   3.10750e-02     448      57      12
   5.16000e+13   1.28870e+32   3.06340e-02     448      57      12
   5.08620e+13   1.25940e+32   3.01970e-02     448      57      12
   5.01340e+13   1.23070e+32   2.97660e-02     448      57      12
   4.94140e+13   1.20270e+32   2.93400e-02     448      58      12
   4.87030e+13   1.17530e+32   2.89190e-02     448      58      12
   4.80000e+13   1.14860e+32   2.85030e-02     448      58      12
   4.73070e+13   1.12240e+32   2.80920e-02     448      58      12
   4.66210e+13   1.09690e+32   2.76850e-02     448      58      12
   4.59450e+13   1.07190e+32   2.72850e-02     448      59      12
   4.52740e+13   1.04750e+32   2.68880e-02     448      59      12
   4.46130e+13   1.02370e+32   2.64960e-02     448      59      12
   4.39770e+13   1.00040e+32   2.61190e-02     448      59      12
   4.32400e+13   9.77600e+31   2.56830e-02     448      59      12
   4.25270e+13   9.55350e+31   2.52600e-02     448      58      12
   4.19260e+13   9.33600e+31   2.49050e-02     448      58      12
   4.12990e+13   9.12350e+31   2.45330e-02     448      58      12
   4.05740e+13   8.91580e+31   2.41040e-02     448      57      12
   3.99390e+13   8.71290e+31   2.37270e-02     448      57      12
   3.93760e+13   8.51460e+31   2.33930e-02     448      58      12
   3.87430e+13   8.32070e+31   2.30180e-02     448      57      12
   3.80600e+13   8.13130e+31   2.26140e-02     448      56      12
   3.74930e+13   7.94620e+31   2.22780e-02     448      56      12
   3.69520e+13   7.76540e+31   2.19570e-02     448      57      12
   3.63130e+13   7.58860e+31   2.15780e-02     448      56      12
   3.57000e+13   7.41590e+31   2.12150e-02     448      55      12
   3.51750e+13   7.24710e+31   2.09040e-02     448      55      12
   3.46440e+13   7.08210e+31   2.05880e-02     448      55      12
   3.41310e+13   6.92090e+31   2.02840e-02     448      56      12
   3.35290e+13   6.76330e+31   1.99270e-02     448      55      12
   3.29660e+13   6.60940e+31   1.95940e-02     448      54      12
   3.24810e+13   6.45890e+31   1.93060e-02     448      54      12
   3.19830e+13   6.31190e+31   1.90110e-02     448      54      12
   3.14950e+13   6.16820e+31   1.87210e-02     448      55      12
   3.10290e+13   6.02780e+31   1.84450e-02     448      55      12
   3.04860e+13   5.89060e+31   1.81230e-02     448      54      12
   2.99570e+13   5.75650e+31   1.78090e-02     448      53      12
   2.95120e+13   5.62550e+31   1.75450e-02     448      53      12
   2.90570e+13   5.49750e+31   1.72750e-02     448      53      12
   2.90480e+13   5.49490e+31   1.72700e-02     448      53      12
   2.83890e+13   5.37230e+31   1.68790e-02     448      61      14
   2.79500e+13   5.25000e+31   1.66180e-02     448      61      14
   2.75160e+13   5.13050e+31   1.63610e-02     448      61      14
   2.70980e+13   5.01370e+31   1.61130e-02     448      61      14
   2.66700e+13   4.89960e+31   1.58590e-02     448      61      14
   2.61740e+13   4.78810e+31   1.55650e-02     448      60      14
   2.57520e+13   4.67910e+31   1.53140e-02     448      60      14
   2.53610e+13   4.57260e+31   1.50820e-02     448      60      14
   2.49640e+13   4.46850e+31   1.48470e-02     448      60      14
   2.45750e+13   4.36680e+31   1.46160e-02     448      60      14
   2.41930e+13   4.26740e+31   1.43890e-02     448      60      14
   2.38250e+13   4.17020e+31   1.41700e-02     448      60      14
   2.33930e+13   4.07530e+31   1.39140e-02     448      59      14
   2.29850e+13   3.98260e+31   1.36710e-02     448      59      14
   2.26360e+13   3.89190e+31   1.34650e-02     448      59      14
   2.22800e+13   3.80330e+31   1.32530e-02     448      59      14
   2.19320e+13   3.71670e+31   1.30470e-02     448      59      14
   2.15860e+13   3.63210e+31   1.28410e-02     448      59      14
   2.12580e+13   3.54950e+31   1.26460e-02     448      59      14
   2.08960e+13   3.46870e+31   1.24310e-02     448      59      14
   2.05070e+13   3.38970e+31   1.22010e-02     448      57      14
   2.02160e+13   3.31950e+31   1.20280e-02     448      57      14
   1.99920e+13   3.31250e+31   1.18950e-02     448      65      16
   1.96690e+13   3.23710e+31   1.17030e-02     448      65      16
   1.93650e+13   3.16350e+31   1.15220e-02     448      65      16
   1.90570e+13   3.09140e+31   1.13390e-02     448      65      16
   1.87570e+13   3.02110e+31   1.11610e-02     448      65      16
   1.84610e+13   2.95230e+31   1.09850e-02     448      65      16
   1.81690e+13   2.88510e+31   1.08120e-02     448      66      16
   1.78800e+13   2.81940e+31   1.06400e-02     448      66      16
   1.76050e+13   2.75530e+31   1.04770e-02     448      66      16
   1.73040e+13   2.69250e+31   1.02980e-02     448      65      16
   1.69800e+13   2.63120e+31   1.01050e-02     448      64      16
   1.67130e+13   2.57140e+31   9.94680e-03     448      64      16
   1.64500e+13   2.51280e+31   9.79070e-03     448      64      16
   1.61880e+13   2.45560e+31   9.63510e-03     448      64      16
   1.59320e+13   2.39970e+31   9.48290e-03     448      64      16
   1.56790e+13   2.34510e+31   9.33270e-03     448      64      16
   1.54310e+13   2.29170e+31   9.18500e-03     448      64      16
   1.51860e+13   2.23960e+31   9.03980e-03     448      64      16
   1.49430e+13   2.18860e+31   8.89540e-03     448      64      16
   1.47130e+13   2.13880e+31   8.75860e-03     448      65      16
   1.44620e+13   2.09010e+31   8.60920e-03     448      64      16
   1.41890e+13   2.04250e+31   8.44690e-03     448      63      16
   1.39640e+13   1.99600e+31   8.31360e-03     448      63      16
   1.37440e+13   1.95060e+31   8.18290e-03     448      63      16
   1.35250e+13   1.90620e+31   8.05240e-03     448      63      16
   1.33100e+13   1.86280e+31   7.92490e-03     448      63      16
   1.30990e+13   1.82040e+31   7.79910e-03     448      63      16
   1.28910e+13   1.77890e+31   7.67530e-03     448      63      16
   1.26860e+13   1.73840e+31   7.55340e-03     448      63      16
   1.24840e+13   1.69890e+31   7.43380e-03     448      63      16
   1.22840e+13   1.66020e+31   7.31480e-03     448      63      16
   1.20930e+13   1.62240e+31   7.20080e-03     448      63      16
   1.16850e+13   1.60920e+31   6.95750e-03     224      39      10
   1.14510e+13   1.57250e+31   6.81850e-03     224      38      10
   1.12780e+13   1.53680e+31   6.71560e-03     224      39      10
   1.10960e+13   1.50180e+31   6.60740e-03     224      39      10
   1.09180e+13   1.46760e+31   6.50170e-03     224      39      10
   1.07430e+13   1.43420e+31   6.39800e-03     224      39      10
   1.05710e+13   1.40150e+31   6.29560e-03     224      39      10
   1.04020e+13   1.36960e+31   6.19500e-03     224      39      10
   1.02360e+13   1.33850e+31   6.09600e-03     224      39      10
   1.00720e+13   1.30800e+31   5.99860e-03     224      39      10
   9.91060e+12   1.27820e+31   5.90270e-03     224      39      10
   9.75200e+12   1.24910e+31   5.80830e-03     224      39      10
   9.59590e+12   1.22070e+31   5.71550e-03     224      39      10
   9.44230e+12   1.19290e+31   5.62420e-03     224      39      10
   9.29110e+12   1.16570e+31   5.53430e-03     224      39      10
   9.14240e+12   1.13920e+31   5.44580e-03     224      39      10
   8.99610e+12   1.11330e+31   5.35880e-03     224      39      10
   8.85210e+12   1.08790e+31   5.27310e-03     224      39      10
   8.81030e+12   1.08060e+31   5.24820e-03     224      39      10
   8.38430e+12   1.06320e+31   4.99480e-03     224      45      12
   8.24980e+12   1.03900e+31   4.91480e-03     224      45      12
   8.11700e+12   1.01530e+31   4.83580e-03     224      45      12
   7.98630e+12   9.92210e+30   4.75800e-03     224      45      12
   7.85780e+12   9.69630e+30   4.68160e-03     224      45      12
   7.73130e+12   9.47550e+30   4.60630e-03     224      45      12
   7.60690e+12   9.25990e+30   4.53230e-03     224      45      12
   7.48450e+12   9.04910e+30   4.45950e-03     224      45      12
   7.36410e+12   8.84310e+30   4.38780e-03     224      45      12
   7.24560e+12   8.64180e+30   4.31730e-03     224      45      12
   7.12900e+12   8.44510e+30   4.24790e-03     224      45      12
   7.01430e+12   8.25290e+30   4.17970e-03     224      45      12
   6.90150e+12   8.06500e+30   4.11250e-03     224      45      12
   6.79040e+12   7.88140e+30   4.04650e-03     224      45      12
   6.78570e+12   7.87360e+30   4.04360e-03     224      45      12
   6.41350e+12   7.70200e+30   3.82210e-03     224      51      14
   6.30870e+12   7.52670e+30   3.75970e-03     224      51      14
   6.20700e+12   7.35540e+30   3.69920e-03     224      51      14
   6.10650e+12   7.18790e+30   3.63940e-03     224      51      14
   6.00780e+12   7.02430e+30   3.58060e-03     224      51      14
   5.91060e+12   6.86440e+30   3.52280e-03     224      51      14
   5.81510e+12   6.70820e+30   3.46590e-03     224      51      14
   5.72100e+12   6.55550e+30   3.40990e-03     224      51      14
   5.62850e+12   6.40630e+30   3.35490e-03     224      51      14
   5.53750e+12   6.26040e+30   3.30070e-03     224      51      14
   5.44800e+12   6.11790e+30   3.24740e-03     224      51      14
   5.42900e+12   6.08770e+30   3.23610e-03     224      51      14
   5.14450e+12   5.97870e+30   3.06670e-03     224      58      16
   5.04810e+12   5.84260e+30   3.00930e-03     224      57      16
   4.96980e+12   5.70960e+30   2.96270e-03     224      57      16
   4.88820e+12   5.57960e+30   2.91410e-03     224      57      16
   4.80880e+12   5.45260e+30   2.86680e-03     224      57      16
   4.73070e+12   5.32850e+30   2.82030e-03     224      57      16
   4.65380e+12   5.20720e+30   2.77460e-03     224      57      16
   4.57820e+12   5.08870e+30   2.72950e-03     224      57      16
   4.50380e+12   4.97280e+30   2.68520e-03     224      57      16
   4.43070e+12   4.85960e+30   2.64170e-03     224      57      16
   4.35870e+12   4.74900e+30   2.59880e-03     224      57      16
   4.28790e+12   4.64090e+30   2.55660e-03     224      57      16
   4.21820e+12   4.53530e+30   2.51520e-03     224      57      16
   4.14970e+12   4.43200e+30   2.47440e-03     224      57      16
   4.08230e+12   4.33120e+30   2.43420e-03     224      57      16
   4.01600e+12   4.23260e+30   2.39470e-03     224      57      16
   3.65890e+12   4.21360e+30   2.18160e-03     112      36      10
   3.59880e+12   4.11760e+30   2.14580e-03     112      36      10
   3.53970e+12   4.02390e+30   2.11060e-03     112      36      10
   3.48160e+12   3.93230e+30   2.07600e-03     112      36      10
   3.42440e+12   3.84280e+30   2.04200e-03     112      36      10
   3.36820e+12   3.75530e+30   2.00850e-03     112      36      10
   3.31290e+12   3.66990e+30   1.97550e-03     112      36      10
   3.25850e+12   3.58630e+30   1.94310e-03     112      36      10
   3.20500e+12   3.50470e+30   1.91130e-03     112      36      10
   3.15240e+12   3.42490e+30   1.87990e-03     112      36      10
   3.10060e+12   3.34690e+30   1.84910e-03     112      36      10
   3.07630e+12   3.31050e+30   1.83460e-03     112      36      10
   2.78070e+12   3.27080e+30   1.65850e-03     112      42      12
   2.73470e+12   3.19630e+30   1.63110e-03     112      42      12
   2.68940e+12   3.12350e+30   1.60410e-03     112      42      12
   2.64480e+12   3.05240e+30   1.57760e-03     112      42      12
   2.60100e+12   2.98300e+30   1.55150e-03     112      42      12
   2.55790e+12   2.91510e+30   1.52580e-03     112      42      12
   2.51550e+12   2.84870e+30   1.50060e-03     112      42      12
   2.47390e+12   2.78390e+30   1.47570e-03     112      42      12
   2.45180e+12   2.74970e+30   1.46260e-03     112      42      12
   2.22260e+12   2.72050e+30   1.32600e-03     112      48      14
   2.18550e+12   2.65860e+30   1.30390e-03     112      48      14
   2.14900e+12   2.59810e+30   1.28210e-03     112      48      14
   2.11310e+12   2.53890e+30   1.26080e-03     112      48      14
   2.07780e+12   2.48110e+30   1.23970e-03     112      48      14
   2.04320e+12   2.42460e+30   1.21910e-03     112      48      14
   2.01740e+12   2.38290e+30   1.20370e-03     112      48      14
   1.85280e+12   2.36950e+30   1.10560e-03     112      56      16
   1.81800e+12   2.31550e+30   1.08490e-03     112      55      16
   1.77930e+12   2.26280e+30   1.06180e-03     112      54      16
   1.74980e+12   2.21130e+30   1.04430e-03     112      54      16
   1.72070e+12   2.16100e+30   1.02690e-03     112      54      16
   1.69160e+12   2.11180e+30   1.00960e-03     112      54      16
   1.66330e+12   2.06370e+30   9.92680e-04     112      54      16
   1.63530e+12   2.01670e+30   9.76010e-04     112      54      16
   1.60790e+12   1.97080e+30   9.59640e-04     112      54      16
   1.35140e+12   1.95450e+30   8.06450e-04      56      34      10
   1.32850e+12   1.91000e+30   7.92790e-04      56      34      10
   1.30590e+12   1.86650e+30   7.79370e-04      56      34      10
   1.28380e+12   1.82400e+30   7.66170e-04      56      34      10
   1.26200e+12   1.78250e+30   7.53190e-04      56      34      10
   1.24060e+12   1.74190e+30   7.40430e-04      56      34      10
   1.23970e+12   1.74020e+30   7.39890e-04      56      34      10
   1.04920e+12   1.70230e+30   6.26340e-04      56      40      12
   1.03130e+12   1.66350e+30   6.15680e-04      56      40      12
   1.01370e+12   1.62570e+30   6.05190e-04      56      40      12
   9.96410e+11   1.58870e+30   5.94890e-04      56      40      12
   9.91870e+11   1.57900e+30   5.92180e-04      56      40      12
   8.55060e+11   1.55250e+30   5.10620e-04      56      46      14
   8.40420e+11   1.51720e+30   5.01900e-04      56      46      14
   8.26040e+11   1.48260e+30   4.93320e-04      56      46      14
   8.16870e+11   1.46070e+30   4.87860e-04      56      46      14
   7.17650e+11   1.44890e+30   4.28700e-04      56      52      16
   7.05350e+11   1.41590e+30   4.21360e-04      56      52      16
   6.93250e+11   1.38370e+30   4.14150e-04      56      52      16
   6.81370e+11   1.35220e+30   4.07070e-04      56      52      16
   6.69690e+11   1.32140e+30   4.00100e-04      56      52      16
   6.58200e+11   1.29130e+30   3.93260e-04      56      52      16
   6.46920e+11   1.26190e+30   3.86530e-04      56      52      16
   6.35830e+11   1.23320e+30   3.79920e-04      56      52      16
   6.33210e+11   1.22640e+30   3.78360e-04      56      52      16
   5.57560e+11   1.20510e+30   3.33240e-04      56      56      18
   5.47990e+11   1.17770e+30   3.27540e-04      56      56      18
   5.38590e+11   1.15090e+30   3.21930e-04      56      56      18
   5.29350e+11   1.12470e+30   3.16420e-04      56      56      18
   5.20270e+11   1.09910e+30   3.11010e-04      56      56      18
   5.11350e+11   1.07410e+30   3.05680e-04      56      56      18
   5.02580e+11   1.04960e+30   3.00450e-04      56      56      18
   4.93960e+11   1.02570e+30   2.95310e-04      56      56      18
   4.85480e+11   1.00240e+30   2.90260e-04      56      56      18
   4.77160e+11   9.79560e+29   2.85290e-04      56      56      18
   4.68970e+11   9.57260e+29   2.80410e-04      56      56      18
   4.60930e+11   9.35470e+29   2.75610e-04      56      56      18
   4.53020e+11   9.14180e+29   2.70890e-04      56      56      18
   4.45250e+11   8.93370e+29   2.66250e-04      56      56      18
   4.37610e+11   8.73030e+29   2.61700e-04      56      56      18
   4.30110e+11   8.53160e+29   2.57220e-04      56      56      18
   4.22730e+11   8.33740e+29   2.52820e-04      56      56      18
   4.15480e+11   8.14760e+29   2.48490e-04      56      56      18
   4.08350e+11   7.96210e+29   2.44240e-04      56      56      18
   4.01350e+11   7.78090e+29   2.40060e-04      56      56      18
   3.94470e+11   7.60380e+29   2.35950e-04      56      56      18
   3.87700e+11   7.43070e+29   2.31910e-04      56      56      18
   3.81050e+11   7.26160e+29   2.27940e-04      56      56      18
   3.74520e+11   7.09630e+29   2.24040e-04      56      56      18
   3.68090e+11   6.93470e+29   2.20210e-04      56      56      18
   3.61780e+11   6.77690e+29   2.16440e-04      56      56      18
   3.55580e+11   6.62260e+29   2.12730e-04      56      56      18
   3.49480e+11   6.47190e+29   2.09090e-04      56      56      18
   3.43490e+11   6.32460e+29   2.05510e-04      56      56      18
   3.37600e+11   6.18060e+29   2.02000e-04      56      56      18
   3.31810e+11   6.03990e+29   1.98540e-04      56      56      18
   3.26120e+11   5.90240e+29   1.95140e-04      56      56      18
   3.20520e+11   5.76810e+29   1.91800e-04      56      56      18
   3.15030e+11   5.63680e+29   1.88520e-04      56      56      18
   3.09630e+11   5.50850e+29   1.85290e-04      56      56      18
   3.04320e+11   5.38310e+29   1.82120e-04      56      56      18
   2.99100e+11   5.26050e+29   1.79010e-04      56      56      18
   2.93970e+11   5.14080e+29   1.75940e-04      56      56      18
   2.88930e+11   5.02380e+29   1.72930e-04      56      56      18
   2.83970e+11   4.90940e+29   1.69970e-04      56      56      18
   2.79110e+11   4.79770e+29   1.67060e-04      56      56      18
   2.76800e+11   4.74500e+29   1.65690e-04      56      56      18
   2.47290e+11   4.68850e+29   1.48050e-04      56      56      20
   2.43050e+11   4.58170e+29   1.45510e-04      56      56      20
   2.38880e+11   4.47740e+29   1.43020e-04      56      56      20
   2.34780e+11   4.37550e+29   1.40570e-04      56      56      20
   2.30750e+11   4.27590e+29   1.38170e-04      56      56      20
   2.26800e+11   4.17860e+29   1.35800e-04      56      56      20
   2.22910e+11   4.08350e+29   1.33480e-04      56      56      20
   2.19090e+11   3.99050e+29   1.31190e-04      56      56      20
   2.15330e+11   3.89970e+29   1.28950e-04      56      56      20
   2.11640e+11   3.81090e+29   1.26740e-04      56      56      20
   2.08010e+11   3.72420e+29   1.24570e-04      56      56      20
   2.04440e+11   3.63940e+29   1.22440e-04      56      56      20
   2.00930e+11   3.55660e+29   1.20350e-04      56      56      20
   1.97490e+11   3.47560e+29   1.18290e-04      56      56      20
   1.94100e+11   3.39650e+29   1.16260e-04      56      56      20
   1.90770e+11   3.31920e+29   1.14270e-04      56      56      20
   1.87500e+11   3.24360e+29   1.12320e-04      56      56      20
   1.84290e+11   3.16980e+29   1.10390e-04      56      56      20
   1.81130e+11   3.09760e+29   1.08510e-04      56      56      20
   1.78020e+11   3.02710e+29   1.06650e-04      56      56      20
   1.74970e+11   2.95820e+29   1.04820e-04      56      56      20
   1.71970e+11   2.89090e+29   1.03030e-04      56      56      20
   1.69020e+11   2.82510e+29   1.01270e-04      56      56      20
   1.66120e+11   2.76080e+29   9.95330e-05      56      56      20
   1.63280e+11   2.69790e+29   9.78300e-05      56      56      20
   1.60480e+11   2.63650e+29   9.61560e-05      56      56      20
   1.57730e+11   2.57650e+29   9.45100e-05      56      56      20
   1.55020e+11   2.51790e+29   9.28930e-05      56      56      20
   1.52360e+11   2.46050e+29   9.13030e-05      56      56      20
   1.49750e+11   2.40450e+29   8.97410e-05      56      56      20
   1.47180e+11   2.34980e+29   8.82050e-05      56      56      20
   1.44660e+11   2.29630e+29   8.66960e-05      56      56      20
   1.42180e+11   2.24400e+29   8.52120e-05      56      56      20
   1.39740e+11   2.19300e+29   8.37540e-05      56      56      20
   1.37350e+11   2.14300e+29   8.23200e-05      56      56      20
   1.34990e+11   2.09430e+29   8.09120e-05      56      56      20
   1.32680e+11   2.04660e+29   7.95270e-05      56      56      20
   1.30410e+11   2.00000e+29   7.81660e-05      56      56      20
   1.28170e+11   1.95450e+29   7.68280e-05      56      56      20
   1.25970e+11   1.91000e+29   7.55140e-05      56      56      20
   1.23810e+11   1.86650e+29   7.42220e-05      56      56      20
   1.21690e+11   1.82400e+29   7.29510e-05      56      56      20
   1.19610e+11   1.78250e+29   7.17030e-05      56      56      20
   1.17560e+11   1.74190e+29   7.04760e-05      56      56      20
   1.15540e+11   1.70230e+29   6.92700e-05      56      56      20
   1.13560e+11   1.66350e+29   6.80850e-05      56      56      20
   1.11610e+11   1.62570e+29   6.69200e-05      56      56      20
   1.09700e+11   1.58870e+29   6.57740e-05      56      56      20
   1.07820e+11   1.55250e+29   6.46490e-05      56      56      20
   1.05970e+11   1.51720e+29   6.35430e-05      56      56      20
   1.04160e+11   1.48260e+29   6.24550e-05      56      56      20
   1.02370e+11   1.44890e+29   6.13870e-05      56      56      20
   1.00620e+11   1.41590e+29   6.03360e-05      56      56      20
   9.88930e+10   1.38370e+29   5.93040e-05      56      56      20
   9.71980e+10   1.35220e+29   5.82890e-05      56      56      20
   9.55320e+10   1.32140e+29   5.72910e-05      56      56      20
   9.38950e+10   1.29130e+29   5.63110e-05      56      56      20
   9.22860e+10   1.26190e+29   5.53480e-05      56      56      20
   9.07040e+10   1.23320e+29   5.44000e-05      56      56      20
   8.91500e+10   1.20510e+29   5.34700e-05      56      56      20
   8.76220e+10   1.17770e+29   5.25550e-05      56      56      20
   8.61740e+10   1.15180e+29   5.16870e-05      56      56      20
   7.84190e+10   1.15090e+29   4.70400e-05      56      56      22
   7.70750e+10   1.12470e+29   4.62350e-05      56      56      22
   7.57540e+10   1.09910e+29   4.54440e-05      56      56      22
   7.44550e+10   1.07410e+29   4.46670e-05      56      56      22
   7.31790e+10   1.04960e+29   4.39020e-05      56      56      22
   7.19250e+10   1.02570e+29   4.31510e-05      56      56      22
   7.06930e+10   1.00240e+29   4.24130e-05      56      56      22
   6.94810e+10   9.79560e+28   4.16870e-05      56      56      22
   6.82900e+10   9.57260e+28   4.09740e-05      56      56      22
   6.71200e+10   9.35470e+28   4.02730e-05      56      56      22
   6.59700e+10   9.14180e+28   3.95840e-05      56      56      22
   6.48400e+10   8.93370e+28   3.89060e-05      56      56      22
   6.37280e+10   8.73030e+28   3.82410e-05      56      56      22
   6.26360e+10   8.53160e+28   3.75860e-05      56      56      22
   6.15630e+10   8.33740e+28   3.69430e-05      56      56      22
   6.05080e+10   8.14760e+28   3.63110e-05      56      56      22
   5.94710e+10   7.96210e+28   3.56900e-05      56      56      22
   5.84520e+10   7.78090e+28   3.50790e-05      56      56      22
   5.74510e+10   7.60380e+28   3.44790e-05      56      56      22
   5.64660e+10   7.43070e+28   3.38890e-05      56      56      22
   5.54990e+10   7.26160e+28   3.33090e-05      56      56      22
   5.45480e+10   7.09630e+28   3.27390e-05      56      56      22
   5.36130e+10   6.93470e+28   3.21790e-05      56      56      22
   5.26950e+10   6.77690e+28   3.16290e-05      56      56      22
   5.17920e+10   6.62260e+28   3.10880e-05      56      56      22
   5.09050e+10   6.47190e+28   3.05560e-05      56      56      22
   5.00330e+10   6.32460e+28   3.00330e-05      56      56      22
   4.91750e+10   6.18060e+28   2.95190e-05      56      56      22
   4.83330e+10   6.03990e+28   2.90140e-05      56      56      22
   4.75050e+10   5.90240e+28   2.85180e-05      56      56      22
   4.66910e+10   5.76810e+28   2.80300e-05      56      56      22
   4.58910e+10   5.63680e+28   2.75500e-05      56      56      22
   4.51050e+10   5.50850e+28   2.70790e-05      56      56      22
   4.43320e+10   5.38310e+28   2.66160e-05      56      56      22
   4.35730e+10   5.26050e+28   2.61600e-05      56      56      22
   4.28270e+10   5.14080e+28   2.57130e-05      56      56      22
   4.20930e+10   5.02380e+28   2.52730e-05      56      56      22
   4.13720e+10   4.90940e+28   2.48410e-05      56      56      22
   4.06630e+10   4.79770e+28   2.44160e-05      56      56      22
   3.99670e+10   4.68850e+28   2.39980e-05      56      56      22
   3.92820e+10   4.58170e+28   2.35880e-05      56      56      22
   3.86090e+10   4.47740e+28   2.31840e-05      56      56      22
   3.79480e+10   4.37550e+28   2.27870e-05      56      56      22
   3.72980e+10   4.27590e+28   2.23980e-05      56      56      22
   3.66590e+10   4.17860e+28   2.20150e-05      56      56      22
   3.60310e+10   4.08350e+28   2.16380e-05      56      56      22
   3.54140e+10   3.99050e+28   2.12680e-05      56      56      22
   3.48080e+10   3.89970e+28   2.09040e-05      56      56      22
   3.42120e+10   3.81090e+28   2.05460e-05      56      56      22
   3.36260e+10   3.72420e+28   2.01950e-05      56      56      22
   3.30500e+10   3.63940e+28   1.98500e-05      56      56      22
   3.24840e+10   3.55660e+28   1.95100e-05      56      56      22
   3.19280e+10   3.47560e+28   1.91760e-05      56      56      22
   3.13810e+10   3.39650e+28   1.88480e-05      56      56      22
   3.08430e+10   3.31920e+28   1.85260e-05      56      56      22
   3.03150e+10   3.24360e+28   1.82090e-05      56      56      22
   2.97960e+10   3.16980e+28   1.78980e-05      56      56      22
   2.92860e+10   3.09760e+28   1.75920e-05      56      56      22
   2.87840e+10   3.02710e+28   1.72910e-05      56      56      22
   2.82920e+10   2.95820e+28   1.69950e-05      56      56      22
   2.78070e+10   2.89090e+28   1.67040e-05      56      56      22
   2.73310e+10   2.82510e+28   1.64190e-05      56      56      22
   2.68630e+10   2.76080e+28   1.61380e-05      56      56      22
   2.64030e+10   2.69790e+28   1.58620e-05      56      56      22
   2.59510e+10   2.63650e+28   1.55900e-05      56      56      22
   2.55070e+10   2.57650e+28   1.53240e-05      56      56      22
   2.50700e+10   2.51790e+28   1.50620e-05      56      56      22
   2.46410e+10   2.46050e+28   1.48040e-05      56      56      22
   2.42190e+10   2.40450e+28   1.45510e-05      56      56      22
   2.38040e+10   2.34980e+28   1.43020e-05      56      56      22
   2.33970e+10   2.29630e+28   1.40580e-05      56      56      22
   2.29960e+10   2.24400e+28   1.38170e-05      56      56      22
   2.26030e+10   2.19300e+28   1.35810e-05      56      56      22
   2.22160e+10   2.14300e+28   1.33490e-05      56      56      22
   2.18350e+10   2.09430e+28   1.31200e-05      56      56      22
   2.14620e+10   2.04660e+28   1.28960e-05      56      56      22
   2.10940e+10   2.00000e+28   1.26750e-05      56      56      22
   2.07330e+10   1.95450e+28   1.24590e-05      56      56      22
   2.03780e+10   1.91000e+28   1.22460e-05      56      56      22
   2.00290e+10   1.86650e+28   1.20360e-05      56      56      22
   1.96870e+10   1.82400e+28   1.18310e-05      56      56      22
   1.93500e+10   1.78250e+28   1.16280e-05      56      56      22
   1.90180e+10   1.74190e+28   1.14290e-05      56      56      22
   1.86930e+10   1.70230e+28   1.12340e-05      56      56      22
   1.83730e+10   1.66350e+28   1.10420e-05      56      56      22
   1.80580e+10   1.62570e+28   1.08530e-05      56      56      22
   1.77490e+10   1.58870e+28   1.06680e-05      56      56      22
   1.74460e+10   1.55250e+28   1.04850e-05      56      56      22
   1.71470e+10   1.51720e+28   1.03060e-05      56      56      22
   1.68540e+10   1.48260e+28   1.01300e-05      56      56      22
   1.65650e+10   1.44890e+28   9.95650e-06      56      56      22
   1.62820e+10   1.41590e+28   9.78630e-06      56      56      22
   1.60030e+10   1.38370e+28   9.61900e-06      56      56      22
   1.57290e+10   1.35220e+28   9.45450e-06      56      56      22
   1.54600e+10   1.32140e+28   9.29290e-06      56      56      22
   1.51960e+10   1.29130e+28   9.13400e-06      56      56      22
   1.49360e+10   1.26190e+28   8.97790e-06      56      56      22
   1.46800e+10   1.23320e+28   8.82440e-06      56      56      22
   1.44290e+10   1.20510e+28   8.67360e-06      56      56      22
   1.41820e+10   1.17770e+28   8.52530e-06      56      56      22
   1.39390e+10   1.15090e+28   8.37960e-06      56      56      22
   1.37010e+10   1.12470e+28   8.23640e-06      56      56      22
   1.34660e+10   1.09910e+28   8.09560e-06      56      56      22
   1.32360e+10   1.07410e+28   7.95720e-06      56      56      22
   1.30100e+10   1.04960e+28   7.82120e-06      56      56      22
   1.27870e+10   1.02570e+28   7.68750e-06      56      56      22
   1.25680e+10   1.00240e+28   7.55610e-06      56      56      22
   1.23530e+10   9.79560e+27   7.42700e-06      56      56      22
   1.21420e+10   9.57260e+27   7.30000e-06      56      56      22
   1.21410e+10   9.57130e+27   7.29930e-06      56      56      22
   1.09580e+10   9.35470e+27   6.58830e-06      56      56      24
   1.07700e+10   9.14180e+27   6.47570e-06      56      56      24
   1.05860e+10   8.93370e+27   6.36500e-06      56      56      24
   1.04050e+10   8.73030e+27   6.25630e-06      56      56      24
   1.02270e+10   8.53160e+27   6.14940e-06      56      56      24
   1.00520e+10   8.33740e+27   6.04430e-06      56      56      24
   9.88000e+09   8.14760e+27   5.94100e-06      56      56      24
   9.71100e+09   7.96210e+27   5.83950e-06      56      56      24
   9.54490e+09   7.78090e+27   5.73970e-06      56      56      24
   9.38170e+09   7.60380e+27   5.64160e-06      56      56      24
   9.22120e+09   7.43070e+27   5.54520e-06      56      56      24
   9.06350e+09   7.26160e+27   5.45040e-06      56      56      24
   8.90850e+09   7.09630e+27   5.35730e-06      56      56      24
   8.75620e+09   6.93470e+27   5.26580e-06      56      56      24
   8.60650e+09   6.77690e+27   5.17580e-06      56      56      24
   8.45930e+09   6.62260e+27   5.08740e-06      56      56      24
   8.31460e+09   6.47190e+27   5.00050e-06      56      56      24
   8.17250e+09   6.32460e+27   4.91500e-06      56      56      24
   8.03270e+09   6.18060e+27   4.83110e-06      56      56      24
   7.89540e+09   6.03990e+27   4.74850e-06      56      56      24
   7.76040e+09   5.90240e+27   4.66740e-06      56      56      24
   7.62770e+09   5.76810e+27   4.58770e-06      56      56      24
   7.49730e+09   5.63680e+27   4.50930e-06      56      56      24
   7.36910e+09   5.50850e+27   4.43230e-06      56      56      24
   7.24310e+09   5.38310e+27   4.35660e-06      56      56      24
   7.11930e+09   5.26050e+27   4.28220e-06      56      56      24
   6.99760e+09   5.14080e+27   4.20900e-06      56      56      24
   6.87800e+09   5.02380e+27   4.13710e-06      56      56      24
   6.76040e+09   4.90940e+27   4.06650e-06      56      56      24
   6.64490e+09   4.79770e+27   3.99700e-06      56      56      24
   6.53130e+09   4.68850e+27   3.92870e-06      56      56      24
   6.41970e+09   4.58170e+27   3.86160e-06      56      56      24
   6.30990e+09   4.47740e+27   3.79570e-06      56      56      24
   6.20210e+09   4.37550e+27   3.73090e-06      56      56      24
   6.09610e+09   4.27590e+27   3.66720e-06      56      56      24
   5.99190e+09   4.17860e+27   3.60450e-06      56      56      24
   5.88950e+09   4.08350e+27   3.54300e-06      56      56      24
   5.78890e+09   3.99050e+27   3.48250e-06      56      56      24
   5.69000e+09   3.89970e+27   3.42300e-06      56      56      24
   5.59270e+09   3.81090e+27   3.36460e-06      56      56      24
   5.49720e+09   3.72420e+27   3.30710e-06      56      56      24
   5.40320e+09   3.63940e+27   3.25070e-06      56      56      24
   5.31090e+09   3.55660e+27   3.19520e-06      56      56      24
   5.22020e+09   3.47560e+27   3.14060e-06      56      56      24
   5.13100e+09   3.39650e+27   3.08700e-06      56      56      24
   5.04330e+09   3.31920e+27   3.03430e-06      56      56      24
   4.95720e+09   3.24360e+27   2.98250e-06      56      56      24
   4.87250e+09   3.16980e+27   2.93160e-06      56      56      24
   4.78930e+09   3.09760e+27   2.88160e-06      56      56      24
   4.70750e+09   3.02710e+27   2.83240e-06      56      56      24
   4.62710e+09   2.95820e+27   2.78400e-06      56      56      24
   4.54800e+09   2.89090e+27   2.73650e-06      56      56      24
   4.47040e+09   2.82510e+27   2.68980e-06      56      56      24
   4.39400e+09   2.76080e+27   2.64390e-06      56      56      24
   4.31900e+09   2.69790e+27   2.59880e-06      56      56      24
   4.24520e+09   2.63650e+27   2.55440e-06      56      56      24
   4.17270e+09   2.57650e+27   2.51080e-06      56      56      24
   4.10150e+09   2.51790e+27   2.46800e-06      56      56      24
   4.03140e+09   2.46050e+27   2.42590e-06      56      56      24
   3.96260e+09   2.40450e+27   2.38450e-06      56      56      24
   3.89490e+09   2.34980e+27   2.34380e-06      56      56      24
   3.82840e+09   2.29630e+27   2.30380e-06      56      56      24
   3.76310e+09   2.24400e+27   2.26450e-06      56      56      24
   3.69880e+09   2.19300e+27   2.22590e-06      56      56      24
   3.63570e+09   2.14300e+27   2.18790e-06      56      56      24
   3.57360e+09   2.09430e+27   2.15060e-06      56      56      24
   3.51260e+09   2.04660e+27   2.11390e-06      56      56      24
   3.45270e+09   2.00000e+27   2.07780e-06      56      56      24
   3.39370e+09   1.95450e+27   2.04240e-06      56      56      24
   3.33580e+09   1.91000e+27   2.00750e-06      56      56      24
   3.27890e+09   1.86650e+27   1.97330e-06      56      56      24
   3.22290e+09   1.82400e+27   1.93970e-06      56      56      24
   3.16790e+09   1.78250e+27   1.90660e-06      56      56      24
   3.11390e+09   1.74190e+27   1.87410e-06      56      56      24
   3.06070e+09   1.70230e+27   1.84210e-06      56      56      24
   3.00850e+09   1.66350e+27   1.81070e-06      56      56      24
   2.95720e+09   1.62570e+27   1.77980e-06      56      56      24
   2.90670e+09   1.58870e+27   1.74950e-06      56      56      24
   2.85720e+09   1.55250e+27   1.71960e-06      56      56      24
   2.80840e+09   1.51720e+27   1.69030e-06      56      56      24
   2.76050e+09   1.48260e+27   1.66150e-06      56      56      24
   2.71340e+09   1.44890e+27   1.63320e-06      56      56      24
   2.66710e+09   1.41590e+27   1.60530e-06      56      56      24
   2.62170e+09   1.38370e+27   1.57800e-06      56      56      24
   2.57690e+09   1.35220e+27   1.55110e-06      56      56      24
   2.53300e+09   1.32140e+27   1.52460e-06      56      56      24
   2.48980e+09   1.29130e+27   1.49870e-06      56      56      24
   2.44730e+09   1.26190e+27   1.47310e-06      56      56      24
   2.40560e+09   1.23320e+27   1.44800e-06      56      56      24
   2.36460e+09   1.20510e+27   1.42330e-06      56      56      24
   2.32430e+09   1.17770e+27   1.39910e-06      56      56      24
   2.28470e+09   1.15090e+27   1.37530e-06      56      56      24
   2.24570e+09   1.12470e+27   1.35180e-06      56      56      24
   2.20740e+09   1.09910e+27   1.32880e-06      56      56      24
   2.16980e+09   1.07410e+27   1.30620e-06      56      56      24
   2.13280e+09   1.04960e+27   1.28390e-06      56      56      24
   2.09650e+09   1.02570e+27   1.26200e-06      56      56      24
   2.06070e+09   1.00240e+27   1.24050e-06      56      56      24
   2.02560e+09   9.79560e+26   1.21940e-06      56      56      24
   1.99110e+09   9.57260e+26   1.19860e-06      56      56      24
   1.95720e+09   9.35470e+26   1.17820e-06      56      56      24
   1.92380e+09   9.14180e+26   1.15820e-06      56      56      24
   1.89110e+09   8.93370e+26   1.13840e-06      56      56      24
   1.85880e+09   8.73030e+26   1.11910e-06      56      56      24
   1.82720e+09   8.53160e+26   1.10000e-06      56      56      24
   1.79600e+09   8.33740e+26   1.08130e-06      56      56      24
   1.76550e+09   8.14760e+26   1.06290e-06      56      56      24
   1.73540e+09   7.96210e+26   1.04480e-06      56      56      24
   1.70580e+09   7.78090e+26   1.02700e-06      56      56      24
   1.67680e+09   7.60380e+26   1.00950e-06      56      56      24
   1.64820e+09   7.43070e+26   9.92320e-07      56      56      24
   1.62020e+09   7.26160e+26   9.75440e-07      56      56      24
   1.59260e+09   7.09630e+26   9.58840e-07      56      56      24
   1.56550e+09   6.93470e+26   9.42520e-07      56      56      24
   1.53880e+09   6.77690e+26   9.26480e-07      56      56      24
   1.51260e+09   6.62260e+26   9.10720e-07      56      56      24
   1.49360e+09   6.51130e+26   8.99280e-07      56      56      24
   1.37470e+09   6.47190e+26   8.27710e-07      56      56      26
   1.35130e+09   6.32460e+26   8.13630e-07      56      56      26
   1.32830e+09   6.18060e+26   7.99790e-07      56      56      26
   1.30570e+09   6.03990e+26   7.86190e-07      56      56      26
   1.28350e+09   5.90240e+26   7.72820e-07      56      56      26
   1.26170e+09   5.76810e+26   7.59670e-07      56      56      26
   1.24020e+09   5.63680e+26   7.46750e-07      56      56      26
   1.21910e+09   5.50850e+26   7.34060e-07      56      56      26
   1.19840e+09   5.38310e+26   7.21570e-07      56      56      26
   1.17800e+09   5.26050e+26   7.09310e-07      56      56      26
   1.15800e+09   5.14080e+26   6.97250e-07      56      56      26
   1.13830e+09   5.02380e+26   6.85390e-07      56      56      26
   1.11890e+09   4.90940e+26   6.73740e-07      56      56      26
   1.09990e+09   4.79770e+26   6.62290e-07      56      56      26
   1.08120e+09   4.68850e+26   6.51040e-07      56      56      26
   1.06280e+09   4.58170e+26   6.39970e-07      56      56      26
   1.04470e+09   4.47740e+26   6.29100e-07      56      56      26
   1.02700e+09   4.37550e+26   6.18410e-07      56      56      26
   1.00950e+09   4.27590e+26   6.07900e-07      56      56      26
   9.92340e+08   4.17860e+26   5.97570e-07      56      56      26
   9.75480e+08   4.08350e+26   5.87420e-07      56      56      26
   9.58900e+08   3.99050e+26   5.77440e-07      56      56      26
   9.42610e+08   3.89970e+26   5.67640e-07      56      56      26
   9.26590e+08   3.81090e+26   5.58000e-07      56      56      26
   9.10850e+08   3.72420e+26   5.48520e-07      56      56      26
   8.95380e+08   3.63940e+26   5.39210e-07      56      56      26
   8.80170e+08   3.55660e+26   5.30050e-07      56      56      26
   8.65220e+08   3.47560e+26   5.21050e-07      56      56      26
   8.50520e+08   3.39650e+26   5.12210e-07      56      56      26
   8.36080e+08   3.31920e+26   5.03510e-07      56      56      26
   8.21880e+08   3.24360e+26   4.94970e-07      56      56      26
   8.07930e+08   3.16980e+26   4.86570e-07      56      56      26
   7.94210e+08   3.09760e+26   4.78310e-07      56      56      26
   7.80730e+08   3.02710e+26   4.70190e-07      56      56      26
   7.67480e+08   2.95820e+26   4.62220e-07      56      56      26
   7.54460e+08   2.89090e+26   4.54380e-07      56      56      26
   7.41650e+08   2.82510e+26   4.46670e-07      56      56      26
   7.29070e+08   2.76080e+26   4.39090e-07      56      56      26
   7.16700e+08   2.69790e+26   4.31650e-07      56      56      26
   7.04540e+08   2.63650e+26   4.24330e-07      56      56      26
   6.92590e+08   2.57650e+26   4.17130e-07      56      56      26
   6.80840e+08   2.51790e+26   4.10060e-07      56      56      26
   6.69290e+08   2.46050e+26   4.03110e-07      56      56      26
   6.57940e+08   2.40450e+26   3.96270e-07      56      56      26
   6.46790e+08   2.34980e+26   3.89560e-07      56      56      26
   6.35820e+08   2.29630e+26   3.82960e-07      56      56      26
   6.25040e+08   2.24400e+26   3.76470e-07      56      56      26
   6.14450e+08   2.19300e+26   3.70090e-07      56      56      26
   6.04040e+08   2.14300e+26   3.63820e-07      56      56      26
   5.93800e+08   2.09430e+26   3.57650e-07      56      56      26
   5.83740e+08   2.04660e+26   3.51600e-07      56      56      26
   5.73850e+08   2.00000e+26   3.45640e-07      56      56      26
   5.64130e+08   1.95450e+26   3.39790e-07      56      56      26
   5.54570e+08   1.91000e+26   3.34040e-07      56      56      26
   5.45180e+08   1.86650e+26   3.28380e-07      56      56      26
   5.35950e+08   1.82400e+26   3.22820e-07      56      56      26
   5.26870e+08   1.78250e+26   3.17360e-07      56      56      26
   5.17950e+08   1.74190e+26   3.11990e-07      56      56      26
   5.09180e+08   1.70230e+26   3.06710e-07      56      56      26
   5.00560e+08   1.66350e+26   3.01520e-07      56      56      26
   4.92090e+08   1.62570e+26   2.96420e-07      56      56      26
   4.83770e+08   1.58870e+26   2.91400e-07      56      56      26
   4.75580e+08   1.55250e+26   2.86470e-07      56      56      26
   4.67530e+08   1.51720e+26   2.81630e-07      56      56      26
   4.59630e+08   1.48260e+26   2.76870e-07      56      56      26
   4.51850e+08   1.44890e+26   2.72190e-07      56      56      26
   4.44210e+08   1.41590e+26   2.67580e-07      56      56      26
   4.36700e+08   1.38370e+26   2.63060e-07      56      56      26
   4.29320e+08   1.35220e+26   2.58620e-07      56      56      26
   4.22060e+08   1.32140e+26   2.54240e-07      56      56      26
   4.14930e+08   1.29130e+26   2.49950e-07      56      56      26
   4.07910e+08   1.26190e+26   2.45730e-07      56      56      26
   4.01020e+08   1.23320e+26   2.41580e-07      56      56      26
   3.94250e+08   1.20510e+26   2.37500e-07      56      56      26
   3.87590e+08   1.17770e+26   2.33490e-07      56      56      26
   3.81040e+08   1.15090e+26   2.29540e-07      56      56      26
   3.74600e+08   1.12470e+26   2.25670e-07      56      56      26
   3.68280e+08   1.09910e+26   2.21860e-07      56      56      26
   3.62060e+08   1.07410e+26   2.18110e-07      56      56      26
   3.55950e+08   1.04960e+26   2.14430e-07      56      56      26
   3.49940e+08   1.02570e+26   2.10820e-07      56      56      26
   3.44040e+08   1.00240e+26   2.07260e-07      56      56      26
   3.38230e+08   9.79560e+25   2.03760e-07      56      56      26
   3.32530e+08   9.57260e+25   2.00330e-07      56      56      26
   3.26920e+08   9.35470e+25   1.96950e-07      56      56      26
   3.21400e+08   9.14180e+25   1.93630e-07      56      56      26
   3.15980e+08   8.93370e+25   1.90360e-07      56      56      26
   3.10660e+08   8.73030e+25   1.87160e-07      56      56      26
   3.05420e+08   8.53160e+25   1.84000e-07      56      56      26
   3.00270e+08   8.33740e+25   1.80900e-07      56      56      26
   2.95210e+08   8.14760e+25   1.77850e-07      56      56      26
   2.90240e+08   7.96210e+25   1.74860e-07      56      56      26
   2.85350e+08   7.78090e+25   1.71910e-07      56      56      26
   2.80540e+08   7.60380e+25   1.69020e-07      56      56      26
   2.75820e+08   7.43070e+25   1.66170e-07      56      56      26
   2.71180e+08   7.26160e+25   1.63380e-07      56      56      26
   2.66610e+08   7.09630e+25   1.60630e-07      56      56      26
   2.62120e+08   6.93470e+25   1.57920e-07      56      56      26
   2.57710e+08   6.77690e+25   1.55270e-07      56      56      26
   2.53380e+08   6.62260e+25   1.52660e-07      56      56      26
   2.49110e+08   6.47190e+25   1.50090e-07      56      56      26
   2.44920e+08   6.32460e+25   1.47570e-07      56      56      26
   2.40800e+08   6.18060e+25   1.45080e-07      56      56      26
   2.36760e+08   6.03990e+25   1.42650e-07      56      56      26
   2.32780e+08   5.90240e+25   1.40250e-07      56      56      26
   2.28860e+08   5.76810e+25   1.37890e-07      56      56      26
   2.25020e+08   5.63680e+25   1.35580e-07      56      56      26
   2.21240e+08   5.50850e+25   1.33300e-07      56      56      26
   2.17520e+08   5.38310e+25   1.31060e-07      56      56      26
   2.13870e+08   5.26050e+25   1.28860e-07      56      56      26
   2.10280e+08   5.14080e+25   1.26700e-07      56      56      26
   2.06750e+08   5.02380e+25   1.24570e-07      56      56      26
   2.03280e+08   4.90940e+25   1.22480e-07      56      56      26
   1.99870e+08   4.79770e+25   1.20430e-07      56      56      26
   1.96510e+08   4.68850e+25   1.18410e-07      56      56      26
   1.93220e+08   4.58170e+25   1.16420e-07      56      56      26
   1.89980e+08   4.47740e+25   1.14470e-07      56      56      26
   1.86790e+08   4.37550e+25   1.12550e-07      56      56      26
   1.83660e+08   4.27590e+25   1.10660e-07      56      56      26
   1.80580e+08   4.17860e+25   1.08810e-07      56      56      26
   1.77560e+08   4.08350e+25   1.06990e-07      56      56      26
   1.74580e+08   3.99050e+25   1.05190e-07      56      56      26
   1.71660e+08   3.89970e+25   1.03430e-07      56      56      26
   1.68780e+08   3.81090e+25   1.01700e-07      56      56      26
   1.65960e+08   3.72420e+25   9.99980e-08      56      56      26
   1.63180e+08   3.63940e+25   9.83250e-08      56      56      26
   1.60450e+08   3.55660e+25   9.66800e-08      56      56      26
   1.57760e+08   3.47560e+25   9.50630e-08      56      56      26
   1.55120e+08   3.39650e+25   9.34730e-08      56      56      26
   1.52530e+08   3.31920e+25   9.19100e-08      56      56      26
   1.49980e+08   3.24360e+25   9.03740e-08      56      56      26
   1.47470e+08   3.16980e+25   8.88630e-08      56      56      26
   1.45010e+08   3.09760e+25   8.73790e-08      56      56      26
   1.42590e+08   3.02710e+25   8.59190e-08      56      56      26
   1.40200e+08   2.95820e+25   8.44840e-08      56      56      26
   1.37860e+08   2.89090e+25   8.30740e-08      56      56      26
   1.35560e+08   2.82510e+25   8.16870e-08      56      56      26
   1.33300e+08   2.76080e+25   8.03240e-08      56      56      26
   1.31070e+08   2.69790e+25   7.89840e-08      56      56      26
   1.28890e+08   2.63650e+25   7.76660e-08      56      56      26
   1.26740e+08   2.57650e+25   7.63710e-08      56      56      26
   1.24620e+08   2.51790e+25   7.50980e-08      56      56      26
   1.22550e+08   2.46050e+25   7.38460e-08      56      56      26
   1.20500e+08   2.40450e+25   7.26150e-08      56      56      26
   1.18490e+08   2.34980e+25   7.14060e-08      56      56      26
   1.16520e+08   2.29630e+25   7.02160e-08      56      56      26
   1.14580e+08   2.24400e+25   6.90470e-08      56      56      26
   1.12670e+08   2.19300e+25   6.78980e-08      56      56      26
   1.10800e+08   2.14300e+25   6.67680e-08      56      56      26
   1.08950e+08   2.09430e+25   6.56570e-08      56      56      26
   1.07140e+08   2.04660e+25   6.45650e-08      56      56      26
8.966E+07		1.602E+25		5.404E-08		56		56		26
7.017E+07      1.141E+25      4.226E-08      56.       56.       26.
4.125E+07      5.446E+24      2.484E-08      56.       56.       26.
2.424E+07      2.576E+24      1.460E-08      56.       56.       26.
1.425E+07      1.205E+24      8.583E-09      56.       56.       26.
8.377E+06      5.561E+23      5.045E-09      56.       56.       26.
4.924E+06      2.529E+23      2.966E-09      56.       56.       26.
2.894E+06      1.132E+23      1.743E-09      56.       56.       26.
1.701E+06      4.983E+22      1.025E-09      56.       56.       26.
1.000E+06      2.159E+22      6.023E-10      56.       56.       26.
5.878E+05      9.218E+21      3.540E-10      56.       56.       26.
3.455E+05      3.882E+21      2.081E-10      56.       56.       26.
2.031E+05      1.615E+21      1.223E-10      56.       56.       26.
1.194E+05      6.639E+20      7.190E-11      56.       56.       26.
7.017E+04      2.700E+20      4.226E-11      56.       56.       26.
4.125E+04      1.086E+20      2.484E-11      56.       56.       26.
2.424E+04      4.319E+19      1.460E-11      56.       56.       26.
1.425E+04      1.693E+19      8.583E-12      56.       56.       26.
8.377E+03      6.528E+18      5.045E-12      56.       56.       26.
4.924E+03      2.460E+18      2.966E-12      56.       56.       26.
2.894E+03      8.985E+17      1.743E-12      56.       56.       26.
1.701E+03      3.127E+17      1.025E-12      56.       56.       26.
1.000E+03      1.003E+17      6.023E-13      56.       56.       26.


 


CRUST: from "Crust_EOS_Acc_Fe_pycno_HZ2008_3.dat": Fe compressed by accretion.
       (This one has pycno-nuclear reactions wholly allowed: 
        the EOS is basically the same when pycno are suppressed

******************************************************************************************************************************************************

CRUST-CORE BOUNDARY:the last line in the core is:

   Rho        Press       nbar       Ye
  g/cm3     dyne/cm2     #/fm3                  [A_cell]     [A_ion]      [Z]

1.5197E+14 9.2819E+32 9.0000E-02 3.1606E-02
 3.493E+13  7.311E+31  2.096E-02                  1127.        124.        26.

This garantees good match between Ye in the core (3.1606E-02) and the last one in the crust: Z= 26 A_cell=1127 => Ye = 0.0231

******************************************************************************************************************************************************

These two lines are eliminated: phase transition to Pi^- condensate

 3.4147E+14 6.2938E+33 2.0000E-01 5.3463E-02 1.2461E-02 9.3408E-01 6.5924E-02 0.0000E+00 0.0000E+00 0.0000E+00 0.0000E+00 5.7017E-01 7.6464E-01 0.0000E+00 0.0000E+00 0.0000E+00 0.0000E+00
 3.2403E+14 7.7987E+33 1.9000E-01 5.2950E-02 1.1105E-02 9.3595E-01 6.4054E-02 0.0000E+00 0.0000E+00 0.0000E+00 0.0000E+00 5.8122E-01 7.7358E-01 0.0000E+00 0.0000E+00 0.0000E+00 0.0000E+00

These are the last lines calculated by Andrew Steiner, but cut-off to match with the crust:

 1.3499E+14 6.9528E+32 8.0000E-02 2.7937E-02 0.0000E+00 9.7206E-01 2.7936E-02 0.0000E+00 0.0000E+00 0.0000E+00 0.0000E+00 7.5316E-01 8.9216E-01 0.0000E+00 0.0000E+00 0.0000E+00 0.0000E+00
 1.1803e+14 5.1444e+32 7.0000e-02 2.4017e-02 0.0000e+00 9.7598e-01 2.4016e-02 0.0000e+00 0.0000e+00 0.0000e+00 0.0000e+00 7.7587e-01 9.0461e-01 0.0000e+00 0.0000e+00 0.0000e+00 0.0000e+00 
 1.0110e+14 3.7582e+32 6.0000e-02 1.9901e-02 0.0000e+00 9.8010e-01 1.9901e-02 0.0000e+00 0.0000e+00 0.0000e+00 0.0000e+00 8.0035e-01 9.1736e-01 0.0000e+00 0.0000e+00 0.0000e+00 0.0000e+00 
 8.4192e+13 2.7001e+32 5.0000e-02 1.5680e-02 0.0000e+00 9.8432e-01 1.5680e-02 0.0000e+00 0.0000e+00 0.0000e+00 0.0000e+00 8.2683e-01 9.3040e-01 0.0000e+00 0.0000e+00 0.0000e+00 0.0000e+00 
 6.7303e+13 1.8846e+32 4.0000e-02 1.1491e-02 0.0000e+00 9.8851e-01 1.1491e-02 0.0000e+00 0.0000e+00 0.0000e+00 0.0000e+00 8.5558e-01 9.4372e-01 0.0000e+00 0.0000e+00 0.0000e+00 0.0000e+00 
 5.0435e+13 1.2400e+32 3.0000e-02 7.5179e-03 0.0000e+00 9.9248e-01 7.5179e-03 0.0000e+00 0.0000e+00 0.0000e+00 0.0000e+00 8.8690e-01 9.5731e-01 0.0000e+00 0.0000e+00 0.0000e+00 0.0000e+00 
 3.3589e+13 7.1313e+31 2.0000e-02 4.0073e-03 0.0000e+00 9.9599e-01 4.0069e-03 0.0000e+00 0.0000e+00 0.0000e+00 0.0000e+00 9.2115e-01 9.7119e-01 0.0000e+00 0.0000e+00 0.0000e+00 0.0000e+00 




