      6    457    179          Itext Imax Icore

      Akmal, Pandariphande & Ravenhall: A18 + dv + UIX* model (the best one)

   Rho        Press       nbar       Ye         Ymu        Yn         Yp         Yla        Ysm        Ys0        Ysp       mstp       mstn       mstla      mstsm      msts0      mstsp
  g/cm3     dyne/cm2     #/fm3     [A_cell]    [A_ion]     [Z]

 7.4456E+15 8.3308E+36 1.8900E+00 7.7284E-02 6.5030E-02 8.5769E-01 1.4231E-01 0.0000E+00 0.0000E+00 0.0000E+00 0.0000E+00 2.4542E-01 3.9065E-01 0.0000E+00 0.0000E+00 0.0000E+00 0.0000E+00
 7.3575E+15 8.1979E+36 1.8800E+00 7.8005E-02 6.5668E-02 8.5633E-01 1.4367E-01 0.0000E+00 0.0000E+00 0.0000E+00 0.0000E+00 2.4581E-01 3.9019E-01 0.0000E+00 0.0000E+00 0.0000E+00 0.0000E+00
 7.2703E+15 8.0663E+36 1.8700E+00 7.8707E-02 6.6288E-02 8.5500E-01 1.4500E-01 0.0000E+00 0.0000E+00 0.0000E+00 0.0000E+00 2.4620E-01 3.8975E-01 0.0000E+00 0.0000E+00 0.0000E+00 0.0000E+00
 7.1839E+15 7.9360E+36 1.8600E+00 7.9390E-02 6.6891E-02 8.5372E-01 1.4628E-01 0.0000E+00 0.0000E+00 0.0000E+00 0.0000E+00 2.4658E-01 3.8933E-01 0.0000E+00 0.0000E+00 0.0000E+00 0.0000E+00
 7.0982E+15 7.8070E+36 1.8500E+00 8.0056E-02 6.7476E-02 8.5247E-01 1.4753E-01 0.0000E+00 0.0000E+00 0.0000E+00 0.0000E+00 2.4697E-01 3.8894E-01 0.0000E+00 0.0000E+00 0.0000E+00 0.0000E+00
 7.0133E+15 7.6792E+36 1.8400E+00 8.0704E-02 6.8043E-02 8.5125E-01 1.4875E-01 0.0000E+00 0.0000E+00 0.0000E+00 0.0000E+00 2.4736E-01 3.8857E-01 0.0000E+00 0.0000E+00 0.0000E+00 0.0000E+00
 6.9291E+15 7.5527E+36 1.8300E+00 8.1334E-02 6.8594E-02 8.5007E-01 1.4993E-01 0.0000E+00 0.0000E+00 0.0000E+00 0.0000E+00 2.4775E-01 3.8822E-01 0.0000E+00 0.0000E+00 0.0000E+00 0.0000E+00
 6.8458E+15 7.4275E+36 1.8200E+00 8.1947E-02 6.9128E-02 8.4893E-01 1.5107E-01 0.0000E+00 0.0000E+00 0.0000E+00 0.0000E+00 2.4814E-01 3.8790E-01 0.0000E+00 0.0000E+00 0.0000E+00 0.0000E+00
 6.7632E+15 7.3036E+36 1.8100E+00 8.2543E-02 6.9645E-02 8.4781E-01 1.5219E-01 0.0000E+00 0.0000E+00 0.0000E+00 0.0000E+00 2.4853E-01 3.8760E-01 0.0000E+00 0.0000E+00 0.0000E+00 0.0000E+00
 6.6813E+15 7.1809E+36 1.8000E+00 8.3122E-02 7.0146E-02 8.4673E-01 1.5327E-01 0.0000E+00 0.0000E+00 0.0000E+00 0.0000E+00 2.4892E-01 3.8732E-01 0.0000E+00 0.0000E+00 0.0000E+00 0.0000E+00
 6.6002E+15 7.0595E+36 1.7900E+00 8.3685E-02 7.0631E-02 8.4568E-01 1.5432E-01 0.0000E+00 0.0000E+00 0.0000E+00 0.0000E+00 2.4932E-01 3.8706E-01 0.0000E+00 0.0000E+00 0.0000E+00 0.0000E+00
 6.5199E+15 6.9394E+36 1.7800E+00 8.4232E-02 7.1100E-02 8.4467E-01 1.5533E-01 0.0000E+00 0.0000E+00 0.0000E+00 0.0000E+00 2.4971E-01 3.8683E-01 0.0000E+00 0.0000E+00 0.0000E+00 0.0000E+00
 6.4403E+15 6.8206E+36 1.7700E+00 8.4762E-02 7.1554E-02 8.4368E-01 1.5632E-01 0.0000E+00 0.0000E+00 0.0000E+00 0.0000E+00 2.5010E-01 3.8662E-01 0.0000E+00 0.0000E+00 0.0000E+00 0.0000E+00
 6.3614E+15 6.7031E+36 1.7600E+00 8.5277E-02 7.1992E-02 8.4273E-01 1.5727E-01 0.0000E+00 0.0000E+00 0.0000E+00 0.0000E+00 2.5049E-01 3.8643E-01 0.0000E+00 0.0000E+00 0.0000E+00 0.0000E+00
 6.2833E+15 6.5868E+36 1.7500E+00 8.5777E-02 7.2414E-02 8.4181E-01 1.5819E-01 0.0000E+00 0.0000E+00 0.0000E+00 0.0000E+00 2.5089E-01 3.8626E-01 0.0000E+00 0.0000E+00 0.0000E+00 0.0000E+00
 6.2059E+15 6.4718E+36 1.7400E+00 8.6261E-02 7.2822E-02 8.4092E-01 1.5908E-01 0.0000E+00 0.0000E+00 0.0000E+00 0.0000E+00 2.5129E-01 3.8612E-01 0.0000E+00 0.0000E+00 0.0000E+00 0.0000E+00
 6.1293E+15 6.3580E+36 1.7300E+00 8.6730E-02 7.3215E-02 8.4006E-01 1.5994E-01 0.0000E+00 0.0000E+00 0.0000E+00 0.0000E+00 2.5168E-01 3.8599E-01 0.0000E+00 0.0000E+00 0.0000E+00 0.0000E+00
 6.0534E+15 6.2455E+36 1.7200E+00 8.7184E-02 7.3593E-02 8.3922E-01 1.6078E-01 0.0000E+00 0.0000E+00 0.0000E+00 0.0000E+00 2.5208E-01 3.8589E-01 0.0000E+00 0.0000E+00 0.0000E+00 0.0000E+00
 5.9782E+15 6.1343E+36 1.7100E+00 8.7623E-02 7.3957E-02 8.3842E-01 1.6158E-01 0.0000E+00 0.0000E+00 0.0000E+00 0.0000E+00 2.5248E-01 3.8581E-01 0.0000E+00 0.0000E+00 0.0000E+00 0.0000E+00
 5.9037E+15 6.0243E+36 1.7000E+00 8.8048E-02 7.4307E-02 8.3765E-01 1.6235E-01 0.0000E+00 0.0000E+00 0.0000E+00 0.0000E+00 2.5288E-01 3.8575E-01 0.0000E+00 0.0000E+00 0.0000E+00 0.0000E+00
 5.8299E+15 5.9156E+36 1.6900E+00 8.8459E-02 7.4642E-02 8.3690E-01 1.6310E-01 0.0000E+00 0.0000E+00 0.0000E+00 0.0000E+00 2.5328E-01 3.8572E-01 0.0000E+00 0.0000E+00 0.0000E+00 0.0000E+00
 5.7569E+15 5.8081E+36 1.6800E+00 8.8855E-02 7.4964E-02 8.3618E-01 1.6382E-01 0.0000E+00 0.0000E+00 0.0000E+00 0.0000E+00 2.5369E-01 3.8570E-01 0.0000E+00 0.0000E+00 0.0000E+00 0.0000E+00
 5.6845E+15 5.7019E+36 1.6700E+00 8.9238E-02 7.5271E-02 8.3549E-01 1.6451E-01 0.0000E+00 0.0000E+00 0.0000E+00 0.0000E+00 2.5410E-01 3.8571E-01 0.0000E+00 0.0000E+00 0.0000E+00 0.0000E+00
 5.6129E+15 5.5969E+36 1.6600E+00 8.9607E-02 7.5566E-02 8.3483E-01 1.6517E-01 0.0000E+00 0.0000E+00 0.0000E+00 0.0000E+00 2.5450E-01 3.8574E-01 0.0000E+00 0.0000E+00 0.0000E+00 0.0000E+00
 5.5420E+15 5.4932E+36 1.6500E+00 8.9963E-02 7.5846E-02 8.3419E-01 1.6581E-01 0.0000E+00 0.0000E+00 0.0000E+00 0.0000E+00 2.5491E-01 3.8578E-01 0.0000E+00 0.0000E+00 0.0000E+00 0.0000E+00
 5.4717E+15 5.3907E+36 1.6400E+00 9.0305E-02 7.6114E-02 8.3358E-01 1.6642E-01 0.0000E+00 0.0000E+00 0.0000E+00 0.0000E+00 2.5533E-01 3.8585E-01 0.0000E+00 0.0000E+00 0.0000E+00 0.0000E+00
 5.4022E+15 5.2894E+36 1.6300E+00 9.0634E-02 7.6368E-02 8.3300E-01 1.6700E-01 0.0000E+00 0.0000E+00 0.0000E+00 0.0000E+00 2.5574E-01 3.8594E-01 0.0000E+00 0.0000E+00 0.0000E+00 0.0000E+00
 5.3333E+15 5.1893E+36 1.6200E+00 9.0950E-02 7.6610E-02 8.3244E-01 1.6756E-01 0.0000E+00 0.0000E+00 0.0000E+00 0.0000E+00 2.5616E-01 3.8606E-01 0.0000E+00 0.0000E+00 0.0000E+00 0.0000E+00
 5.2651E+15 5.0905E+36 1.6100E+00 9.1253E-02 7.6839E-02 8.3191E-01 1.6809E-01 0.0000E+00 0.0000E+00 0.0000E+00 0.0000E+00 2.5658E-01 3.8619E-01 0.0000E+00 0.0000E+00 0.0000E+00 0.0000E+00
 5.1976E+15 4.9928E+36 1.6000E+00 9.1544E-02 7.7055E-02 8.3140E-01 1.6860E-01 0.0000E+00 0.0000E+00 0.0000E+00 0.0000E+00 2.5700E-01 3.8634E-01 0.0000E+00 0.0000E+00 0.0000E+00 0.0000E+00
 5.1308E+15 4.8964E+36 1.5900E+00 9.1822E-02 7.7258E-02 8.3092E-01 1.6908E-01 0.0000E+00 0.0000E+00 0.0000E+00 0.0000E+00 2.5743E-01 3.8652E-01 0.0000E+00 0.0000E+00 0.0000E+00 0.0000E+00
 5.0646E+15 4.8012E+36 1.5800E+00 9.2088E-02 7.7450E-02 8.3046E-01 1.6954E-01 0.0000E+00 0.0000E+00 0.0000E+00 0.0000E+00 2.5786E-01 3.8671E-01 0.0000E+00 0.0000E+00 0.0000E+00 0.0000E+00
 4.9991E+15 4.7072E+36 1.5700E+00 9.2341E-02 7.7629E-02 8.3003E-01 1.6997E-01 0.0000E+00 0.0000E+00 0.0000E+00 0.0000E+00 2.5829E-01 3.8693E-01 0.0000E+00 0.0000E+00 0.0000E+00 0.0000E+00
 4.9343E+15 4.6143E+36 1.5600E+00 9.2583E-02 7.7796E-02 8.2962E-01 1.7038E-01 0.0000E+00 0.0000E+00 0.0000E+00 0.0000E+00 2.5872E-01 3.8717E-01 0.0000E+00 0.0000E+00 0.0000E+00 0.0000E+00
 4.8701E+15 4.5227E+36 1.5500E+00 9.2812E-02 7.7950E-02 8.2924E-01 1.7076E-01 0.0000E+00 0.0000E+00 0.0000E+00 0.0000E+00 2.5916E-01 3.8743E-01 0.0000E+00 0.0000E+00 0.0000E+00 0.0000E+00
 4.8066E+15 4.4322E+36 1.5400E+00 9.3030E-02 7.8093E-02 8.2888E-01 1.7112E-01 0.0000E+00 0.0000E+00 0.0000E+00 0.0000E+00 2.5961E-01 3.8771E-01 0.0000E+00 0.0000E+00 0.0000E+00 0.0000E+00
 4.7437E+15 4.3429E+36 1.5300E+00 9.3236E-02 7.8225E-02 8.2854E-01 1.7146E-01 0.0000E+00 0.0000E+00 0.0000E+00 0.0000E+00 2.6005E-01 3.8801E-01 0.0000E+00 0.0000E+00 0.0000E+00 0.0000E+00
 4.6815E+15 4.2548E+36 1.5200E+00 9.3431E-02 7.8344E-02 8.2823E-01 1.7177E-01 0.0000E+00 0.0000E+00 0.0000E+00 0.0000E+00 2.6050E-01 3.8833E-01 0.0000E+00 0.0000E+00 0.0000E+00 0.0000E+00
 4.6199E+15 4.1678E+36 1.5100E+00 9.3614E-02 7.8452E-02 8.2793E-01 1.7207E-01 0.0000E+00 0.0000E+00 0.0000E+00 0.0000E+00 2.6095E-01 3.8868E-01 0.0000E+00 0.0000E+00 0.0000E+00 0.0000E+00
 4.5590E+15 4.0820E+36 1.5000E+00 9.3786E-02 7.8549E-02 8.2767E-01 1.7233E-01 0.0000E+00 0.0000E+00 0.0000E+00 0.0000E+00 2.6141E-01 3.8904E-01 0.0000E+00 0.0000E+00 0.0000E+00 0.0000E+00
 4.4987E+15 3.9974E+36 1.4900E+00 9.3946E-02 7.8634E-02 8.2742E-01 1.7258E-01 0.0000E+00 0.0000E+00 0.0000E+00 0.0000E+00 2.6187E-01 3.8943E-01 0.0000E+00 0.0000E+00 0.0000E+00 0.0000E+00
 4.4390E+15 3.9139E+36 1.4800E+00 9.4096E-02 7.8709E-02 8.2720E-01 1.7280E-01 0.0000E+00 0.0000E+00 0.0000E+00 0.0000E+00 2.6234E-01 3.8984E-01 0.0000E+00 0.0000E+00 0.0000E+00 0.0000E+00
 4.3799E+15 3.8315E+36 1.4700E+00 9.4234E-02 7.8772E-02 8.2699E-01 1.7301E-01 0.0000E+00 0.0000E+00 0.0000E+00 0.0000E+00 2.6281E-01 3.9027E-01 0.0000E+00 0.0000E+00 0.0000E+00 0.0000E+00
 4.3215E+15 3.7502E+36 1.4600E+00 9.4362E-02 7.8824E-02 8.2681E-01 1.7319E-01 0.0000E+00 0.0000E+00 0.0000E+00 0.0000E+00 2.6329E-01 3.9072E-01 0.0000E+00 0.0000E+00 0.0000E+00 0.0000E+00
 4.2636E+15 3.6701E+36 1.4500E+00 9.4479E-02 7.8865E-02 8.2666E-01 1.7334E-01 0.0000E+00 0.0000E+00 0.0000E+00 0.0000E+00 2.6377E-01 3.9119E-01 0.0000E+00 0.0000E+00 0.0000E+00 0.0000E+00
 4.2064E+15 3.5911E+36 1.4400E+00 9.4586E-02 7.8895E-02 8.2652E-01 1.7348E-01 0.0000E+00 0.0000E+00 0.0000E+00 0.0000E+00 2.6426E-01 3.9169E-01 0.0000E+00 0.0000E+00 0.0000E+00 0.0000E+00
 4.1498E+15 3.5132E+36 1.4300E+00 9.4682E-02 7.8914E-02 8.2640E-01 1.7360E-01 0.0000E+00 0.0000E+00 0.0000E+00 0.0000E+00 2.6475E-01 3.9220E-01 0.0000E+00 0.0000E+00 0.0000E+00 0.0000E+00
 4.0938E+15 3.4365E+36 1.4200E+00 9.4767E-02 7.8923E-02 8.2631E-01 1.7369E-01 0.0000E+00 0.0000E+00 0.0000E+00 0.0000E+00 2.6525E-01 3.9274E-01 0.0000E+00 0.0000E+00 0.0000E+00 0.0000E+00
 4.0383E+15 3.3608E+36 1.4100E+00 9.4842E-02 7.8921E-02 8.2624E-01 1.7376E-01 0.0000E+00 0.0000E+00 0.0000E+00 0.0000E+00 2.6575E-01 3.9330E-01 0.0000E+00 0.0000E+00 0.0000E+00 0.0000E+00
 3.9835E+15 3.2862E+36 1.4000E+00 9.4907E-02 7.8909E-02 8.2618E-01 1.7382E-01 0.0000E+00 0.0000E+00 0.0000E+00 0.0000E+00 2.6626E-01 3.9389E-01 0.0000E+00 0.0000E+00 0.0000E+00 0.0000E+00
 3.9293E+15 3.2127E+36 1.3900E+00 9.4962E-02 7.8886E-02 8.2615E-01 1.7385E-01 0.0000E+00 0.0000E+00 0.0000E+00 0.0000E+00 2.6677E-01 3.9449E-01 0.0000E+00 0.0000E+00 0.0000E+00 0.0000E+00
 3.8756E+15 3.1403E+36 1.3800E+00 9.5006E-02 7.8853E-02 8.2614E-01 1.7386E-01 0.0000E+00 0.0000E+00 0.0000E+00 0.0000E+00 2.6729E-01 3.9512E-01 0.0000E+00 0.0000E+00 0.0000E+00 0.0000E+00
 3.8226E+15 3.0689E+36 1.3700E+00 9.5041E-02 7.8809E-02 8.2615E-01 1.7385E-01 0.0000E+00 0.0000E+00 0.0000E+00 0.0000E+00 2.6782E-01 3.9577E-01 0.0000E+00 0.0000E+00 0.0000E+00 0.0000E+00
 3.7701E+15 2.9986E+36 1.3600E+00 9.5066E-02 7.8755E-02 8.2618E-01 1.7382E-01 0.0000E+00 0.0000E+00 0.0000E+00 0.0000E+00 2.6836E-01 3.9644E-01 0.0000E+00 0.0000E+00 0.0000E+00 0.0000E+00
 3.7181E+15 2.9294E+36 1.3500E+00 9.5080E-02 7.8691E-02 8.2623E-01 1.7377E-01 0.0000E+00 0.0000E+00 0.0000E+00 0.0000E+00 2.6890E-01 3.9714E-01 0.0000E+00 0.0000E+00 0.0000E+00 0.0000E+00
 3.6668E+15 2.8612E+36 1.3400E+00 9.5085E-02 7.8617E-02 8.2630E-01 1.7370E-01 0.0000E+00 0.0000E+00 0.0000E+00 0.0000E+00 2.6944E-01 3.9786E-01 0.0000E+00 0.0000E+00 0.0000E+00 0.0000E+00
 3.6160E+15 2.7941E+36 1.3300E+00 9.5081E-02 7.8533E-02 8.2639E-01 1.7361E-01 0.0000E+00 0.0000E+00 0.0000E+00 0.0000E+00 2.7000E-01 3.9860E-01 0.0000E+00 0.0000E+00 0.0000E+00 0.0000E+00
 3.5657E+15 2.7280E+36 1.3200E+00 9.5067E-02 7.8439E-02 8.2649E-01 1.7351E-01 0.0000E+00 0.0000E+00 0.0000E+00 0.0000E+00 2.7056E-01 3.9937E-01 0.0000E+00 0.0000E+00 0.0000E+00 0.0000E+00
 3.5160E+15 2.6629E+36 1.3100E+00 9.5043E-02 7.8335E-02 8.2662E-01 1.7338E-01 0.0000E+00 0.0000E+00 0.0000E+00 0.0000E+00 2.7113E-01 4.0016E-01 0.0000E+00 0.0000E+00 0.0000E+00 0.0000E+00
 3.4669E+15 2.5988E+36 1.3000E+00 9.5009E-02 7.8221E-02 8.2677E-01 1.7323E-01 0.0000E+00 0.0000E+00 0.0000E+00 0.0000E+00 2.7171E-01 4.0097E-01 0.0000E+00 0.0000E+00 0.0000E+00 0.0000E+00
 3.4183E+15 2.5358E+36 1.2900E+00 9.4967E-02 7.8097E-02 8.2694E-01 1.7306E-01 0.0000E+00 0.0000E+00 0.0000E+00 0.0000E+00 2.7230E-01 4.0181E-01 0.0000E+00 0.0000E+00 0.0000E+00 0.0000E+00
 3.3702E+15 2.4738E+36 1.2800E+00 9.4914E-02 7.7963E-02 8.2712E-01 1.7288E-01 0.0000E+00 0.0000E+00 0.0000E+00 0.0000E+00 2.7290E-01 4.0267E-01 0.0000E+00 0.0000E+00 0.0000E+00 0.0000E+00
 3.3227E+15 2.4128E+36 1.2700E+00 9.4853E-02 7.7820E-02 8.2733E-01 1.7267E-01 0.0000E+00 0.0000E+00 0.0000E+00 0.0000E+00 2.7350E-01 4.0355E-01 0.0000E+00 0.0000E+00 0.0000E+00 0.0000E+00
 3.2757E+15 2.3527E+36 1.2600E+00 9.4782E-02 7.7666E-02 8.2755E-01 1.7245E-01 0.0000E+00 0.0000E+00 0.0000E+00 0.0000E+00 2.7412E-01 4.0447E-01 0.0000E+00 0.0000E+00 0.0000E+00 0.0000E+00
 3.2292E+15 2.2937E+36 1.2500E+00 9.4702E-02 7.7504E-02 8.2779E-01 1.7221E-01 0.0000E+00 0.0000E+00 0.0000E+00 0.0000E+00 2.7474E-01 4.0540E-01 0.0000E+00 0.0000E+00 0.0000E+00 0.0000E+00
 3.1832E+15 2.2356E+36 1.2400E+00 9.4613E-02 7.7331E-02 8.2806E-01 1.7194E-01 0.0000E+00 0.0000E+00 0.0000E+00 0.0000E+00 2.7537E-01 4.0636E-01 0.0000E+00 0.0000E+00 0.0000E+00 0.0000E+00
 3.1378E+15 2.1785E+36 1.2300E+00 9.4515E-02 7.7149E-02 8.2834E-01 1.7166E-01 0.0000E+00 0.0000E+00 0.0000E+00 0.0000E+00 2.7601E-01 4.0735E-01 0.0000E+00 0.0000E+00 0.0000E+00 0.0000E+00
 3.0929E+15 2.1224E+36 1.2200E+00 9.4408E-02 7.6958E-02 8.2863E-01 1.7137E-01 0.0000E+00 0.0000E+00 0.0000E+00 0.0000E+00 2.7667E-01 4.0836E-01 0.0000E+00 0.0000E+00 0.0000E+00 0.0000E+00
 3.0485E+15 2.0672E+36 1.2100E+00 9.4292E-02 7.6756E-02 8.2895E-01 1.7105E-01 0.0000E+00 0.0000E+00 0.0000E+00 0.0000E+00 2.7733E-01 4.0940E-01 0.0000E+00 0.0000E+00 0.0000E+00 0.0000E+00
 3.0045E+15 2.0130E+36 1.2000E+00 9.4167E-02 7.6546E-02 8.2929E-01 1.7071E-01 0.0000E+00 0.0000E+00 0.0000E+00 0.0000E+00 2.7800E-01 4.1046E-01 0.0000E+00 0.0000E+00 0.0000E+00 0.0000E+00
 2.9611E+15 1.9597E+36 1.1900E+00 9.4033E-02 7.6326E-02 8.2964E-01 1.7036E-01 0.0000E+00 0.0000E+00 0.0000E+00 0.0000E+00 2.7869E-01 4.1155E-01 0.0000E+00 0.0000E+00 0.0000E+00 0.0000E+00
 2.9182E+15 1.9073E+36 1.1800E+00 9.3890E-02 7.6096E-02 8.3001E-01 1.6999E-01 0.0000E+00 0.0000E+00 0.0000E+00 0.0000E+00 2.7938E-01 4.1267E-01 0.0000E+00 0.0000E+00 0.0000E+00 0.0000E+00
 2.8758E+15 1.8559E+36 1.1700E+00 9.3738E-02 7.5857E-02 8.3040E-01 1.6960E-01 0.0000E+00 0.0000E+00 0.0000E+00 0.0000E+00 2.8009E-01 4.1382E-01 0.0000E+00 0.0000E+00 0.0000E+00 0.0000E+00
 2.8338E+15 1.8054E+36 1.1600E+00 9.3578E-02 7.5609E-02 8.3081E-01 1.6919E-01 0.0000E+00 0.0000E+00 0.0000E+00 0.0000E+00 2.8081E-01 4.1499E-01 0.0000E+00 0.0000E+00 0.0000E+00 0.0000E+00
 2.7923E+15 1.7558E+36 1.1500E+00 9.3409E-02 7.5352E-02 8.3124E-01 1.6876E-01 0.0000E+00 0.0000E+00 0.0000E+00 0.0000E+00 2.8154E-01 4.1619E-01 0.0000E+00 0.0000E+00 0.0000E+00 0.0000E+00
 2.7513E+15 1.7071E+36 1.1400E+00 9.3232E-02 7.5085E-02 8.3168E-01 1.6832E-01 0.0000E+00 0.0000E+00 0.0000E+00 0.0000E+00 2.8228E-01 4.1741E-01 0.0000E+00 0.0000E+00 0.0000E+00 0.0000E+00
 2.7108E+15 1.6593E+36 1.1300E+00 9.3045E-02 7.4808E-02 8.3215E-01 1.6785E-01 0.0000E+00 0.0000E+00 0.0000E+00 0.0000E+00 2.8304E-01 4.1867E-01 0.0000E+00 0.0000E+00 0.0000E+00 0.0000E+00
 2.6708E+15 1.6124E+36 1.1200E+00 9.2850E-02 7.4523E-02 8.3263E-01 1.6737E-01 0.0000E+00 0.0000E+00 0.0000E+00 0.0000E+00 2.8381E-01 4.1996E-01 0.0000E+00 0.0000E+00 0.0000E+00 0.0000E+00
 2.6312E+15 1.5664E+36 1.1100E+00 9.2647E-02 7.4228E-02 8.3312E-01 1.6688E-01 0.0000E+00 0.0000E+00 0.0000E+00 0.0000E+00 2.8460E-01 4.2127E-01 0.0000E+00 0.0000E+00 0.0000E+00 0.0000E+00
 2.5920E+15 1.5212E+36 1.1000E+00 9.2435E-02 7.3924E-02 8.3364E-01 1.6636E-01 0.0000E+00 0.0000E+00 0.0000E+00 0.0000E+00 2.8539E-01 4.2261E-01 0.0000E+00 0.0000E+00 0.0000E+00 0.0000E+00
 2.5533E+15 1.4770E+36 1.0900E+00 9.2215E-02 7.3611E-02 8.3417E-01 1.6583E-01 0.0000E+00 0.0000E+00 0.0000E+00 0.0000E+00 2.8621E-01 4.2399E-01 0.0000E+00 0.0000E+00 0.0000E+00 0.0000E+00
 2.5151E+15 1.4335E+36 1.0800E+00 9.1986E-02 7.3289E-02 8.3473E-01 1.6527E-01 0.0000E+00 0.0000E+00 0.0000E+00 0.0000E+00 2.8704E-01 4.2539E-01 0.0000E+00 0.0000E+00 0.0000E+00 0.0000E+00
 2.4773E+15 1.3910E+36 1.0700E+00 9.1749E-02 7.2957E-02 8.3529E-01 1.6471E-01 0.0000E+00 0.0000E+00 0.0000E+00 0.0000E+00 2.8788E-01 4.2683E-01 0.0000E+00 0.0000E+00 0.0000E+00 0.0000E+00
 2.4399E+15 1.3492E+36 1.0600E+00 9.1503E-02 7.2616E-02 8.3588E-01 1.6412E-01 0.0000E+00 0.0000E+00 0.0000E+00 0.0000E+00 2.8874E-01 4.2829E-01 0.0000E+00 0.0000E+00 0.0000E+00 0.0000E+00
 2.4030E+15 1.3083E+36 1.0500E+00 9.1249E-02 7.2266E-02 8.3648E-01 1.6352E-01 0.0000E+00 0.0000E+00 0.0000E+00 0.0000E+00 2.8961E-01 4.2979E-01 0.0000E+00 0.0000E+00 0.0000E+00 0.0000E+00
 2.3665E+15 1.2683E+36 1.0400E+00 9.0987E-02 7.1907E-02 8.3711E-01 1.6289E-01 0.0000E+00 0.0000E+00 0.0000E+00 0.0000E+00 2.9050E-01 4.3132E-01 0.0000E+00 0.0000E+00 0.0000E+00 0.0000E+00
 2.3304E+15 1.2290E+36 1.0300E+00 9.0716E-02 7.1539E-02 8.3774E-01 1.6226E-01 0.0000E+00 0.0000E+00 0.0000E+00 0.0000E+00 2.9141E-01 4.3288E-01 0.0000E+00 0.0000E+00 0.0000E+00 0.0000E+00
 2.2947E+15 1.1906E+36 1.0200E+00 9.0438E-02 7.1161E-02 8.3840E-01 1.6160E-01 0.0000E+00 0.0000E+00 0.0000E+00 0.0000E+00 2.9234E-01 4.3447E-01 0.0000E+00 0.0000E+00 0.0000E+00 0.0000E+00
 2.2595E+15 1.1529E+36 1.0100E+00 9.0151E-02 7.0775E-02 8.3907E-01 1.6093E-01 0.0000E+00 0.0000E+00 0.0000E+00 0.0000E+00 2.9328E-01 4.3610E-01 0.0000E+00 0.0000E+00 0.0000E+00 0.0000E+00
 2.2247E+15 1.1161E+36 1.0000E+00 8.9856E-02 7.0379E-02 8.3977E-01 1.6023E-01 0.0000E+00 0.0000E+00 0.0000E+00 0.0000E+00 2.9425E-01 4.3776E-01 0.0000E+00 0.0000E+00 0.0000E+00 0.0000E+00
 2.1902E+15 1.0801E+36 9.9000E-01 8.9552E-02 6.9974E-02 8.4047E-01 1.5953E-01 0.0000E+00 0.0000E+00 0.0000E+00 0.0000E+00 2.9523E-01 4.3946E-01 0.0000E+00 0.0000E+00 0.0000E+00 0.0000E+00
 2.1562E+15 1.0448E+36 9.8000E-01 8.9241E-02 6.9560E-02 8.4120E-01 1.5880E-01 0.0000E+00 0.0000E+00 0.0000E+00 0.0000E+00 2.9623E-01 4.4119E-01 0.0000E+00 0.0000E+00 0.0000E+00 0.0000E+00
 2.1226E+15 1.0103E+36 9.7000E-01 8.8921E-02 6.9137E-02 8.4194E-01 1.5806E-01 0.0000E+00 0.0000E+00 0.0000E+00 0.0000E+00 2.9726E-01 4.4296E-01 0.0000E+00 0.0000E+00 0.0000E+00 0.0000E+00
 2.0893E+15 9.7657E+35 9.6000E-01 8.8594E-02 6.8705E-02 8.4270E-01 1.5730E-01 0.0000E+00 0.0000E+00 0.0000E+00 0.0000E+00 2.9830E-01 4.4476E-01 0.0000E+00 0.0000E+00 0.0000E+00 0.0000E+00
 2.0565E+15 9.4359E+35 9.5000E-01 8.8258E-02 6.8263E-02 8.4348E-01 1.5652E-01 0.0000E+00 0.0000E+00 0.0000E+00 0.0000E+00 2.9936E-01 4.4660E-01 0.0000E+00 0.0000E+00 0.0000E+00 0.0000E+00
 2.0240E+15 9.1137E+35 9.4000E-01 8.7914E-02 6.7813E-02 8.4427E-01 1.5573E-01 0.0000E+00 0.0000E+00 0.0000E+00 0.0000E+00 3.0045E-01 4.4848E-01 0.0000E+00 0.0000E+00 0.0000E+00 0.0000E+00
 1.9919E+15 8.7988E+35 9.3000E-01 8.7563E-02 6.7353E-02 8.4508E-01 1.5492E-01 0.0000E+00 0.0000E+00 0.0000E+00 0.0000E+00 3.0156E-01 4.5039E-01 0.0000E+00 0.0000E+00 0.0000E+00 0.0000E+00
 1.9602E+15 8.4913E+35 9.2000E-01 8.7203E-02 6.6884E-02 8.4591E-01 1.5409E-01 0.0000E+00 0.0000E+00 0.0000E+00 0.0000E+00 3.0269E-01 4.5234E-01 0.0000E+00 0.0000E+00 0.0000E+00 0.0000E+00
 1.9288E+15 8.1910E+35 9.1000E-01 8.6835E-02 6.6406E-02 8.4676E-01 1.5324E-01 0.0000E+00 0.0000E+00 0.0000E+00 0.0000E+00 3.0385E-01 4.5433E-01 0.0000E+00 0.0000E+00 0.0000E+00 0.0000E+00
 1.8978E+15 7.8979E+35 9.0000E-01 8.6459E-02 6.5918E-02 8.4762E-01 1.5238E-01 0.0000E+00 0.0000E+00 0.0000E+00 0.0000E+00 3.0503E-01 4.5637E-01 0.0000E+00 0.0000E+00 0.0000E+00 0.0000E+00
 1.8672E+15 7.6118E+35 8.9000E-01 8.6076E-02 6.5421E-02 8.4850E-01 1.5150E-01 0.0000E+00 0.0000E+00 0.0000E+00 0.0000E+00 3.0624E-01 4.5844E-01 0.0000E+00 0.0000E+00 0.0000E+00 0.0000E+00
 1.8369E+15 7.3328E+35 8.8000E-01 8.5684E-02 6.4916E-02 8.4940E-01 1.5060E-01 0.0000E+00 0.0000E+00 0.0000E+00 0.0000E+00 3.0748E-01 4.6055E-01 0.0000E+00 0.0000E+00 0.0000E+00 0.0000E+00
 1.8069E+15 7.0607E+35 8.7000E-01 8.5285E-02 6.4400E-02 8.5031E-01 1.4969E-01 0.0000E+00 0.0000E+00 0.0000E+00 0.0000E+00 3.0874E-01 4.6271E-01 0.0000E+00 0.0000E+00 0.0000E+00 0.0000E+00
 1.7773E+15 6.7954E+35 8.6000E-01 8.4877E-02 6.3876E-02 8.5125E-01 1.4875E-01 0.0000E+00 0.0000E+00 0.0000E+00 0.0000E+00 3.1003E-01 4.6490E-01 0.0000E+00 0.0000E+00 0.0000E+00 0.0000E+00
 1.7481E+15 6.5369E+35 8.5000E-01 8.4462E-02 6.3342E-02 8.5220E-01 1.4780E-01 0.0000E+00 0.0000E+00 0.0000E+00 0.0000E+00 3.1135E-01 4.6715E-01 0.0000E+00 0.0000E+00 0.0000E+00 0.0000E+00
 1.7192E+15 6.2851E+35 8.4000E-01 8.4039E-02 6.2799E-02 8.5316E-01 1.4684E-01 0.0000E+00 0.0000E+00 0.0000E+00 0.0000E+00 3.1269E-01 4.6943E-01 0.0000E+00 0.0000E+00 0.0000E+00 0.0000E+00
 1.6906E+15 6.0398E+35 8.3000E-01 8.3608E-02 6.2246E-02 8.5415E-01 1.4585E-01 0.0000E+00 0.0000E+00 0.0000E+00 0.0000E+00 3.1407E-01 4.7176E-01 0.0000E+00 0.0000E+00 0.0000E+00 0.0000E+00
 1.6623E+15 5.8010E+35 8.2000E-01 8.3168E-02 6.1684E-02 8.5515E-01 1.4485E-01 0.0000E+00 0.0000E+00 0.0000E+00 0.0000E+00 3.1548E-01 4.7414E-01 0.0000E+00 0.0000E+00 0.0000E+00 0.0000E+00
 1.6343E+15 5.5687E+35 8.1000E-01 8.2722E-02 6.1112E-02 8.5617E-01 1.4383E-01 0.0000E+00 0.0000E+00 0.0000E+00 0.0000E+00 3.1693E-01 4.7656E-01 0.0000E+00 0.0000E+00 0.0000E+00 0.0000E+00
 1.6067E+15 5.3427E+35 8.0000E-01 8.2267E-02 6.0531E-02 8.5720E-01 1.4280E-01 0.0000E+00 0.0000E+00 0.0000E+00 0.0000E+00 3.1840E-01 4.7903E-01 0.0000E+00 0.0000E+00 0.0000E+00 0.0000E+00
 1.5794E+15 5.1230E+35 7.9000E-01 8.1804E-02 5.9941E-02 8.5826E-01 1.4174E-01 0.0000E+00 0.0000E+00 0.0000E+00 0.0000E+00 3.1991E-01 4.8155E-01 0.0000E+00 0.0000E+00 0.0000E+00 0.0000E+00
 1.5523E+15 4.9095E+35 7.8000E-01 8.1333E-02 5.9340E-02 8.5933E-01 1.4067E-01 0.0000E+00 0.0000E+00 0.0000E+00 0.0000E+00 3.2146E-01 4.8412E-01 0.0000E+00 0.0000E+00 0.0000E+00 0.0000E+00
 1.5256E+15 4.7020E+35 7.7000E-01 8.0855E-02 5.8730E-02 8.6042E-01 1.3958E-01 0.0000E+00 0.0000E+00 0.0000E+00 0.0000E+00 3.2304E-01 4.8673E-01 0.0000E+00 0.0000E+00 0.0000E+00 0.0000E+00
 1.4992E+15 4.5006E+35 7.6000E-01 8.0368E-02 5.8110E-02 8.6152E-01 1.3848E-01 0.0000E+00 0.0000E+00 0.0000E+00 0.0000E+00 3.2466E-01 4.8940E-01 0.0000E+00 0.0000E+00 0.0000E+00 0.0000E+00
 1.4730E+15 4.3050E+35 7.5000E-01 7.9874E-02 5.7481E-02 8.6265E-01 1.3735E-01 0.0000E+00 0.0000E+00 0.0000E+00 0.0000E+00 3.2632E-01 4.9213E-01 0.0000E+00 0.0000E+00 0.0000E+00 0.0000E+00
 1.4472E+15 4.1153E+35 7.4000E-01 7.9371E-02 5.6841E-02 8.6379E-01 1.3621E-01 0.0000E+00 0.0000E+00 0.0000E+00 0.0000E+00 3.2803E-01 4.9490E-01 0.0000E+00 0.0000E+00 0.0000E+00 0.0000E+00
 1.4216E+15 3.9314E+35 7.3000E-01 7.8861E-02 5.6191E-02 8.6495E-01 1.3505E-01 0.0000E+00 0.0000E+00 0.0000E+00 0.0000E+00 3.2977E-01 4.9773E-01 0.0000E+00 0.0000E+00 0.0000E+00 0.0000E+00
 1.3963E+15 3.7531E+35 7.2000E-01 7.8342E-02 5.5532E-02 8.6613E-01 1.3387E-01 0.0000E+00 0.0000E+00 0.0000E+00 0.0000E+00 3.3156E-01 5.0062E-01 0.0000E+00 0.0000E+00 0.0000E+00 0.0000E+00
 1.3713E+15 3.5804E+35 7.1000E-01 7.7816E-02 5.4862E-02 8.6732E-01 1.3268E-01 0.0000E+00 0.0000E+00 0.0000E+00 0.0000E+00 3.3339E-01 5.0356E-01 0.0000E+00 0.0000E+00 0.0000E+00 0.0000E+00
 1.3465E+15 3.4132E+35 7.0000E-01 7.7281E-02 5.4181E-02 8.6854E-01 1.3146E-01 0.0000E+00 0.0000E+00 0.0000E+00 0.0000E+00 3.3527E-01 5.0656E-01 0.0000E+00 0.0000E+00 0.0000E+00 0.0000E+00
 1.3220E+15 3.2514E+35 6.9000E-01 7.6738E-02 5.3491E-02 8.6977E-01 1.3023E-01 0.0000E+00 0.0000E+00 0.0000E+00 0.0000E+00 3.3719E-01 5.0963E-01 0.0000E+00 0.0000E+00 0.0000E+00 0.0000E+00
 1.2978E+15 3.0949E+35 6.8000E-01 7.6187E-02 5.2790E-02 8.7102E-01 1.2898E-01 0.0000E+00 0.0000E+00 0.0000E+00 0.0000E+00 3.3917E-01 5.1275E-01 0.0000E+00 0.0000E+00 0.0000E+00 0.0000E+00
 1.2738E+15 2.9436E+35 6.7000E-01 7.5628E-02 5.2078E-02 8.7229E-01 1.2771E-01 0.0000E+00 0.0000E+00 0.0000E+00 0.0000E+00 3.4119E-01 5.1593E-01 0.0000E+00 0.0000E+00 0.0000E+00 0.0000E+00
 1.2500E+15 2.7975E+35 6.6000E-01 7.5060E-02 5.1355E-02 8.7358E-01 1.2642E-01 0.0000E+00 0.0000E+00 0.0000E+00 0.0000E+00 3.4327E-01 5.1918E-01 0.0000E+00 0.0000E+00 0.0000E+00 0.0000E+00
 1.2265E+15 2.6564E+35 6.5000E-01 7.4484E-02 5.0622E-02 8.7489E-01 1.2511E-01 0.0000E+00 0.0000E+00 0.0000E+00 0.0000E+00 3.4541E-01 5.2249E-01 0.0000E+00 0.0000E+00 0.0000E+00 0.0000E+00
 1.2033E+15 2.5203E+35 6.4000E-01 7.3899E-02 4.9877E-02 8.7622E-01 1.2378E-01 0.0000E+00 0.0000E+00 0.0000E+00 0.0000E+00 3.4760E-01 5.2587E-01 0.0000E+00 0.0000E+00 0.0000E+00 0.0000E+00
 1.1802E+15 2.3890E+35 6.3000E-01 7.3305E-02 4.9121E-02 8.7757E-01 1.2243E-01 0.0000E+00 0.0000E+00 0.0000E+00 0.0000E+00 3.4985E-01 5.2931E-01 0.0000E+00 0.0000E+00 0.0000E+00 0.0000E+00
 1.1574E+15 2.2626E+35 6.2000E-01 7.2703E-02 4.8354E-02 8.7894E-01 1.2106E-01 0.0000E+00 0.0000E+00 0.0000E+00 0.0000E+00 3.5216E-01 5.3283E-01 0.0000E+00 0.0000E+00 0.0000E+00 0.0000E+00
 1.1348E+15 2.1408E+35 6.1000E-01 7.2092E-02 4.7575E-02 8.8033E-01 1.1967E-01 0.0000E+00 0.0000E+00 0.0000E+00 0.0000E+00 3.5453E-01 5.3642E-01 0.0000E+00 0.0000E+00 0.0000E+00 0.0000E+00
 1.1124E+15 2.0237E+35 6.0000E-01 7.1472E-02 4.6784E-02 8.8174E-01 1.1826E-01 0.0000E+00 0.0000E+00 0.0000E+00 0.0000E+00 3.5697E-01 5.4008E-01 0.0000E+00 0.0000E+00 0.0000E+00 0.0000E+00
 1.0903E+15 1.9110E+35 5.9000E-01 7.0843E-02 4.5981E-02 8.8318E-01 1.1682E-01 0.0000E+00 0.0000E+00 0.0000E+00 0.0000E+00 3.5948E-01 5.4381E-01 0.0000E+00 0.0000E+00 0.0000E+00 0.0000E+00
 1.0683E+15 1.8028E+35 5.8000E-01 7.0205E-02 4.5166E-02 8.8463E-01 1.1537E-01 0.0000E+00 0.0000E+00 0.0000E+00 0.0000E+00 3.6206E-01 5.4762E-01 0.0000E+00 0.0000E+00 0.0000E+00 0.0000E+00
 1.0466E+15 1.6990E+35 5.7000E-01 6.9557E-02 4.4338E-02 8.8610E-01 1.1390E-01 0.0000E+00 0.0000E+00 0.0000E+00 0.0000E+00 3.6472E-01 5.5151E-01 0.0000E+00 0.0000E+00 0.0000E+00 0.0000E+00
 1.0250E+15 1.5994E+35 5.6000E-01 6.8899E-02 4.3498E-02 8.8760E-01 1.1240E-01 0.0000E+00 0.0000E+00 0.0000E+00 0.0000E+00 3.6745E-01 5.5548E-01 0.0000E+00 0.0000E+00 0.0000E+00 0.0000E+00
 1.0037E+15 1.5039E+35 5.5000E-01 6.8232E-02 4.2644E-02 8.8912E-01 1.1088E-01 0.0000E+00 0.0000E+00 0.0000E+00 0.0000E+00 3.7026E-01 5.5953E-01 0.0000E+00 0.0000E+00 0.0000E+00 0.0000E+00
 9.8251E+14 1.4125E+35 5.4000E-01 6.7555E-02 4.1778E-02 8.9067E-01 1.0933E-01 0.0000E+00 0.0000E+00 0.0000E+00 0.0000E+00 3.7315E-01 5.6367E-01 0.0000E+00 0.0000E+00 0.0000E+00 0.0000E+00
 9.6153E+14 1.3251E+35 5.3000E-01 6.6867E-02 4.0897E-02 8.9224E-01 1.0776E-01 0.0000E+00 0.0000E+00 0.0000E+00 0.0000E+00 3.7613E-01 5.6789E-01 0.0000E+00 0.0000E+00 0.0000E+00 0.0000E+00
 9.4072E+14 1.2415E+35 5.2000E-01 6.6169E-02 4.0002E-02 8.9383E-01 1.0617E-01 0.0000E+00 0.0000E+00 0.0000E+00 0.0000E+00 3.7920E-01 5.7220E-01 0.0000E+00 0.0000E+00 0.0000E+00 0.0000E+00
 9.2009E+14 1.1617E+35 5.1000E-01 6.5460E-02 3.9094E-02 8.9545E-01 1.0455E-01 0.0000E+00 0.0000E+00 0.0000E+00 0.0000E+00 3.8236E-01 5.7660E-01 0.0000E+00 0.0000E+00 0.0000E+00 0.0000E+00
 8.9963E+14 1.0857E+35 5.0000E-01 6.4740E-02 3.8170E-02 8.9709E-01 1.0291E-01 0.0000E+00 0.0000E+00 0.0000E+00 0.0000E+00 3.8562E-01 5.8110E-01 0.0000E+00 0.0000E+00 0.0000E+00 0.0000E+00
 8.7933E+14 1.0132E+35 4.9000E-01 6.4008E-02 3.7232E-02 8.9876E-01 1.0124E-01 0.0000E+00 0.0000E+00 0.0000E+00 0.0000E+00 3.8898E-01 5.8569E-01 0.0000E+00 0.0000E+00 0.0000E+00 0.0000E+00
 8.5919E+14 9.4427E+34 4.8000E-01 6.3265E-02 3.6278E-02 9.0046E-01 9.9543E-02 0.0000E+00 0.0000E+00 0.0000E+00 0.0000E+00 3.9244E-01 5.9038E-01 0.0000E+00 0.0000E+00 0.0000E+00 0.0000E+00
 8.3921E+14 8.7875E+34 4.7000E-01 6.2510E-02 3.5309E-02 9.0218E-01 9.7819E-02 0.0000E+00 0.0000E+00 0.0000E+00 0.0000E+00 3.9602E-01 5.9517E-01 0.0000E+00 0.0000E+00 0.0000E+00 0.0000E+00
 8.1938E+14 8.1655E+34 4.6000E-01 6.1743E-02 3.4324E-02 9.0393E-01 9.6067E-02 0.0000E+00 0.0000E+00 0.0000E+00 0.0000E+00 3.9971E-01 6.0006E-01 0.0000E+00 0.0000E+00 0.0000E+00 0.0000E+00
 7.9970E+14 7.5760E+34 4.5000E-01 6.0964E-02 3.3322E-02 9.0571E-01 9.4286E-02 0.0000E+00 0.0000E+00 0.0000E+00 0.0000E+00 4.0353E-01 6.0506E-01 0.0000E+00 0.0000E+00 0.0000E+00 0.0000E+00
 7.8015E+14 7.0179E+34 4.4000E-01 6.0172E-02 3.2305E-02 9.0752E-01 9.2477E-02 0.0000E+00 0.0000E+00 0.0000E+00 0.0000E+00 4.0747E-01 6.1017E-01 0.0000E+00 0.0000E+00 0.0000E+00 0.0000E+00
 7.6074E+14 6.4904E+34 4.3000E-01 5.9368E-02 3.1271E-02 9.0936E-01 9.0639E-02 0.0000E+00 0.0000E+00 0.0000E+00 0.0000E+00 4.1155E-01 6.1539E-01 0.0000E+00 0.0000E+00 0.0000E+00 0.0000E+00
 7.4147E+14 5.9925E+34 4.2000E-01 5.8551E-02 3.0220E-02 9.1123E-01 8.8771E-02 0.0000E+00 0.0000E+00 0.0000E+00 0.0000E+00 4.1576E-01 6.2072E-01 0.0000E+00 0.0000E+00 0.0000E+00 0.0000E+00
 7.2232E+14 5.5234E+34 4.1000E-01 5.7722E-02 2.9153E-02 9.1312E-01 8.6875E-02 0.0000E+00 0.0000E+00 0.0000E+00 0.0000E+00 4.2012E-01 6.2617E-01 0.0000E+00 0.0000E+00 0.0000E+00 0.0000E+00
 7.0329E+14 5.0820E+34 4.0000E-01 5.6881E-02 2.8070E-02 9.1505E-01 8.4951E-02 0.0000E+00 0.0000E+00 0.0000E+00 0.0000E+00 4.2464E-01 6.3174E-01 0.0000E+00 0.0000E+00 0.0000E+00 0.0000E+00
 6.8439E+14 4.6675E+34 3.9000E-01 5.6029E-02 2.6971E-02 9.1700E-01 8.3000E-02 0.0000E+00 0.0000E+00 0.0000E+00 0.0000E+00 4.2932E-01 6.3743E-01 0.0000E+00 0.0000E+00 0.0000E+00 0.0000E+00
 6.6559E+14 4.2790E+34 3.8000E-01 5.5166E-02 2.5857E-02 9.1898E-01 8.1022E-02 0.0000E+00 0.0000E+00 0.0000E+00 0.0000E+00 4.3417E-01 6.4324E-01 0.0000E+00 0.0000E+00 0.0000E+00 0.0000E+00
 6.4691E+14 3.9154E+34 3.7000E-01 5.4293E-02 2.4728E-02 9.2098E-01 7.9021E-02 0.0000E+00 0.0000E+00 0.0000E+00 0.0000E+00 4.3920E-01 6.4918E-01 0.0000E+00 0.0000E+00 0.0000E+00 0.0000E+00
 6.2833E+14 3.5759E+34 3.6000E-01 5.3413E-02 2.3587E-02 9.2300E-01 7.6999E-02 0.0000E+00 0.0000E+00 0.0000E+00 0.0000E+00 4.4442E-01 6.5525E-01 0.0000E+00 0.0000E+00 0.0000E+00 0.0000E+00
 6.0985E+14 3.2595E+34 3.5000E-01 5.2526E-02 2.2433E-02 9.2504E-01 7.4960E-02 0.0000E+00 0.0000E+00 0.0000E+00 0.0000E+00 4.4984E-01 6.6145E-01 0.0000E+00 0.0000E+00 0.0000E+00 0.0000E+00
 5.9147E+14 2.9651E+34 3.4000E-01 5.1636E-02 2.1270E-02 9.2709E-01 7.2906E-02 0.0000E+00 0.0000E+00 0.0000E+00 0.0000E+00 4.5548E-01 6.6778E-01 0.0000E+00 0.0000E+00 0.0000E+00 0.0000E+00
 5.7318E+14 2.6918E+34 3.3000E-01 5.0745E-02 2.0099E-02 9.2916E-01 7.0844E-02 0.0000E+00 0.0000E+00 0.0000E+00 0.0000E+00 4.6135E-01 6.7424E-01 0.0000E+00 0.0000E+00 0.0000E+00 0.0000E+00
 5.5497E+14 2.4386E+34 3.2000E-01 4.9856E-02 1.8922E-02 9.3122E-01 6.8778E-02 0.0000E+00 0.0000E+00 0.0000E+00 0.0000E+00 4.6745E-01 6.8084E-01 0.0000E+00 0.0000E+00 0.0000E+00 0.0000E+00
 5.3676E+14 2.4120E+34 3.1000E-01 5.0145E-02 1.8582E-02 9.3127E-01 6.8727E-02 0.0000E+00 0.0000E+00 0.0000E+00 0.0000E+00 4.7421E-01 6.8674E-01 0.0000E+00 0.0000E+00 0.0000E+00 0.0000E+00
 5.1863E+14 2.1701E+34 3.0000E-01 5.0435E-02 1.8213E-02 9.3135E-01 6.8648E-02 0.0000E+00 0.0000E+00 0.0000E+00 0.0000E+00 4.8124E-01 6.9281E-01 0.0000E+00 0.0000E+00 0.0000E+00 0.0000E+00
 5.0059E+14 1.9471E+34 2.9000E-01 5.0728E-02 1.7816E-02 9.3146E-01 6.8544E-02 0.0000E+00 0.0000E+00 0.0000E+00 0.0000E+00 4.8855E-01 6.9906E-01 0.0000E+00 0.0000E+00 0.0000E+00 0.0000E+00
 4.8263E+14 1.7421E+34 2.8000E-01 5.1025E-02 1.7388E-02 9.3159E-01 6.8413E-02 0.0000E+00 0.0000E+00 0.0000E+00 0.0000E+00 4.9615E-01 7.0549E-01 0.0000E+00 0.0000E+00 0.0000E+00 0.0000E+00
 4.6475E+14 1.5541E+34 2.7000E-01 5.1327E-02 1.6930E-02 9.3174E-01 6.8257E-02 0.0000E+00 0.0000E+00 0.0000E+00 0.0000E+00 5.0407E-01 7.1212E-01 0.0000E+00 0.0000E+00 0.0000E+00 0.0000E+00
 4.4695E+14 1.3820E+34 2.6000E-01 5.1636E-02 1.6437E-02 9.3193E-01 6.8073E-02 0.0000E+00 0.0000E+00 0.0000E+00 0.0000E+00 5.1232E-01 7.1894E-01 0.0000E+00 0.0000E+00 0.0000E+00 0.0000E+00
 4.2921E+14 1.2248E+34 2.5000E-01 5.1951E-02 1.5907E-02 9.3214E-01 6.7857E-02 0.0000E+00 0.0000E+00 0.0000E+00 0.0000E+00 5.2093E-01 7.2597E-01 0.0000E+00 0.0000E+00 0.0000E+00 0.0000E+00
 4.1154E+14 1.0816E+34 2.4000E-01 5.2270E-02 1.5334E-02 9.3240E-01 6.7603E-02 0.0000E+00 0.0000E+00 0.0000E+00 0.0000E+00 5.2992E-01 7.3322E-01 0.0000E+00 0.0000E+00 0.0000E+00 0.0000E+00
 3.9394E+14 9.5129E+33 2.3000E-01 5.2588E-02 1.4712E-02 9.3270E-01 6.7301E-02 0.0000E+00 0.0000E+00 0.0000E+00 0.0000E+00 5.3931E-01 7.4070E-01 0.0000E+00 0.0000E+00 0.0000E+00 0.0000E+00
 3.7639E+14 8.3305E+33 2.2000E-01 5.2901E-02 1.4034E-02 9.3307E-01 6.6934E-02 0.0000E+00 0.0000E+00 0.0000E+00 0.0000E+00 5.4913E-01 7.4842E-01 0.0000E+00 0.0000E+00 0.0000E+00 0.0000E+00
 3.5890E+14 7.2601E+33 2.1000E-01 5.3197E-02 1.3288E-02 9.3352E-01 6.6484E-02 0.0000E+00 0.0000E+00 0.0000E+00 0.0000E+00 5.5941E-01 7.5639E-01 0.0000E+00 0.0000E+00 0.0000E+00 0.0000E+00
 3.0658E+14 6.6460E+33 1.8000E-01 5.1660E-02 9.2694E-03 9.3907E-01 6.0930E-02 0.0000E+00 0.0000E+00 0.0000E+00 0.0000E+00 5.9263E-01 7.8316E-01 0.0000E+00 0.0000E+00 0.0000E+00 0.0000E+00
 2.8921E+14 5.6119E+33 1.7000E-01 5.0308E-02 7.4137E-03 9.4228E-01 5.7721E-02 0.0000E+00 0.0000E+00 0.0000E+00 0.0000E+00 6.0466E-01 7.9298E-01 0.0000E+00 0.0000E+00 0.0000E+00 0.0000E+00
 2.7189E+14 4.6920E+33 1.6000E-01 4.8859E-02 5.5483E-03 9.4559E-01 5.4407E-02 0.0000E+00 0.0000E+00 0.0000E+00 0.0000E+00 6.1738E-01 8.0304E-01 0.0000E+00 0.0000E+00 0.0000E+00 0.0000E+00
 2.5463E+14 3.8812E+33 1.5000E-01 4.7274E-02 3.7033E-03 9.4902E-01 5.0977E-02 0.0000E+00 0.0000E+00 0.0000E+00 0.0000E+00 6.3084E-01 8.1336E-01 0.0000E+00 0.0000E+00 0.0000E+00 0.0000E+00
 2.3743E+14 3.1740E+33 1.4000E-01 4.5499E-02 1.9511E-03 9.5255E-01 4.7450E-02 0.0000E+00 0.0000E+00 0.0000E+00 0.0000E+00 6.4510E-01 8.2393E-01 0.0000E+00 0.0000E+00 0.0000E+00 0.0000E+00
 2.2027E+14 2.5632E+33 1.3000E-01 4.3454E-02 4.7679E-04 9.5607E-01 4.3931E-02 0.0000E+00 0.0000E+00 0.0000E+00 0.0000E+00 6.6027E-01 8.3473E-01 0.0000E+00 0.0000E+00 0.0000E+00 0.0000E+00
 2.0314E+14 2.0350E+33 1.2000E-01 4.0957E-02 0.0000E+00 9.5904E-01 4.0957E-02 0.0000E+00 0.0000E+00 0.0000E+00 0.0000E+00 6.7651E-01 8.4563E-01 0.0000E+00 0.0000E+00 0.0000E+00 0.0000E+00
 1.8604E+14 1.5890E+33 1.1000E-01 3.8112E-02 0.0000E+00 9.6189E-01 3.8111E-02 0.0000E+00 0.0000E+00 0.0000E+00 0.0000E+00 6.9384E-01 8.5676E-01 0.0000E+00 0.0000E+00 0.0000E+00 0.0000E+00
 1.6899E+14 1.2230E+33 1.0000E-01 3.4999E-02 0.0000E+00 9.6500E-01 3.4998E-02 0.0000E+00 0.0000E+00 0.0000E+00 0.0000E+00 7.1231E-01 8.6823E-01 0.0000E+00 0.0000E+00 0.0000E+00 0.0000E+00
 1.5197E+14 9.2819E+32 9.0000E-02 3.1606E-02 0.0000E+00 9.6839E-01 3.1606E-02 0.0000E+00 0.0000E+00 0.0000E+00 0.0000E+00 7.3203E-01 8.8003E-01 0.0000E+00 0.0000E+00 0.0000E+00 0.0000E+00
1.3093657E+14  4.0633317E+32  7.7417443E-02   1233.6341       77.610292       40.000000    
1.2502437E+14  3.7846132E+32  7.3934888E-02   1237.3552       133.19822       40.000000    
1.1911435E+14  3.5343923E+32  7.0452333E-02   1238.5644       168.56746       40.000000    
1.1320639E+14  3.2951793E+32  6.6969778E-02   1237.3169       190.75938       40.000000    
1.0730039E+14  3.0605601E+32  6.3487222E-02   1233.6667       204.92480       40.000000    
1.0139627E+14  2.8304497E+32  6.0004667E-02   1227.6660       214.14075       40.000000    
9.5493944E+13  2.6068919E+32  5.6522111E-02   1219.3641       220.20988       40.000000    
8.9593359E+13  2.3918584E+32  5.3039556E-02   1208.8067       224.18868       40.000000    
8.36260E+13	2.16100E+32	4.95570E-02	448	83.53	15
8.21350E+13	2.11180E+32	4.86760E-02	448	83.97	15
8.06570E+13	2.06370E+32	4.78020E-02	448	84.37	15
7.77470E+13	1.97080E+32	4.60820E-02	448	85.07	15
7.63160E+13	1.92600E+32	4.52360E-02	448	85.38	15
7.35040E+13	1.83930E+32	4.35740E-02	448	85.91	15
7.26380E+13	1.82560E+32	4.30620E-02	448	91.15	16
7.17150E+13	1.79740E+32	4.25160E-02	448	91.31	16
6.90250E+13	1.71650E+32	4.09250E-02	448	91.67	16
6.77090E+13	1.67750E+32	4.01480E-02	448	91.82	16
6.51380E+13	1.60200E+32	3.86270E-02	448	92.02	16
6.38840E+13	1.56550E+32	3.78850E-02	448	92.09	16
6.14380E+13	1.49500E+32	3.64380E-02	448	92.17	16
6.02450E+13	1.46100E+32	3.57330E-02	448	92.17	16
5.79160E+13	1.39530E+32	3.43550E-02	448	92.02	16
5.67930E+13	1.36350E+32	3.36900E-02	448	92.04	16
5.45950E+13	1.30210E+32	3.23900E-02	448	91.85	16
5.24870E+13	1.24350E+32	3.11420E-02	448	91.67	16
5.14610E+13	1.21520E+32	3.05360E-02	448	91.53	16
4.94700E+13	1.16050E+32	2.93570E-02	448	91.22	16
4.85050E+13	1.13410E+32	2.87850E-02	448	91.04	16
4.66320E+13	1.08310E+32	2.76770E-02	448	90.65	16
4.57240E+13	1.05840E+32	2.71390E-02	448	90.45	16
4.39640E+13	1.01080E+32	2.60970E-02	448	90	16
4.31110E+13	9.87760E+31	2.55920E-02	448	89.77	16
4.14580E+13	9.43310E+31	2.46130E-02	448	89.28	16
4.06580E+13	9.21830E+31	2.41390E-02	448	89.03	16
3.98740E+13	9.00850E+31	2.36750E-02	448	88.77	16
3.83540E+13	8.60310E+31	2.27750E-02	448	88.21	16
3.76150E+13	8.40720E+31	2.23370E-02	448	87.87	16
3.61970E+13	8.02880E+31	2.14970E-02	448	87.39	16
3.55030E+13	7.84610E+31	2.10860E-02	448	87.04	16
3.48290E+13	7.66750E+31	2.06870E-02	448	86.76	16
3.35290E+13	7.32240E+31	1.99160E-02	448	86.28	16
3.28960E+13	7.15570E+31	1.95410E-02	448	85.99	16
3.22760E+13	6.99280E+31	1.91740E-02	448	85.7	16
3.10770E+13	6.67810E+31	1.84630E-02	448	85.12	16
3.04960E+13	6.52610E+31	1.81190E-02	448	84.84	16
2.99280E+13	6.37750E+31	1.77820E-02	448	84.54	16
2.88260E+13	6.09050E+31	1.71290E-02	448	83.96	16
2.82920E+13	5.95190E+31	1.68120E-02	448	83.67	16
2.77700E+13	5.81640E+31	1.65030E-02	448	83.38	16
2.67580E+13	5.55460E+31	1.59020E-02	448	82.81	16
2.62670E+13	5.42820E+31	1.56110E-02	448	82.52	16
2.57870E+13	5.30460E+31	1.53270E-02	448	82.24	16
2.48560E+13	5.06590E+31	1.47740E-02	448	81.67	16
2.44040E+13	4.95050E+31	1.45070E-02	448	81.4	16
2.39620E+13	4.83790E+31	1.42450E-02	448	81.12	16
2.31050E+13	4.62010E+31	1.37360E-02	448	80.57	16
2.26900E+13	4.51500E+31	1.34900E-02	448	80.3	16
2.22830E+13	4.41220E+31	1.32480E-02	448	80.02	16
2.14930E+13	4.21360E+31	1.27800E-02	448	79.49	16
2.11100E+13	4.11770E+31	1.25530E-02	448	79.22	16
2.07350E+13	4.02400E+31	1.23300E-02	448	78.96	16
2.00060E+13	3.84280E+31	1.18980E-02	448	78.44	16
1.96530E+13	3.75540E+31	1.16880E-02	448	78.19	16
1.93070E+13	3.66990E+31	1.14820E-02	448	77.94	16
1.86350E+13	3.50470E+31	1.10840E-02	448	77.44	16
1.83080E+13	3.42490E+31	1.08900E-02	448	77.19	16
1.79890E+13	3.34700E+31	1.07000E-02	448	76.94	16
1.76750E+13	3.27080E+31	1.05140E-02	448	76.7	16
1.64930E+13	3.19630E+31	9.81110E-03	224	64.55	14
1.64040E+13	3.17380E+31	9.75860E-03	224	64.5	14
1.61200E+13	3.10150E+31	9.59000E-03	224	64.32	14
1.55680E+13	2.96190E+31	9.26210E-03	224	63.99	14
1.53000E+13	2.89450E+31	9.10270E-03	224	63.82	14
1.47780E+13	2.76420E+31	8.79270E-03	224	63.49	14
1.45240E+13	2.70130E+31	8.64200E-03	224	63.32	14
1.40300E+13	2.57970E+31	8.34890E-03	224	63	14
1.37900E+13	2.52100E+31	8.20640E-03	224	62.84	14
1.33230E+13	2.40760E+31	7.92910E-03	224	62.53	14
1.30960E+13	2.35280E+31	7.79430E-03	224	62.37	14
1.26550E+13	2.24690E+31	7.53200E-03	224	62.07	14
1.24400E+13	2.19570E+31	7.40440E-03	224	61.92	14
1.20220E+13	2.09690E+31	7.15610E-03	224	61.62	14
1.18190E+13	2.04920E+31	7.03530E-03	224	61.48	14
1.16190E+13	2.00250E+31	6.91670E-03	224	61.33	14
1.14230E+13	1.95690E+31	6.80020E-03	224	61.19	14
1.12310E+13	1.91240E+31	6.68590E-03	224	61.04	14
1.08560E+13	1.82630E+31	6.46320E-03	224	60.77	14
1.06740E+13	1.78470E+31	6.35490E-03	224	60.63	14
1.04950E+13	1.74410E+31	6.24850E-03	224	60.48	14
1.03190E+13	1.70440E+31	6.14400E-03	224	60.35	14
1.01460E+13	1.66560E+31	6.04140E-03	224	60.22	14
9.81000E+12	1.59070E+31	5.84150E-03	224	59.95	14
9.64630E+12	1.55440E+31	5.74430E-03	224	59.82	14
9.48560E+12	1.51910E+31	5.64870E-03	224	59.7	14
9.17260E+12	1.45070E+31	5.46260E-03	224	59.44	14
9.02020E+12	1.41770E+31	5.37210E-03	224	59.31	14
8.87050E+12	1.38540E+31	5.28310E-03	224	59.19	14
8.72350E+12	1.35390E+31	5.19560E-03	224	59.07	14
8.43700E+12	1.29290E+31	5.02530E-03	224	58.82	14
8.29760E+12	1.26350E+31	4.94240E-03	224	58.71	14
8.16060E+12	1.23470E+31	4.86090E-03	224	58.59	14
8.02590E+12	1.20660E+31	4.78080E-03	224	58.47	14
7.76360E+12	1.15230E+31	4.62480E-03	224	58.24	14
7.63590E+12	1.12610E+31	4.54890E-03	224	58.13	14
7.51030E+12	1.10050E+31	4.47420E-03	224	58.01	14
7.26580E+12	1.05090E+31	4.32870E-03	224	57.79	14
7.14670E+12	1.02700E+31	4.25790E-03	224	57.68	14
7.02960E+12	1.00360E+31	4.18820E-03	224	57.57	14
6.91450E+12	9.80790E+30	4.11980E-03	224	57.47	14
6.58100E+12	9.15330E+30	3.92140E-03	224	57.15	14
6.47370E+12	8.94490E+30	3.85750E-03	224	57.05	14
6.36810E+12	8.74130E+30	3.79470E-03	224	56.95	14
6.16290E+12	8.69280E+30	3.67260E-03	224	64.16	16
6.08630E+12	8.54230E+30	3.62700E-03	224	64.08	16
5.98670E+12	8.34790E+30	3.56780E-03	224	63.98	16
5.88880E+12	8.15790E+30	3.50950E-03	224	63.87	16
5.69790E+12	7.79070E+30	3.39590E-03	224	63.67	16
5.42360E+12	7.27070E+30	3.23270E-03	224	63.36	16
5.33530E+12	7.10520E+30	3.18010E-03	224	63.26	16
5.24840E+12	6.94350E+30	3.12840E-03	224	63.16	16
5.07900E+12	6.63100E+30	3.02760E-03	224	62.96	16
4.99650E+12	6.48000E+30	2.97840E-03	224	62.87	16
4.91530E+12	6.33250E+30	2.93010E-03	224	62.77	16
4.75710E+12	6.04750E+30	2.83590E-03	224	62.59	16
4.67990E+12	5.90980E+30	2.79000E-03	224	62.5	16
3.73030E+12	5.77530E+30	2.22380E-03	112	52.53	14
3.70890E+12	5.73000E+30	2.21100E-03	112	52.51	14
3.64680E+12	5.59950E+30	2.17410E-03	112	52.44	14
3.52590E+12	5.34750E+30	2.10210E-03	112	52.34	14
3.46700E+12	5.22580E+30	2.06710E-03	112	52.28	14
3.40900E+12	5.10680E+30	2.03260E-03	112	52.23	14
3.29610E+12	4.87700E+30	1.96540E-03	112	52.12	14
3.24110E+12	4.76600E+30	1.93260E-03	112	52.06	14
3.18700E+12	4.65750E+30	1.90040E-03	112	52.01	14
3.08150E+12	4.44790E+30	1.83760E-03	112	51.91	14
3.03010E+12	4.34660E+30	1.80700E-03	112	51.86	14
2.97950E+12	4.24770E+30	1.77690E-03	112	51.81	14
2.92980E+12	4.15100E+30	1.74730E-03	112	51.76	14
2.83290E+12	3.96420E+30	1.68960E-03	112	51.66	14
2.78570E+12	3.87390E+30	1.66140E-03	112	51.62	14
2.73930E+12	3.78570E+30	1.63380E-03	112	51.56	14
2.69360E+12	3.69960E+30	1.60660E-03	112	51.51	14
2.60460E+12	3.53310E+30	1.55360E-03	112	51.42	14
2.56120E+12	3.45260E+30	1.52780E-03	112	51.37	14
2.51860E+12	3.37400E+30	1.50240E-03	112	51.33	14
2.47670E+12	3.29720E+30	1.47740E-03	112	51.28	14
2.39490E+12	3.14880E+30	1.42870E-03	112	51.2	14
2.35500E+12	3.07720E+30	1.40490E-03	112	51.15	14
2.31580E+12	3.00710E+30	1.38160E-03	112	51.1	14
2.27730E+12	2.93870E+30	1.35860E-03	112	51.06	14
2.20220E+12	2.80640E+30	1.31390E-03	112	50.97	14
2.16560E+12	2.74250E+30	1.29210E-03	112	50.93	14
2.12950E+12	2.68010E+30	1.27060E-03	112	50.89	14
2.05930E+12	2.55950E+30	1.22880E-03	112	50.81	14
1.21760E+12	2.54200E+30	7.26500E-04	56	47.86	14
1.20290E+12	2.50120E+30	7.17750E-04	56	47.86	14
1.16200E+12	2.38860E+30	6.93420E-04	56	47.84	14
1.14210E+12	2.33430E+30	6.81560E-04	56	47.82	14
1.12250E+12	2.28110E+30	6.69910E-04	56	47.81	14
1.10330E+12	2.22920E+30	6.58460E-04	56	47.8	14
1.06580E+12	2.12890E+30	6.36140E-04	56	47.78	14
1.04760E+12	2.08040E+30	6.25260E-04	56	47.76	14
1.02960E+12	2.03310E+30	6.14580E-04	56	47.76	14
1.01200E+12	1.98680E+30	6.04070E-04	56	47.75	14
9.77620E+11	1.89740E+30	5.83590E-04	56	47.73	14
9.60870E+11	1.85420E+30	5.73620E-04	56	47.72	14
9.44410E+11	1.81200E+30	5.63810E-04	56	47.71	14
9.28240E+11	1.77070E+30	5.54180E-04	56	47.69	14
8.96710E+11	1.69100E+30	5.35390E-04	56	47.68	14
8.81350E+11	1.65250E+30	5.26240E-04	56	47.67	14
8.66260E+11	1.61490E+30	5.17250E-04	56	47.66	14
8.36840E+11	1.54220E+30	4.99710E-04	56	47.64	14
8.22510E+11	1.50710E+30	4.91170E-04	56	47.63	14
8.08420E+11	1.47280E+30	4.82780E-04	56	47.63	14
7.94570E+11	1.43930E+30	4.74520E-04	56	47.62	14
7.67590E+11	1.37450E+30	4.58440E-04	56	47.6	14
7.54450E+11	1.34320E+30	4.50610E-04	56	47.59	14
7.41530E+11	1.31270E+30	4.42900E-04	56	47.58	14
7.16350E+11	1.25360E+30	4.27890E-04	56	47.56	14
6.92020E+11	1.19720E+30	4.13390E-04	56	47.55	14
6.04230E+11	1.18370E+30	3.61030E-04	56	53.5	16
5.98910E+11	1.16990E+30	3.57860E-04	56	53.5	16
5.78540E+11	1.11730E+30	3.45710E-04	56	53.49	16
5.68620E+11	1.09180E+30	3.39790E-04	56	53.49	16
5.58870E+11	1.06700E+30	3.33980E-04	56	53.49	16
5.39860E+11	1.01890E+30	3.22640E-04	56	53.48	16
5.21510E+11	9.73090E+29	3.11690E-04	56	53.48	16
5.12560E+11	9.50940E+29	3.06360E-04	56	53.48	16
4.78620E+11	9.40230E+29	2.86120E-04	56	55.73	17
4.74430E+11	9.29290E+29	2.83620E-04	56	55.73	17
4.58300E+11	8.87470E+29	2.73990E-04	56	55.73	17
4.50430E+11	8.67260E+29	2.69300E-04	56	55.74	17
4.42710E+11	8.47520E+29	2.64690E-04	56	55.74	17
4.41306E+11	8.46779E+29	2.63957E-04	56	56	18 
4.01720E+11	7.72950E+29	2.40290E-04	56	56	18
2.37660E+11	3.87390E+29	1.42300E-04	56	56	18
2.17400E+11	3.44060E+29	1.30190E-04	56	56	18
1.95990E+11	3.44060E+29	1.17390E-04	56	56	20
1.86570E+11	3.22220E+29	1.11750E-04	56	56	20
1.56940E+11	2.55950E+29	9.40340E-05	56	56	20
1.11050E+11	1.61490E+29	6.65800E-05	56	56	20
7.85900E+10	1.01890E+29	4.71430E-05	56	56	20
7.33050E+10	9.28700E+28	4.39770E-05	56	56	20
6.67540E+10	9.28700E+28	4.00520E-05	56	56	22
6.23240E+10	8.47520E+28	3.73980E-05	56	56	22
5.24320E+10	6.73210E+28	3.14700E-05	56	56	22
3.71110E+10	4.24770E+28	2.22850E-05	56	56	22
3.12230E+10	3.37400E+28	1.87530E-05	56	56	22
2.21040E+10	2.12890E+28	1.32810E-05	56	56	22
1.99520E+10	1.85710E+28	1.19900E-05	56	56	22
1.83210E+10	1.85710E+28	1.10100E-05	56	56	24
1.76780E+10	1.77070E+28	1.06240E-05	56	56	24
1.48750E+10	1.40650E+28	8.94100E-06	56	56	24
1.25170E+10	1.11730E+28	7.52490E-06	56	56	24
8.86400E+09	7.04940E+27	5.33060E-06	56	56	24
7.45980E+09	5.59950E+27	4.48680E-06	56	56	24
6.27830E+09	4.44790E+27	3.77680E-06	56	56	24
4.44800E+09	2.80640E+27	2.67640E-06	56	56	24
3.74420E+09	2.22920E+27	2.25320E-06	56	56	24
3.15210E+09	1.77070E+27	1.89710E-06	56	56	24
2.65380E+09	1.40650E+27	1.59730E-06	56	56	24
1.88160E+09	8.87470E+26	1.13280E-06	56	56	24
1.58460E+09	7.04940E+26	9.54060E-07	56	56	24
1.49060E+09	6.49450E+26	8.97500E-07	56	56	24
1.37840E+09	6.49450E+26	8.29900E-07	56	56	26
1.27720E+09	5.86340E+26	7.69040E-07	56	56	26
1.07590E+09	4.65750E+26	6.47860E-07	56	56	26
9.06390E+08	3.69960E+26	5.45840E-07	56	56	26
6.43630E+08	2.33430E+26	3.87660E-07	56	56	26
5.42520E+08	1.85420E+26	3.26780E-07	56	56	26
4.57380E+08	1.47280E+26	2.75520E-07	56	56	26
3.25330E+08	9.29290E+25	1.95990E-07	56	56	26
2.74480E+08	7.38160E+25	1.65370E-07	56	56	26
2.31650E+08	5.86340E+25	1.39570E-07	56	56	26
1.95560E+08	4.65750E+25	1.17830E-07	56	56	26
1.39530E+08	2.93870E+25	8.40780E-08	56	56	26
1.17920E+08	2.33430E+25	7.10630E-08	56	56	26
9.97100E+07	1.85420E+25	6.00890E-08	56	56	26
8.43480E+07	1.47280E+25	5.08330E-08	56	56	26
6.04530E+07	9.29290E+24	3.64350E-08	56	56	26
5.12220E+07	7.38160E+24	3.08720E-08	56	56	26
4.41480E+07	6.00000E+24	2.66090E-08	56	56	26
4.24880E+07	5.68815E+24	2.56087E-08	56	56	26
3.43124E+07	4.21577E+24	2.06817E-08	56	56	26
3.08483E+07	3.62936E+24	1.85940E-08	56	56	26
2.77422E+07	3.12451E+24	1.67220E-08	56	56	26
2.49565E+07	2.68990E+24	1.50431E-08	56	56	26
2.02155E+07	1.99361E+24	1.21856E-08	56	56	26
1.82032E+07	1.71630E+24	1.09728E-08	56	56	26
1.63968E+07	1.47757E+24	9.88398E-09	56	56	26
1.47748E+07	1.27204E+24	8.90629E-09	56	56	26
1.20089E+07	9.42770E+23	7.23914E-09	56	56	26
1.08325E+07	8.11631E+23	6.53004E-09	56	56	26
9.77488E+06	6.98733E+23	5.89256E-09	56	56	26
8.82381E+06	6.01540E+23	5.31927E-09	56	56	26
7.96825E+06	5.17866E+23	4.80355E-09	56	56	26
6.50529E+06	3.83816E+23	3.92168E-09	56	56	26
5.88118E+06	3.30427E+23	3.54546E-09	56	56	26
5.31896E+06	2.84465E+23	3.20655E-09	56	56	26
4.81231E+06	2.44896E+23	2.90113E-09	56	56	26
4.35556E+06	2.10831E+23	2.62579E-09	56	56	26
3.57202E+06	1.56257E+23	2.15345E-09	56	56	26
3.23662E+06	1.34522E+23	1.95126E-09	56	56	26
2.93379E+06	1.15810E+23	1.76870E-09	56	56	26
9.286e+05      2.159E+22      5.5928E-10      4.       4.       2.
5.458e+05      9.218E+21      3.287E-10       4.       4.       2.
3.208e+05      3.882E+21      1.932E-10       4.       4.       2.
1.886e+05      1.615E+21      1.136E-10       4.       4.       2.
1.109e+05      6.639E+20      6.676E-11       4.       4.       2.
3.258e+04      2.700E+20      1.962E-11       1.       1.       1.
1.915e+04      1.086E+20      1.153E-11       1.       1.       1.
1.125e+04      4.319E+19      0.6779E-11      1.       1.       1.
     6616      1.693E+19      3.985E-12       1.       1.       1.
     3889      6.528E+18      2.342E-12       1.       1.       1.
     2286      2.460E+18      1.377E-12       1.       1.       1.
     1344      8.985E+17      0.8093E-12      1.       1.       1.
    789.8      3.127E+17      0.476E-12       1.       1.       1.
    464.3      1.003E+17      2.796E-13       1.       1.       1.

