      6    345    205          Itext Imax Icore

 File from M. Beznogov- HHJ EOS from Kaminker et al. (2014)- EOS used in Beznogov & Yakovlev MNRAS 447 (2015)

   Rho	   Press	    nbar	    Ye	    Ymu	    Yn	    Yp	    Yla	    Ysm	    Ys0	    Ysp	Yxim	   mstp	   mstn	   mstla	   mstsm	   msts0	   mstsp	mstxim
  g/cm3	 dyne/cm2	   #/fm3	  [A_cell]	   [A_ion]	    [Z]	

   0.98177660E+16  0.75849190E+37  0.24000000E+01  0.13368967E+00  0.12106946E+00  0.74524087E+00  0.25475913E+00  0.00000000E+00  0.00000000E+00  0.00000000E+00  0.00000000E+00  0.70000000E+00  0.70000000E+00  0.00000000E+00  0.00000000E+00  0.00000000E+00  0.00000000E+00
   0.95169940E+16  0.73027870E+37  0.23601160E+01  0.13315850E+00  0.12041633E+00  0.74642518E+00  0.25357482E+00  0.00000000E+00  0.00000000E+00  0.00000000E+00  0.00000000E+00  0.70000000E+00  0.70000000E+00  0.00000000E+00  0.00000000E+00  0.00000000E+00  0.00000000E+00
   0.92263440E+16  0.70305920E+37  0.23208950E+01  0.13262599E+00  0.11976091E+00  0.74761310E+00  0.25238690E+00  0.00000000E+00  0.00000000E+00  0.00000000E+00  0.00000000E+00  0.70000000E+00  0.70000000E+00  0.00000000E+00  0.00000000E+00  0.00000000E+00  0.00000000E+00
   0.89454680E+16  0.67680020E+37  0.22823250E+01  0.13209227E+00  0.11910324E+00  0.74880449E+00  0.25119551E+00  0.00000000E+00  0.00000000E+00  0.00000000E+00  0.00000000E+00  0.70000000E+00  0.70000000E+00  0.00000000E+00  0.00000000E+00  0.00000000E+00  0.00000000E+00
   0.86740290E+16  0.65146920E+37  0.22443970E+01  0.13155721E+00  0.11844317E+00  0.74999962E+00  0.25000038E+00  0.00000000E+00  0.00000000E+00  0.00000000E+00  0.00000000E+00  0.70000000E+00  0.70000000E+00  0.00000000E+00  0.00000000E+00  0.00000000E+00  0.00000000E+00
   0.84117010E+16  0.62703520E+37  0.22070990E+01  0.13102090E+00  0.11778085E+00  0.75119825E+00  0.24880175E+00  0.00000000E+00  0.00000000E+00  0.00000000E+00  0.00000000E+00  0.70000000E+00  0.70000000E+00  0.00000000E+00  0.00000000E+00  0.00000000E+00  0.00000000E+00
   0.81581690E+16  0.60346790E+37  0.21704200E+01  0.13048341E+00  0.11711627E+00  0.75240032E+00  0.24759968E+00  0.00000000E+00  0.00000000E+00  0.00000000E+00  0.00000000E+00  0.70000000E+00  0.70000000E+00  0.00000000E+00  0.00000000E+00  0.00000000E+00  0.00000000E+00
   0.79131300E+16  0.58073800E+37  0.21343520E+01  0.12994459E+00  0.11644935E+00  0.75360606E+00  0.24639394E+00  0.00000000E+00  0.00000000E+00  0.00000000E+00  0.00000000E+00  0.70000000E+00  0.70000000E+00  0.00000000E+00  0.00000000E+00  0.00000000E+00  0.00000000E+00
   0.76762900E+16  0.55881750E+37  0.20988820E+01  0.12940461E+00  0.11578021E+00  0.75481518E+00  0.24518482E+00  0.00000000E+00  0.00000000E+00  0.00000000E+00  0.00000000E+00  0.70000000E+00  0.70000000E+00  0.00000000E+00  0.00000000E+00  0.00000000E+00  0.00000000E+00
   0.74473670E+16  0.53767880E+37  0.20640020E+01  0.12886344E+00  0.11510880E+00  0.75602776E+00  0.24397224E+00  0.00000000E+00  0.00000000E+00  0.00000000E+00  0.00000000E+00  0.70000000E+00  0.70000000E+00  0.00000000E+00  0.00000000E+00  0.00000000E+00  0.00000000E+00
   0.72260870E+16  0.51729550E+37  0.20297020E+01  0.12832100E+00  0.11443512E+00  0.75724387E+00  0.24275613E+00  0.00000000E+00  0.00000000E+00  0.00000000E+00  0.00000000E+00  0.70000000E+00  0.70000000E+00  0.00000000E+00  0.00000000E+00  0.00000000E+00  0.00000000E+00
   0.70121840E+16  0.49764220E+37  0.19959720E+01  0.12777739E+00  0.11375916E+00  0.75846345E+00  0.24153655E+00  0.00000000E+00  0.00000000E+00  0.00000000E+00  0.00000000E+00  0.70000000E+00  0.70000000E+00  0.00000000E+00  0.00000000E+00  0.00000000E+00  0.00000000E+00
   0.68054050E+16  0.47869390E+37  0.19628020E+01  0.12723265E+00  0.11308099E+00  0.75968636E+00  0.24031364E+00  0.00000000E+00  0.00000000E+00  0.00000000E+00  0.00000000E+00  0.70000000E+00  0.70000000E+00  0.00000000E+00  0.00000000E+00  0.00000000E+00  0.00000000E+00
   0.66055010E+16  0.46042680E+37  0.19301830E+01  0.12668674E+00  0.11240059E+00  0.76091267E+00  0.23908733E+00  0.00000000E+00  0.00000000E+00  0.00000000E+00  0.00000000E+00  0.70000000E+00  0.70000000E+00  0.00000000E+00  0.00000000E+00  0.00000000E+00  0.00000000E+00
   0.64122370E+16  0.44281760E+37  0.18981070E+01  0.12613967E+00  0.11171794E+00  0.76214239E+00  0.23785761E+00  0.00000000E+00  0.00000000E+00  0.00000000E+00  0.00000000E+00  0.70000000E+00  0.70000000E+00  0.00000000E+00  0.00000000E+00  0.00000000E+00  0.00000000E+00
   0.62253800E+16  0.42584410E+37  0.18665640E+01  0.12559141E+00  0.11103305E+00  0.76337554E+00  0.23662446E+00  0.00000000E+00  0.00000000E+00  0.00000000E+00  0.00000000E+00  0.70000000E+00  0.70000000E+00  0.00000000E+00  0.00000000E+00  0.00000000E+00  0.00000000E+00
   0.60447110E+16  0.40948440E+37  0.18355440E+01  0.12504217E+00  0.11034603E+00  0.76461180E+00  0.23538820E+00  0.00000000E+00  0.00000000E+00  0.00000000E+00  0.00000000E+00  0.70000000E+00  0.70000000E+00  0.00000000E+00  0.00000000E+00  0.00000000E+00  0.00000000E+00
   0.58700130E+16  0.39371770E+37  0.18050410E+01  0.12449169E+00  0.10965668E+00  0.76585163E+00  0.23414837E+00  0.00000000E+00  0.00000000E+00  0.00000000E+00  0.00000000E+00  0.70000000E+00  0.70000000E+00  0.00000000E+00  0.00000000E+00  0.00000000E+00  0.00000000E+00
   0.57010800E+16  0.37852360E+37  0.17750440E+01  0.12394020E+00  0.10896524E+00  0.76709456E+00  0.23290544E+00  0.00000000E+00  0.00000000E+00  0.00000000E+00  0.00000000E+00  0.70000000E+00  0.70000000E+00  0.00000000E+00  0.00000000E+00  0.00000000E+00  0.00000000E+00
   0.55377130E+16  0.36388250E+37  0.17455460E+01  0.12338758E+00  0.10827157E+00  0.76834085E+00  0.23165915E+00  0.00000000E+00  0.00000000E+00  0.00000000E+00  0.00000000E+00  0.70000000E+00  0.70000000E+00  0.00000000E+00  0.00000000E+00  0.00000000E+00  0.00000000E+00
   0.53797180E+16  0.34977540E+37  0.17165380E+01  0.12283387E+00  0.10757577E+00  0.76959036E+00  0.23040964E+00  0.00000000E+00  0.00000000E+00  0.00000000E+00  0.00000000E+00  0.70000000E+00  0.70000000E+00  0.00000000E+00  0.00000000E+00  0.00000000E+00  0.00000000E+00
   0.52269090E+16  0.33618400E+37  0.16880110E+01  0.12227924E+00  0.10687786E+00  0.77084290E+00  0.22915710E+00  0.00000000E+00  0.00000000E+00  0.00000000E+00  0.00000000E+00  0.70000000E+00  0.70000000E+00  0.00000000E+00  0.00000000E+00  0.00000000E+00  0.00000000E+00
   0.50791060E+16  0.32309060E+37  0.16599600E+01  0.12172342E+00  0.10617768E+00  0.77209891E+00  0.22790109E+00  0.00000000E+00  0.00000000E+00  0.00000000E+00  0.00000000E+00  0.70000000E+00  0.70000000E+00  0.00000000E+00  0.00000000E+00  0.00000000E+00  0.00000000E+00
   0.49361360E+16  0.31047780E+37  0.16323740E+01  0.12116666E+00  0.10547546E+00  0.77335788E+00  0.22664212E+00  0.00000000E+00  0.00000000E+00  0.00000000E+00  0.00000000E+00  0.70000000E+00  0.70000000E+00  0.00000000E+00  0.00000000E+00  0.00000000E+00  0.00000000E+00
   0.47978300E+16  0.29832920E+37  0.16052460E+01  0.12060893E+00  0.10477111E+00  0.77461996E+00  0.22538004E+00  0.00000000E+00  0.00000000E+00  0.00000000E+00  0.00000000E+00  0.70000000E+00  0.70000000E+00  0.00000000E+00  0.00000000E+00  0.00000000E+00  0.00000000E+00
   0.46640270E+16  0.28662860E+37  0.15785700E+01  0.12005011E+00  0.10406456E+00  0.77588533E+00  0.22411467E+00  0.00000000E+00  0.00000000E+00  0.00000000E+00  0.00000000E+00  0.70000000E+00  0.70000000E+00  0.00000000E+00  0.00000000E+00  0.00000000E+00  0.00000000E+00
   0.45345710E+16  0.27536050E+37  0.15523370E+01  0.11949036E+00  0.10335597E+00  0.77715367E+00  0.22284633E+00  0.00000000E+00  0.00000000E+00  0.00000000E+00  0.00000000E+00  0.70000000E+00  0.70000000E+00  0.00000000E+00  0.00000000E+00  0.00000000E+00  0.00000000E+00
   0.44093110E+16  0.26450980E+37  0.15265390E+01  0.11892975E+00  0.10264533E+00  0.77842492E+00  0.22157508E+00  0.00000000E+00  0.00000000E+00  0.00000000E+00  0.00000000E+00  0.70000000E+00  0.70000000E+00  0.00000000E+00  0.00000000E+00  0.00000000E+00  0.00000000E+00
   0.42881020E+16  0.25406210E+37  0.15011710E+01  0.11836806E+00  0.10193256E+00  0.77969938E+00  0.22030062E+00  0.00000000E+00  0.00000000E+00  0.00000000E+00  0.00000000E+00  0.70000000E+00  0.70000000E+00  0.00000000E+00  0.00000000E+00  0.00000000E+00  0.00000000E+00
   0.41708020E+16  0.24400330E+37  0.14762240E+01  0.11780550E+00  0.10121777E+00  0.78097674E+00  0.21902326E+00  0.00000000E+00  0.00000000E+00  0.00000000E+00  0.00000000E+00  0.70000000E+00  0.70000000E+00  0.00000000E+00  0.00000000E+00  0.00000000E+00  0.00000000E+00
   0.40572760E+16  0.23431980E+37  0.14516910E+01  0.11724210E+00  0.10050093E+00  0.78225697E+00  0.21774303E+00  0.00000000E+00  0.00000000E+00  0.00000000E+00  0.00000000E+00  0.70000000E+00  0.70000000E+00  0.00000000E+00  0.00000000E+00  0.00000000E+00  0.00000000E+00
   0.39473940E+16  0.22499840E+37  0.14275670E+01  0.11667768E+00  0.99782007E-01  0.78354032E+00  0.21645968E+00  0.00000000E+00  0.00000000E+00  0.00000000E+00  0.00000000E+00  0.70000000E+00  0.70000000E+00  0.00000000E+00  0.00000000E+00  0.00000000E+00  0.00000000E+00
   0.38410290E+16  0.21602640E+37  0.14038430E+01  0.11611241E+00  0.99061077E-01  0.78482651E+00  0.21517349E+00  0.00000000E+00  0.00000000E+00  0.00000000E+00  0.00000000E+00  0.70000000E+00  0.70000000E+00  0.00000000E+00  0.00000000E+00  0.00000000E+00  0.00000000E+00
   0.37380590E+16  0.20739160E+37  0.13805130E+01  0.11554632E+00  0.98338154E-01  0.78611552E+00  0.21388448E+00  0.00000000E+00  0.00000000E+00  0.00000000E+00  0.00000000E+00  0.70000000E+00  0.70000000E+00  0.00000000E+00  0.00000000E+00  0.00000000E+00  0.00000000E+00
   0.36383660E+16  0.19908200E+37  0.13575720E+01  0.11497932E+00  0.97613239E-01  0.78740745E+00  0.21259255E+00  0.00000000E+00  0.00000000E+00  0.00000000E+00  0.00000000E+00  0.70000000E+00  0.70000000E+00  0.00000000E+00  0.00000000E+00  0.00000000E+00  0.00000000E+00
   0.35418370E+16  0.19108620E+37  0.13350110E+01  0.11441157E+00  0.96886318E-01  0.78870212E+00  0.21129788E+00  0.00000000E+00  0.00000000E+00  0.00000000E+00  0.00000000E+00  0.70000000E+00  0.70000000E+00  0.00000000E+00  0.00000000E+00  0.00000000E+00  0.00000000E+00
   0.34483630E+16  0.18339310E+37  0.13128250E+01  0.11384305E+00  0.96157523E-01  0.78999943E+00  0.21000057E+00  0.00000000E+00  0.00000000E+00  0.00000000E+00  0.00000000E+00  0.70000000E+00  0.70000000E+00  0.00000000E+00  0.00000000E+00  0.00000000E+00  0.00000000E+00
   0.33578380E+16  0.17599180E+37  0.12910080E+01  0.11327366E+00  0.95426752E-01  0.79129959E+00  0.20870041E+00  0.00000000E+00  0.00000000E+00  0.00000000E+00  0.00000000E+00  0.70000000E+00  0.70000000E+00  0.00000000E+00  0.00000000E+00  0.00000000E+00  0.00000000E+00
   0.32701590E+16  0.16887210E+37  0.12695540E+01  0.11270352E+00  0.94694042E-01  0.79260244E+00  0.20739756E+00  0.00000000E+00  0.00000000E+00  0.00000000E+00  0.00000000E+00  0.70000000E+00  0.70000000E+00  0.00000000E+00  0.00000000E+00  0.00000000E+00  0.00000000E+00
   0.31852280E+16  0.16202390E+37  0.12484560E+01  0.11213259E+00  0.93959419E-01  0.79390800E+00  0.20609200E+00  0.00000000E+00  0.00000000E+00  0.00000000E+00  0.00000000E+00  0.70000000E+00  0.70000000E+00  0.00000000E+00  0.00000000E+00  0.00000000E+00  0.00000000E+00
   0.31029500E+16  0.15543750E+37  0.12277090E+01  0.11156096E+00  0.93222905E-01  0.79521613E+00  0.20478387E+00  0.00000000E+00  0.00000000E+00  0.00000000E+00  0.00000000E+00  0.70000000E+00  0.70000000E+00  0.00000000E+00  0.00000000E+00  0.00000000E+00  0.00000000E+00
   0.30232340E+16  0.14910360E+37  0.12073060E+01  0.11098860E+00  0.92484507E-01  0.79652690E+00  0.20347310E+00  0.00000000E+00  0.00000000E+00  0.00000000E+00  0.00000000E+00  0.70000000E+00  0.70000000E+00  0.00000000E+00  0.00000000E+00  0.00000000E+00  0.00000000E+00
   0.29459920E+16  0.14301300E+37  0.11872430E+01  0.11041556E+00  0.91744319E-01  0.79784012E+00  0.20215988E+00  0.00000000E+00  0.00000000E+00  0.00000000E+00  0.00000000E+00  0.70000000E+00  0.70000000E+00  0.00000000E+00  0.00000000E+00  0.00000000E+00  0.00000000E+00
   0.28711370E+16  0.13715700E+37  0.11675130E+01  0.10984177E+00  0.91002242E-01  0.79915598E+00  0.20084402E+00  0.00000000E+00  0.00000000E+00  0.00000000E+00  0.00000000E+00  0.70000000E+00  0.70000000E+00  0.00000000E+00  0.00000000E+00  0.00000000E+00  0.00000000E+00
   0.27985880E+16  0.13152720E+37  0.11481110E+01  0.10926740E+00  0.90258346E-01  0.80047426E+00  0.19952574E+00  0.00000000E+00  0.00000000E+00  0.00000000E+00  0.00000000E+00  0.70000000E+00  0.70000000E+00  0.00000000E+00  0.00000000E+00  0.00000000E+00  0.00000000E+00
   0.27282650E+16  0.12611540E+37  0.11290310E+01  0.10869241E+00  0.89512688E-01  0.80179490E+00  0.19820510E+00  0.00000000E+00  0.00000000E+00  0.00000000E+00  0.00000000E+00  0.70000000E+00  0.70000000E+00  0.00000000E+00  0.00000000E+00  0.00000000E+00  0.00000000E+00
   0.26600920E+16  0.12091360E+37  0.11102680E+01  0.10811678E+00  0.88765262E-01  0.80311796E+00  0.19688204E+00  0.00000000E+00  0.00000000E+00  0.00000000E+00  0.00000000E+00  0.70000000E+00  0.70000000E+00  0.00000000E+00  0.00000000E+00  0.00000000E+00  0.00000000E+00
   0.25939950E+16  0.11591430E+37  0.10918180E+01  0.10754045E+00  0.88015988E-01  0.80444356E+00  0.19555644E+00  0.00000000E+00  0.00000000E+00  0.00000000E+00  0.00000000E+00  0.70000000E+00  0.70000000E+00  0.00000000E+00  0.00000000E+00  0.00000000E+00  0.00000000E+00
   0.25299020E+16  0.11111000E+37  0.10736730E+01  0.10696367E+00  0.87265126E-01  0.80577121E+00  0.19422879E+00  0.00000000E+00  0.00000000E+00  0.00000000E+00  0.00000000E+00  0.70000000E+00  0.70000000E+00  0.00000000E+00  0.00000000E+00  0.00000000E+00  0.00000000E+00
   0.24677460E+16  0.10649370E+37  0.10558310E+01  0.10638625E+00  0.86512425E-01  0.80710133E+00  0.19289867E+00  0.00000000E+00  0.00000000E+00  0.00000000E+00  0.00000000E+00  0.70000000E+00  0.70000000E+00  0.00000000E+00  0.00000000E+00  0.00000000E+00  0.00000000E+00
   0.24074590E+16  0.10205840E+37  0.10382850E+01  0.10580833E+00  0.85758082E-01  0.80843359E+00  0.19156641E+00  0.00000000E+00  0.00000000E+00  0.00000000E+00  0.00000000E+00  0.70000000E+00  0.70000000E+00  0.00000000E+00  0.00000000E+00  0.00000000E+00  0.00000000E+00
   0.23489770E+16  0.97797600E+36  0.10210300E+01  0.10522991E+00  0.85002125E-01  0.80976796E+00  0.19023204E+00  0.00000000E+00  0.00000000E+00  0.00000000E+00  0.00000000E+00  0.70000000E+00  0.70000000E+00  0.00000000E+00  0.00000000E+00  0.00000000E+00  0.00000000E+00
   0.22922400E+16  0.93704760E+36  0.10040620E+01  0.10465091E+00  0.84244499E-01  0.81110459E+00  0.18889541E+00  0.00000000E+00  0.00000000E+00  0.00000000E+00  0.00000000E+00  0.70000000E+00  0.70000000E+00  0.00000000E+00  0.00000000E+00  0.00000000E+00  0.00000000E+00
   0.22371870E+16  0.89773720E+36  0.98737630E+00  0.10407147E+00  0.83485222E-01  0.81244331E+00  0.18755669E+00  0.00000000E+00  0.00000000E+00  0.00000000E+00  0.00000000E+00  0.70000000E+00  0.70000000E+00  0.00000000E+00  0.00000000E+00  0.00000000E+00  0.00000000E+00
   0.21837620E+16  0.85998490E+36  0.97096770E+00  0.10349160E+00  0.82724379E-01  0.81378402E+00  0.18621598E+00  0.00000000E+00  0.00000000E+00  0.00000000E+00  0.00000000E+00  0.70000000E+00  0.70000000E+00  0.00000000E+00  0.00000000E+00  0.00000000E+00  0.00000000E+00
   0.21319080E+16  0.82373300E+36  0.95483180E+00  0.10291122E+00  0.81961954E-01  0.81512682E+00  0.18487318E+00  0.00000000E+00  0.00000000E+00  0.00000000E+00  0.00000000E+00  0.70000000E+00  0.70000000E+00  0.00000000E+00  0.00000000E+00  0.00000000E+00  0.00000000E+00
   0.20815730E+16  0.78892550E+36  0.93896410E+00  0.10233047E+00  0.81197993E-01  0.81647153E+00  0.18352847E+00  0.00000000E+00  0.00000000E+00  0.00000000E+00  0.00000000E+00  0.70000000E+00  0.70000000E+00  0.00000000E+00  0.00000000E+00  0.00000000E+00  0.00000000E+00
   0.20327050E+16  0.75550860E+36  0.92336010E+00  0.10174932E+00  0.80432499E-01  0.81781818E+00  0.18218182E+00  0.00000000E+00  0.00000000E+00  0.00000000E+00  0.00000000E+00  0.70000000E+00  0.70000000E+00  0.00000000E+00  0.00000000E+00  0.00000000E+00  0.00000000E+00
   0.19852550E+16  0.72343030E+36  0.90801540E+00  0.10116779E+00  0.79665521E-01  0.81916669E+00  0.18083331E+00  0.00000000E+00  0.00000000E+00  0.00000000E+00  0.00000000E+00  0.70000000E+00  0.70000000E+00  0.00000000E+00  0.00000000E+00  0.00000000E+00  0.00000000E+00
   0.19391740E+16  0.69264040E+36  0.89292570E+00  0.10058591E+00  0.78897091E-01  0.82051700E+00  0.17948300E+00  0.00000000E+00  0.00000000E+00  0.00000000E+00  0.00000000E+00  0.70000000E+00  0.70000000E+00  0.00000000E+00  0.00000000E+00  0.00000000E+00  0.00000000E+00
   0.18944170E+16  0.66309040E+36  0.87808670E+00  0.10000369E+00  0.78127217E-01  0.82186909E+00  0.17813091E+00  0.00000000E+00  0.00000000E+00  0.00000000E+00  0.00000000E+00  0.70000000E+00  0.70000000E+00  0.00000000E+00  0.00000000E+00  0.00000000E+00  0.00000000E+00
   0.18509390E+16  0.63473350E+36  0.86349440E+00  0.99421166E-01  0.77355927E-01  0.82322291E+00  0.17677709E+00  0.00000000E+00  0.00000000E+00  0.00000000E+00  0.00000000E+00  0.70000000E+00  0.70000000E+00  0.00000000E+00  0.00000000E+00  0.00000000E+00  0.00000000E+00
   0.18086970E+16  0.60752470E+36  0.84914450E+00  0.98838372E-01  0.76583267E-01  0.82457836E+00  0.17542164E+00  0.00000000E+00  0.00000000E+00  0.00000000E+00  0.00000000E+00  0.70000000E+00  0.70000000E+00  0.00000000E+00  0.00000000E+00  0.00000000E+00  0.00000000E+00
   0.17676490E+16  0.58142040E+36  0.83503320E+00  0.98255291E-01  0.75809237E-01  0.82593547E+00  0.17406453E+00  0.00000000E+00  0.00000000E+00  0.00000000E+00  0.00000000E+00  0.70000000E+00  0.70000000E+00  0.00000000E+00  0.00000000E+00  0.00000000E+00  0.00000000E+00
   0.17277570E+16  0.55637850E+36  0.82115630E+00  0.97671978E-01  0.75033913E-01  0.82729411E+00  0.17270589E+00  0.00000000E+00  0.00000000E+00  0.00000000E+00  0.00000000E+00  0.70000000E+00  0.70000000E+00  0.00000000E+00  0.00000000E+00  0.00000000E+00  0.00000000E+00
   0.16889810E+16  0.53235860E+36  0.80751000E+00  0.97088457E-01  0.74257285E-01  0.82865426E+00  0.17134574E+00  0.00000000E+00  0.00000000E+00  0.00000000E+00  0.00000000E+00  0.70000000E+00  0.70000000E+00  0.00000000E+00  0.00000000E+00  0.00000000E+00  0.00000000E+00
   0.16512850E+16  0.50932160E+36  0.79409050E+00  0.96504731E-01  0.73479408E-01  0.83001586E+00  0.16998414E+00  0.00000000E+00  0.00000000E+00  0.00000000E+00  0.00000000E+00  0.70000000E+00  0.70000000E+00  0.00000000E+00  0.00000000E+00  0.00000000E+00  0.00000000E+00
   0.16146320E+16  0.48722960E+36  0.78089410E+00  0.95920817E-01  0.72700293E-01  0.83137889E+00  0.16862111E+00  0.00000000E+00  0.00000000E+00  0.00000000E+00  0.00000000E+00  0.70000000E+00  0.70000000E+00  0.00000000E+00  0.00000000E+00  0.00000000E+00  0.00000000E+00
   0.15789880E+16  0.46604650E+36  0.76791690E+00  0.95336774E-01  0.71919982E-01  0.83274324E+00  0.16725676E+00  0.00000000E+00  0.00000000E+00  0.00000000E+00  0.00000000E+00  0.70000000E+00  0.70000000E+00  0.00000000E+00  0.00000000E+00  0.00000000E+00  0.00000000E+00
   0.15443200E+16  0.44573710E+36  0.75515540E+00  0.94752590E-01  0.71138523E-01  0.83410889E+00  0.16589111E+00  0.00000000E+00  0.00000000E+00  0.00000000E+00  0.00000000E+00  0.70000000E+00  0.70000000E+00  0.00000000E+00  0.00000000E+00  0.00000000E+00  0.00000000E+00
   0.15105960E+16  0.42626760E+36  0.74260600E+00  0.94168307E-01  0.70355936E-01  0.83547576E+00  0.16452424E+00  0.00000000E+00  0.00000000E+00  0.00000000E+00  0.00000000E+00  0.70000000E+00  0.70000000E+00  0.00000000E+00  0.00000000E+00  0.00000000E+00  0.00000000E+00
   0.14777850E+16  0.40760540E+36  0.73026510E+00  0.93583933E-01  0.69572269E-01  0.83684380E+00  0.16315620E+00  0.00000000E+00  0.00000000E+00  0.00000000E+00  0.00000000E+00  0.70000000E+00  0.70000000E+00  0.00000000E+00  0.00000000E+00  0.00000000E+00  0.00000000E+00
   0.14458560E+16  0.38971910E+36  0.71812930E+00  0.92999520E-01  0.68787529E-01  0.83821295E+00  0.16178705E+00  0.00000000E+00  0.00000000E+00  0.00000000E+00  0.00000000E+00  0.70000000E+00  0.70000000E+00  0.00000000E+00  0.00000000E+00  0.00000000E+00  0.00000000E+00
   0.14147830E+16  0.37257840E+36  0.70619520E+00  0.92415057E-01  0.68001779E-01  0.83958316E+00  0.16041684E+00  0.00000000E+00  0.00000000E+00  0.00000000E+00  0.00000000E+00  0.70000000E+00  0.70000000E+00  0.00000000E+00  0.00000000E+00  0.00000000E+00  0.00000000E+00
   0.13845360E+16  0.35615410E+36  0.69445940E+00  0.91830581E-01  0.67215045E-01  0.84095437E+00  0.15904563E+00  0.00000000E+00  0.00000000E+00  0.00000000E+00  0.00000000E+00  0.70000000E+00  0.70000000E+00  0.00000000E+00  0.00000000E+00  0.00000000E+00  0.00000000E+00
   0.13550880E+16  0.34041810E+36  0.68291860E+00  0.91246131E-01  0.66427375E-01  0.84232649E+00  0.15767351E+00  0.00000000E+00  0.00000000E+00  0.00000000E+00  0.00000000E+00  0.70000000E+00  0.70000000E+00  0.00000000E+00  0.00000000E+00  0.00000000E+00  0.00000000E+00
   0.13264150E+16  0.32534330E+36  0.67156960E+00  0.90661713E-01  0.65638796E-01  0.84369949E+00  0.15630051E+00  0.00000000E+00  0.00000000E+00  0.00000000E+00  0.00000000E+00  0.70000000E+00  0.70000000E+00  0.00000000E+00  0.00000000E+00  0.00000000E+00  0.00000000E+00
   0.12984920E+16  0.31090360E+36  0.66040930E+00  0.90077335E-01  0.64849359E-01  0.84507331E+00  0.15492669E+00  0.00000000E+00  0.00000000E+00  0.00000000E+00  0.00000000E+00  0.70000000E+00  0.70000000E+00  0.00000000E+00  0.00000000E+00  0.00000000E+00  0.00000000E+00
   0.12712930E+16  0.29707370E+36  0.64943440E+00  0.89493057E-01  0.64059080E-01  0.84644786E+00  0.15355214E+00  0.00000000E+00  0.00000000E+00  0.00000000E+00  0.00000000E+00  0.70000000E+00  0.70000000E+00  0.00000000E+00  0.00000000E+00  0.00000000E+00  0.00000000E+00
   0.12447970E+16  0.28382960E+36  0.63864180E+00  0.88908900E-01  0.63268048E-01  0.84782305E+00  0.15217695E+00  0.00000000E+00  0.00000000E+00  0.00000000E+00  0.00000000E+00  0.70000000E+00  0.70000000E+00  0.00000000E+00  0.00000000E+00  0.00000000E+00  0.00000000E+00
   0.12189810E+16  0.27114790E+36  0.62802870E+00  0.88324865E-01  0.62476253E-01  0.84919888E+00  0.15080112E+00  0.00000000E+00  0.00000000E+00  0.00000000E+00  0.00000000E+00  0.70000000E+00  0.70000000E+00  0.00000000E+00  0.00000000E+00  0.00000000E+00  0.00000000E+00
   0.11938230E+16  0.25900600E+36  0.61759190E+00  0.87740982E-01  0.61683759E-01  0.85057526E+00  0.14942474E+00  0.00000000E+00  0.00000000E+00  0.00000000E+00  0.00000000E+00  0.70000000E+00  0.70000000E+00  0.00000000E+00  0.00000000E+00  0.00000000E+00  0.00000000E+00
   0.11693030E+16  0.24738240E+36  0.60732850E+00  0.87157280E-01  0.60890638E-01  0.85195208E+00  0.14804792E+00  0.00000000E+00  0.00000000E+00  0.00000000E+00  0.00000000E+00  0.70000000E+00  0.70000000E+00  0.00000000E+00  0.00000000E+00  0.00000000E+00  0.00000000E+00
   0.11454010E+16  0.23625620E+36  0.59723570E+00  0.86573793E-01  0.60096893E-01  0.85332931E+00  0.14667069E+00  0.00000000E+00  0.00000000E+00  0.00000000E+00  0.00000000E+00  0.70000000E+00  0.70000000E+00  0.00000000E+00  0.00000000E+00  0.00000000E+00  0.00000000E+00
   0.11220970E+16  0.22560730E+36  0.58731070E+00  0.85990516E-01  0.59302580E-01  0.85470690E+00  0.14529310E+00  0.00000000E+00  0.00000000E+00  0.00000000E+00  0.00000000E+00  0.70000000E+00  0.70000000E+00  0.00000000E+00  0.00000000E+00  0.00000000E+00  0.00000000E+00
   0.10993740E+16  0.21541660E+36  0.57755050E+00  0.85407510E-01  0.58507767E-01  0.85608472E+00  0.14391528E+00  0.00000000E+00  0.00000000E+00  0.00000000E+00  0.00000000E+00  0.70000000E+00  0.70000000E+00  0.00000000E+00  0.00000000E+00  0.00000000E+00  0.00000000E+00
   0.10772120E+16  0.20566530E+36  0.56795260E+00  0.84824772E-01  0.57712492E-01  0.85746274E+00  0.14253726E+00  0.00000000E+00  0.00000000E+00  0.00000000E+00  0.00000000E+00  0.70000000E+00  0.70000000E+00  0.00000000E+00  0.00000000E+00  0.00000000E+00  0.00000000E+00
   0.10555950E+16  0.19633570E+36  0.55851420E+00  0.84242316E-01  0.56916798E-01  0.85884089E+00  0.14115911E+00  0.00000000E+00  0.00000000E+00  0.00000000E+00  0.00000000E+00  0.70000000E+00  0.70000000E+00  0.00000000E+00  0.00000000E+00  0.00000000E+00  0.00000000E+00
   0.10345050E+16  0.18741050E+36  0.54923260E+00  0.83660220E-01  0.56120722E-01  0.86021906E+00  0.13978094E+00  0.00000000E+00  0.00000000E+00  0.00000000E+00  0.00000000E+00  0.70000000E+00  0.70000000E+00  0.00000000E+00  0.00000000E+00  0.00000000E+00  0.00000000E+00
   0.10139280E+16  0.17887310E+36  0.54010520E+00  0.83078463E-01  0.55324352E-01  0.86159719E+00  0.13840281E+00  0.00000000E+00  0.00000000E+00  0.00000000E+00  0.00000000E+00  0.70000000E+00  0.70000000E+00  0.00000000E+00  0.00000000E+00  0.00000000E+00  0.00000000E+00
   0.99384710E+15  0.17070780E+36  0.53112960E+00  0.82497059E-01  0.54527708E-01  0.86297523E+00  0.13702477E+00  0.00000000E+00  0.00000000E+00  0.00000000E+00  0.00000000E+00  0.70000000E+00  0.70000000E+00  0.00000000E+00  0.00000000E+00  0.00000000E+00  0.00000000E+00
   0.97424750E+15  0.16289910E+36  0.52230310E+00  0.81916075E-01  0.53730870E-01  0.86435305E+00  0.13564695E+00  0.00000000E+00  0.00000000E+00  0.00000000E+00  0.00000000E+00  0.70000000E+00  0.70000000E+00  0.00000000E+00  0.00000000E+00  0.00000000E+00  0.00000000E+00
   0.95511480E+15  0.15543240E+36  0.51362330E+00  0.81335504E-01  0.52933872E-01  0.86573062E+00  0.13426938E+00  0.00000000E+00  0.00000000E+00  0.00000000E+00  0.00000000E+00  0.70000000E+00  0.70000000E+00  0.00000000E+00  0.00000000E+00  0.00000000E+00  0.00000000E+00
   0.93643500E+15  0.14829350E+36  0.50508770E+00  0.80755382E-01  0.52136787E-01  0.86710783E+00  0.13289217E+00  0.00000000E+00  0.00000000E+00  0.00000000E+00  0.00000000E+00  0.70000000E+00  0.70000000E+00  0.00000000E+00  0.00000000E+00  0.00000000E+00  0.00000000E+00
   0.91819480E+15  0.14146880E+36  0.49669400E+00  0.80175742E-01  0.51339638E-01  0.86848462E+00  0.13151538E+00  0.00000000E+00  0.00000000E+00  0.00000000E+00  0.00000000E+00  0.70000000E+00  0.70000000E+00  0.00000000E+00  0.00000000E+00  0.00000000E+00  0.00000000E+00
   0.90038100E+15  0.13494520E+36  0.48843980E+00  0.79596564E-01  0.50542523E-01  0.86986091E+00  0.13013909E+00  0.00000000E+00  0.00000000E+00  0.00000000E+00  0.00000000E+00  0.70000000E+00  0.70000000E+00  0.00000000E+00  0.00000000E+00  0.00000000E+00  0.00000000E+00
   0.88298120E+15  0.12871010E+36  0.48032270E+00  0.79017939E-01  0.49745515E-01  0.87123655E+00  0.12876345E+00  0.00000000E+00  0.00000000E+00  0.00000000E+00  0.00000000E+00  0.70000000E+00  0.70000000E+00  0.00000000E+00  0.00000000E+00  0.00000000E+00  0.00000000E+00
   0.86598330E+15  0.12275160E+36  0.47234050E+00  0.78439833E-01  0.48948650E-01  0.87261152E+00  0.12738848E+00  0.00000000E+00  0.00000000E+00  0.00000000E+00  0.00000000E+00  0.70000000E+00  0.70000000E+00  0.00000000E+00  0.00000000E+00  0.00000000E+00  0.00000000E+00
   0.84937550E+15  0.11705790E+36  0.46449100E+00  0.77862305E-01  0.48151956E-01  0.87398574E+00  0.12601426E+00  0.00000000E+00  0.00000000E+00  0.00000000E+00  0.00000000E+00  0.70000000E+00  0.70000000E+00  0.00000000E+00  0.00000000E+00  0.00000000E+00  0.00000000E+00
   0.83314670E+15  0.11161790E+36  0.45677190E+00  0.77285358E-01  0.47355562E-01  0.87535908E+00  0.12464092E+00  0.00000000E+00  0.00000000E+00  0.00000000E+00  0.00000000E+00  0.70000000E+00  0.70000000E+00  0.00000000E+00  0.00000000E+00  0.00000000E+00  0.00000000E+00
   0.81728590E+15  0.10642090E+36  0.44918110E+00  0.76709038E-01  0.46559506E-01  0.87673146E+00  0.12326854E+00  0.00000000E+00  0.00000000E+00  0.00000000E+00  0.00000000E+00  0.70000000E+00  0.70000000E+00  0.00000000E+00  0.00000000E+00  0.00000000E+00  0.00000000E+00
   0.80178250E+15  0.10145660E+36  0.44171650E+00  0.76133312E-01  0.45763855E-01  0.87810283E+00  0.12189717E+00  0.00000000E+00  0.00000000E+00  0.00000000E+00  0.00000000E+00  0.70000000E+00  0.70000000E+00  0.00000000E+00  0.00000000E+00  0.00000000E+00  0.00000000E+00
   0.78662650E+15  0.96715190E+35  0.43437590E+00  0.75558289E-01  0.44968701E-01  0.87947301E+00  0.12052699E+00  0.00000000E+00  0.00000000E+00  0.00000000E+00  0.00000000E+00  0.70000000E+00  0.70000000E+00  0.00000000E+00  0.00000000E+00  0.00000000E+00  0.00000000E+00
   0.77180810E+15  0.92187090E+35  0.42715730E+00  0.74983923E-01  0.44174078E-01  0.88084200E+00  0.11915800E+00  0.00000000E+00  0.00000000E+00  0.00000000E+00  0.00000000E+00  0.70000000E+00  0.70000000E+00  0.00000000E+00  0.00000000E+00  0.00000000E+00  0.00000000E+00
   0.75731780E+15  0.87863220E+35  0.42005870E+00  0.74410267E-01  0.43380056E-01  0.88220968E+00  0.11779032E+00  0.00000000E+00  0.00000000E+00  0.00000000E+00  0.00000000E+00  0.70000000E+00  0.70000000E+00  0.00000000E+00  0.00000000E+00  0.00000000E+00  0.00000000E+00
   0.74314630E+15  0.83734840E+35  0.41307800E+00  0.73837338E-01  0.42586800E-01  0.88357586E+00  0.11642414E+00  0.00000000E+00  0.00000000E+00  0.00000000E+00  0.00000000E+00  0.70000000E+00  0.70000000E+00  0.00000000E+00  0.00000000E+00  0.00000000E+00  0.00000000E+00
   0.72928500E+15  0.79793540E+35  0.40621330E+00  0.73265154E-01  0.41794299E-01  0.88494055E+00  0.11505945E+00  0.00000000E+00  0.00000000E+00  0.00000000E+00  0.00000000E+00  0.70000000E+00  0.70000000E+00  0.00000000E+00  0.00000000E+00  0.00000000E+00  0.00000000E+00
   0.71572520E+15  0.76031290E+35  0.39946270E+00  0.72693771E-01  0.41002652E-01  0.88630358E+00  0.11369642E+00  0.00000000E+00  0.00000000E+00  0.00000000E+00  0.00000000E+00  0.70000000E+00  0.70000000E+00  0.00000000E+00  0.00000000E+00  0.00000000E+00  0.00000000E+00
   0.70245880E+15  0.72440330E+35  0.39282430E+00  0.72123160E-01  0.40211922E-01  0.88766492E+00  0.11233508E+00  0.00000000E+00  0.00000000E+00  0.00000000E+00  0.00000000E+00  0.70000000E+00  0.70000000E+00  0.00000000E+00  0.00000000E+00  0.00000000E+00  0.00000000E+00
   0.68947760E+15  0.69013260E+35  0.38629620E+00  0.71553357E-01  0.39422236E-01  0.88902441E+00  0.11097559E+00  0.00000000E+00  0.00000000E+00  0.00000000E+00  0.00000000E+00  0.70000000E+00  0.70000000E+00  0.00000000E+00  0.00000000E+00  0.00000000E+00  0.00000000E+00
   0.67677410E+15  0.65742950E+35  0.37987660E+00  0.70984393E-01  0.38633677E-01  0.89038193E+00  0.10961807E+00  0.00000000E+00  0.00000000E+00  0.00000000E+00  0.00000000E+00  0.70000000E+00  0.70000000E+00  0.00000000E+00  0.00000000E+00  0.00000000E+00  0.00000000E+00
   0.66434080E+15  0.62622590E+35  0.37356370E+00  0.70416290E-01  0.37846316E-01  0.89173739E+00  0.10826261E+00  0.00000000E+00  0.00000000E+00  0.00000000E+00  0.00000000E+00  0.70000000E+00  0.70000000E+00  0.00000000E+00  0.00000000E+00  0.00000000E+00  0.00000000E+00
   0.65217050E+15  0.59645620E+35  0.36735570E+00  0.69849086E-01  0.37060239E-01  0.89309067E+00  0.10690933E+00  0.00000000E+00  0.00000000E+00  0.00000000E+00  0.00000000E+00  0.70000000E+00  0.70000000E+00  0.00000000E+00  0.00000000E+00  0.00000000E+00  0.00000000E+00
   0.64025610E+15  0.56805770E+35  0.36125080E+00  0.69282781E-01  0.36275546E-01  0.89444167E+00  0.10555833E+00  0.00000000E+00  0.00000000E+00  0.00000000E+00  0.00000000E+00  0.70000000E+00  0.70000000E+00  0.00000000E+00  0.00000000E+00  0.00000000E+00  0.00000000E+00
   0.62859110E+15  0.54097010E+35  0.35524740E+00  0.68717378E-01  0.35492364E-01  0.89579026E+00  0.10420974E+00  0.00000000E+00  0.00000000E+00  0.00000000E+00  0.00000000E+00  0.70000000E+00  0.70000000E+00  0.00000000E+00  0.00000000E+00  0.00000000E+00  0.00000000E+00
   0.61716880E+15  0.51513580E+35  0.34934380E+00  0.68152891E-01  0.34710763E-01  0.89713635E+00  0.10286365E+00  0.00000000E+00  0.00000000E+00  0.00000000E+00  0.00000000E+00  0.70000000E+00  0.70000000E+00  0.00000000E+00  0.00000000E+00  0.00000000E+00  0.00000000E+00
   0.60598300E+15  0.49049940E+35  0.34353830E+00  0.67589407E-01  0.33930831E-01  0.89847976E+00  0.10152024E+00  0.00000000E+00  0.00000000E+00  0.00000000E+00  0.00000000E+00  0.70000000E+00  0.70000000E+00  0.00000000E+00  0.00000000E+00  0.00000000E+00  0.00000000E+00
   0.59502760E+15  0.46700790E+35  0.33782930E+00  0.67026868E-01  0.33152660E-01  0.89982047E+00  0.10017953E+00  0.00000000E+00  0.00000000E+00  0.00000000E+00  0.00000000E+00  0.70000000E+00  0.70000000E+00  0.00000000E+00  0.00000000E+00  0.00000000E+00  0.00000000E+00
   0.58429660E+15  0.44461050E+35  0.33221510E+00  0.66465341E-01  0.32376463E-01  0.90115820E+00  0.98841805E-01  0.00000000E+00  0.00000000E+00  0.00000000E+00  0.00000000E+00  0.70000000E+00  0.70000000E+00  0.00000000E+00  0.00000000E+00  0.00000000E+00  0.00000000E+00
   0.57378440E+15  0.42325850E+35  0.32669420E+00  0.65904843E-01  0.31602275E-01  0.90249288E+00  0.97507118E-01  0.00000000E+00  0.00000000E+00  0.00000000E+00  0.00000000E+00  0.70000000E+00  0.70000000E+00  0.00000000E+00  0.00000000E+00  0.00000000E+00  0.00000000E+00
   0.56348550E+15  0.40290520E+35  0.32126510E+00  0.65345380E-01  0.30830162E-01  0.90382446E+00  0.96175542E-01  0.00000000E+00  0.00000000E+00  0.00000000E+00  0.00000000E+00  0.70000000E+00  0.70000000E+00  0.00000000E+00  0.00000000E+00  0.00000000E+00  0.00000000E+00
   0.55339440E+15  0.38350610E+35  0.31592620E+00  0.64786966E-01  0.30060353E-01  0.90515268E+00  0.94847319E-01  0.00000000E+00  0.00000000E+00  0.00000000E+00  0.00000000E+00  0.70000000E+00  0.70000000E+00  0.00000000E+00  0.00000000E+00  0.00000000E+00  0.00000000E+00
   0.54350610E+15  0.36501820E+35  0.31067610E+00  0.64229595E-01  0.29292891E-01  0.90647751E+00  0.93522485E-01  0.00000000E+00  0.00000000E+00  0.00000000E+00  0.00000000E+00  0.70000000E+00  0.70000000E+00  0.00000000E+00  0.00000000E+00  0.00000000E+00  0.00000000E+00
   0.53381540E+15  0.34740070E+35  0.30551310E+00  0.63673342E-01  0.28527909E-01  0.90779875E+00  0.92201251E-01  0.00000000E+00  0.00000000E+00  0.00000000E+00  0.00000000E+00  0.70000000E+00  0.70000000E+00  0.00000000E+00  0.00000000E+00  0.00000000E+00  0.00000000E+00
   0.52431760E+15  0.33061420E+35  0.30043600E+00  0.63118135E-01  0.27765657E-01  0.90911621E+00  0.90883792E-01  0.00000000E+00  0.00000000E+00  0.00000000E+00  0.00000000E+00  0.70000000E+00  0.70000000E+00  0.00000000E+00  0.00000000E+00  0.00000000E+00  0.00000000E+00
   0.51500800E+15  0.31462110E+35  0.29544330E+00  0.62564086E-01  0.27006116E-01  0.91042980E+00  0.89570202E-01  0.00000000E+00  0.00000000E+00  0.00000000E+00  0.00000000E+00  0.70000000E+00  0.70000000E+00  0.00000000E+00  0.00000000E+00  0.00000000E+00  0.00000000E+00
   0.50588190E+15  0.29938570E+35  0.29053350E+00  0.62011162E-01  0.26249458E-01  0.91173938E+00  0.88260621E-01  0.00000000E+00  0.00000000E+00  0.00000000E+00  0.00000000E+00  0.70000000E+00  0.70000000E+00  0.00000000E+00  0.00000000E+00  0.00000000E+00  0.00000000E+00
   0.49693490E+15  0.28487330E+35  0.28570530E+00  0.61459413E-01  0.25495869E-01  0.91304472E+00  0.86955282E-01  0.00000000E+00  0.00000000E+00  0.00000000E+00  0.00000000E+00  0.70000000E+00  0.70000000E+00  0.00000000E+00  0.00000000E+00  0.00000000E+00  0.00000000E+00
   0.48816290E+15  0.27105100E+35  0.28095740E+00  0.60908771E-01  0.24745570E-01  0.91434566E+00  0.85654341E-01  0.00000000E+00  0.00000000E+00  0.00000000E+00  0.00000000E+00  0.70000000E+00  0.70000000E+00  0.00000000E+00  0.00000000E+00  0.00000000E+00  0.00000000E+00
   0.47956150E+15  0.25788730E+35  0.27628830E+00  0.60359306E-01  0.23998635E-01  0.91564206E+00  0.84357941E-01  0.00000000E+00  0.00000000E+00  0.00000000E+00  0.00000000E+00  0.70000000E+00  0.70000000E+00  0.00000000E+00  0.00000000E+00  0.00000000E+00  0.00000000E+00
   0.47112690E+15  0.24535210E+35  0.27169690E+00  0.59811025E-01  0.23255212E-01  0.91693376E+00  0.83066237E-01  0.00000000E+00  0.00000000E+00  0.00000000E+00  0.00000000E+00  0.70000000E+00  0.70000000E+00  0.00000000E+00  0.00000000E+00  0.00000000E+00  0.00000000E+00
   0.46285500E+15  0.23341640E+35  0.26718170E+00  0.59263939E-01  0.22515487E-01  0.91822057E+00  0.81779426E-01  0.00000000E+00  0.00000000E+00  0.00000000E+00  0.00000000E+00  0.70000000E+00  0.70000000E+00  0.00000000E+00  0.00000000E+00  0.00000000E+00  0.00000000E+00
   0.45474220E+15  0.22205280E+35  0.26274160E+00  0.58718071E-01  0.21779661E-01  0.91950227E+00  0.80497732E-01  0.00000000E+00  0.00000000E+00  0.00000000E+00  0.00000000E+00  0.70000000E+00  0.70000000E+00  0.00000000E+00  0.00000000E+00  0.00000000E+00  0.00000000E+00
   0.44678460E+15  0.21123470E+35  0.25837530E+00  0.58173324E-01  0.21048007E-01  0.92077867E+00  0.79221330E-01  0.00000000E+00  0.00000000E+00  0.00000000E+00  0.00000000E+00  0.70000000E+00  0.70000000E+00  0.00000000E+00  0.00000000E+00  0.00000000E+00  0.00000000E+00
   0.43897890E+15  0.20093690E+35  0.25408150E+00  0.57629855E-01  0.20320594E-01  0.92204955E+00  0.77950449E-01  0.00000000E+00  0.00000000E+00  0.00000000E+00  0.00000000E+00  0.70000000E+00  0.70000000E+00  0.00000000E+00  0.00000000E+00  0.00000000E+00  0.00000000E+00
   0.43132140E+15  0.19113540E+35  0.24985910E+00  0.57087615E-01  0.19597557E-01  0.92331483E+00  0.76685172E-01  0.00000000E+00  0.00000000E+00  0.00000000E+00  0.00000000E+00  0.70000000E+00  0.70000000E+00  0.00000000E+00  0.00000000E+00  0.00000000E+00  0.00000000E+00
   0.42380880E+15  0.18180700E+35  0.24570680E+00  0.56546624E-01  0.18879189E-01  0.92457419E+00  0.75425812E-01  0.00000000E+00  0.00000000E+00  0.00000000E+00  0.00000000E+00  0.70000000E+00  0.70000000E+00  0.00000000E+00  0.00000000E+00  0.00000000E+00  0.00000000E+00
   0.41643800E+15  0.17292960E+35  0.24162360E+00  0.56006822E-01  0.18165895E-01  0.92582728E+00  0.74172717E-01  0.00000000E+00  0.00000000E+00  0.00000000E+00  0.00000000E+00  0.70000000E+00  0.70000000E+00  0.00000000E+00  0.00000000E+00  0.00000000E+00  0.00000000E+00
   0.40920560E+15  0.16448220E+35  0.23760820E+00  0.55468288E-01  0.17457424E-01  0.92707429E+00  0.72925711E-01  0.00000000E+00  0.00000000E+00  0.00000000E+00  0.00000000E+00  0.70000000E+00  0.70000000E+00  0.00000000E+00  0.00000000E+00  0.00000000E+00  0.00000000E+00
   0.40210870E+15  0.15644450E+35  0.23365950E+00  0.54930914E-01  0.16754722E-01  0.92831436E+00  0.71685637E-01  0.00000000E+00  0.00000000E+00  0.00000000E+00  0.00000000E+00  0.70000000E+00  0.70000000E+00  0.00000000E+00  0.00000000E+00  0.00000000E+00  0.00000000E+00
   0.39514410E+15  0.14879750E+35  0.22977650E+00  0.54394858E-01  0.16057251E-01  0.92954789E+00  0.70452109E-01  0.00000000E+00  0.00000000E+00  0.00000000E+00  0.00000000E+00  0.70000000E+00  0.70000000E+00  0.00000000E+00  0.00000000E+00  0.00000000E+00  0.00000000E+00
   0.38830920E+15  0.14152260E+35  0.22595800E+00  0.53859965E-01  0.15365997E-01  0.93077404E+00  0.69225962E-01  0.00000000E+00  0.00000000E+00  0.00000000E+00  0.00000000E+00  0.70000000E+00  0.70000000E+00  0.00000000E+00  0.00000000E+00  0.00000000E+00  0.00000000E+00
   0.38160090E+15  0.13460220E+35  0.22220300E+00  0.53326328E-01  0.14680796E-01  0.93199288E+00  0.68007124E-01  0.00000000E+00  0.00000000E+00  0.00000000E+00  0.00000000E+00  0.70000000E+00  0.70000000E+00  0.00000000E+00  0.00000000E+00  0.00000000E+00  0.00000000E+00
   0.37501660E+15  0.12801970E+35  0.21851030E+00  0.52793942E-01  0.14001871E-01  0.93320419E+00  0.66795812E-01  0.00000000E+00  0.00000000E+00  0.00000000E+00  0.00000000E+00  0.70000000E+00  0.70000000E+00  0.00000000E+00  0.00000000E+00  0.00000000E+00  0.00000000E+00
   0.36855360E+15  0.12175890E+35  0.21487900E+00  0.52262762E-01  0.13329790E-01  0.93440745E+00  0.65592552E-01  0.00000000E+00  0.00000000E+00  0.00000000E+00  0.00000000E+00  0.70000000E+00  0.70000000E+00  0.00000000E+00  0.00000000E+00  0.00000000E+00  0.00000000E+00
   0.36220930E+15  0.11580460E+35  0.21130810E+00  0.51732707E-01  0.12665009E-01  0.93560228E+00  0.64397716E-01  0.00000000E+00  0.00000000E+00  0.00000000E+00  0.00000000E+00  0.70000000E+00  0.70000000E+00  0.00000000E+00  0.00000000E+00  0.00000000E+00  0.00000000E+00
   0.35598110E+15  0.11014200E+35  0.20779650E+00  0.51203942E-01  0.12007267E-01  0.93678879E+00  0.63211209E-01  0.00000000E+00  0.00000000E+00  0.00000000E+00  0.00000000E+00  0.70000000E+00  0.70000000E+00  0.00000000E+00  0.00000000E+00  0.00000000E+00  0.00000000E+00
   0.34986670E+15  0.10475730E+35  0.20434330E+00  0.50676288E-01  0.11357563E-01  0.93796615E+00  0.62033852E-01  0.00000000E+00  0.00000000E+00  0.00000000E+00  0.00000000E+00  0.70000000E+00  0.70000000E+00  0.00000000E+00  0.00000000E+00  0.00000000E+00  0.00000000E+00
   0.34386360E+15  0.99637120E+34  0.20094740E+00  0.50149840E-01  0.10716058E-01  0.93913410E+00  0.60865898E-01  0.00000000E+00  0.00000000E+00  0.00000000E+00  0.00000000E+00  0.70000000E+00  0.70000000E+00  0.00000000E+00  0.00000000E+00  0.00000000E+00  0.00000000E+00
   0.33796940E+15  0.94768690E+34  0.19760800E+00  0.49624448E-01  0.10083149E-01  0.94029240E+00  0.59707598E-01  0.00000000E+00  0.00000000E+00  0.00000000E+00  0.00000000E+00  0.70000000E+00  0.70000000E+00  0.00000000E+00  0.00000000E+00  0.00000000E+00  0.00000000E+00
   0.33218200E+15  0.90139880E+34  0.19432410E+00  0.49100148E-01  0.94593928E-02  0.94144046E+00  0.58559540E-01  0.00000000E+00  0.00000000E+00  0.00000000E+00  0.00000000E+00  0.70000000E+00  0.70000000E+00  0.00000000E+00  0.00000000E+00  0.00000000E+00  0.00000000E+00
   0.32649920E+15  0.85739140E+34  0.19109480E+00  0.48576958E-01  0.88449398E-02  0.94257810E+00  0.57421897E-01  0.00000000E+00  0.00000000E+00  0.00000000E+00  0.00000000E+00  0.70000000E+00  0.70000000E+00  0.00000000E+00  0.00000000E+00  0.00000000E+00  0.00000000E+00
   0.32091870E+15  0.81555350E+34  0.18791910E+00  0.48054791E-01  0.82406152E-02  0.94370459E+00  0.56295406E-01  0.00000000E+00  0.00000000E+00  0.00000000E+00  0.00000000E+00  0.70000000E+00  0.70000000E+00  0.00000000E+00  0.00000000E+00  0.00000000E+00  0.00000000E+00
   0.31543840E+15  0.77577980E+34  0.18479620E+00  0.47533607E-01  0.76468618E-02  0.94481953E+00  0.55180469E-01  0.00000000E+00  0.00000000E+00  0.00000000E+00  0.00000000E+00  0.70000000E+00  0.70000000E+00  0.00000000E+00  0.00000000E+00  0.00000000E+00  0.00000000E+00
   0.31005650E+15  0.73796930E+34  0.18172520E+00  0.47013364E-01  0.70642652E-02  0.94592237E+00  0.54077629E-01  0.00000000E+00  0.00000000E+00  0.00000000E+00  0.00000000E+00  0.70000000E+00  0.70000000E+00  0.00000000E+00  0.00000000E+00  0.00000000E+00  0.00000000E+00
   0.30477080E+15  0.70202590E+34  0.17870520E+00  0.46494008E-01  0.64934764E-02  0.94701252E+00  0.52987484E-01  0.00000000E+00  0.00000000E+00  0.00000000E+00  0.00000000E+00  0.70000000E+00  0.70000000E+00  0.00000000E+00  0.00000000E+00  0.00000000E+00  0.00000000E+00
   0.29957940E+15  0.66785780E+34  0.17573540E+00  0.45975472E-01  0.59351673E-02  0.94808936E+00  0.51910640E-01  0.00000000E+00  0.00000000E+00  0.00000000E+00  0.00000000E+00  0.70000000E+00  0.70000000E+00  0.00000000E+00  0.00000000E+00  0.00000000E+00  0.00000000E+00
   0.29448040E+15  0.63537750E+34  0.17281500E+00  0.45457663E-01  0.53901357E-02  0.94915220E+00  0.50847799E-01  0.00000000E+00  0.00000000E+00  0.00000000E+00  0.00000000E+00  0.70000000E+00  0.70000000E+00  0.00000000E+00  0.00000000E+00  0.00000000E+00  0.00000000E+00
   0.28947200E+15  0.60450120E+34  0.16994310E+00  0.44940524E-01  0.48591940E-02  0.95020028E+00  0.49799718E-01  0.00000000E+00  0.00000000E+00  0.00000000E+00  0.00000000E+00  0.70000000E+00  0.70000000E+00  0.00000000E+00  0.00000000E+00  0.00000000E+00  0.00000000E+00
   0.28455240E+15  0.57514910E+34  0.16711890E+00  0.44423940E-01  0.43432945E-02  0.95123277E+00  0.48767235E-01  0.00000000E+00  0.00000000E+00  0.00000000E+00  0.00000000E+00  0.70000000E+00  0.70000000E+00  0.00000000E+00  0.00000000E+00  0.00000000E+00  0.00000000E+00
   0.27971990E+15  0.54724510E+34  0.16434170E+00  0.43907779E-01  0.38434913E-02  0.95224873E+00  0.47751270E-01  0.00000000E+00  0.00000000E+00  0.00000000E+00  0.00000000E+00  0.70000000E+00  0.70000000E+00  0.00000000E+00  0.00000000E+00  0.00000000E+00  0.00000000E+00
   0.27497270E+15  0.52071630E+34  0.16161060E+00  0.43391931E-01  0.33609392E-02  0.95324713E+00  0.46752870E-01  0.00000000E+00  0.00000000E+00  0.00000000E+00  0.00000000E+00  0.70000000E+00  0.70000000E+00  0.00000000E+00  0.00000000E+00  0.00000000E+00  0.00000000E+00
   0.27030920E+15  0.49549310E+34  0.15892490E+00  0.42876208E-01  0.28969891E-02  0.95422680E+00  0.45773197E-01  0.00000000E+00  0.00000000E+00  0.00000000E+00  0.00000000E+00  0.70000000E+00  0.70000000E+00  0.00000000E+00  0.00000000E+00  0.00000000E+00  0.00000000E+00
   0.26572770E+15  0.47150890E+34  0.15628380E+00  0.42360424E-01  0.24532018E-02  0.95518637E+00  0.44813626E-01  0.00000000E+00  0.00000000E+00  0.00000000E+00  0.00000000E+00  0.70000000E+00  0.70000000E+00  0.00000000E+00  0.00000000E+00  0.00000000E+00  0.00000000E+00
   0.26122670E+15  0.44869980E+34  0.15368660E+00  0.41844312E-01  0.20314113E-02  0.95612428E+00  0.43875723E-01  0.00000000E+00  0.00000000E+00  0.00000000E+00  0.00000000E+00  0.70000000E+00  0.70000000E+00  0.00000000E+00  0.00000000E+00  0.00000000E+00  0.00000000E+00
   0.25680460E+15  0.42700450E+34  0.15113260E+00  0.41327563E-01  0.16338269E-02  0.95703861E+00  0.42961390E-01  0.00000000E+00  0.00000000E+00  0.00000000E+00  0.00000000E+00  0.70000000E+00  0.70000000E+00  0.00000000E+00  0.00000000E+00  0.00000000E+00  0.00000000E+00
   0.25245990E+15  0.40636430E+34  0.14862100E+00  0.40809845E-01  0.12629252E-02  0.95792723E+00  0.42072770E-01  0.00000000E+00  0.00000000E+00  0.00000000E+00  0.00000000E+00  0.70000000E+00  0.70000000E+00  0.00000000E+00  0.00000000E+00  0.00000000E+00  0.00000000E+00
   0.24819120E+15  0.38672150E+34  0.14615120E+00  0.40290548E-01  0.92241391E-03  0.95878704E+00  0.41212962E-01  0.00000000E+00  0.00000000E+00  0.00000000E+00  0.00000000E+00  0.70000000E+00  0.70000000E+00  0.00000000E+00  0.00000000E+00  0.00000000E+00  0.00000000E+00
   0.24399690E+15  0.36802010E+34  0.14372240E+00  0.39768992E-01  0.61672996E-03  0.95961428E+00  0.40385722E-01  0.00000000E+00  0.00000000E+00  0.00000000E+00  0.00000000E+00  0.70000000E+00  0.70000000E+00  0.00000000E+00  0.00000000E+00  0.00000000E+00  0.00000000E+00
   0.23987570E+15  0.35020370E+34  0.14133400E+00  0.39244053E-01  0.35255848E-03  0.96040339E+00  0.39596612E-01  0.00000000E+00  0.00000000E+00  0.00000000E+00  0.00000000E+00  0.70000000E+00  0.70000000E+00  0.00000000E+00  0.00000000E+00  0.00000000E+00  0.00000000E+00
   0.23582620E+15  0.33321250E+34  0.13898530E+00  0.38713814E-01  0.14085195E-03  0.96114533E+00  0.38854666E-01  0.00000000E+00  0.00000000E+00  0.00000000E+00  0.00000000E+00  0.70000000E+00  0.70000000E+00  0.00000000E+00  0.00000000E+00  0.00000000E+00  0.00000000E+00
   0.23184700E+15  0.31696850E+34  0.13667550E+00  0.38173528E-01  0.75383737E-05  0.96181893E+00  0.38181066E-01  0.00000000E+00  0.00000000E+00  0.00000000E+00  0.00000000E+00  0.70000000E+00  0.70000000E+00  0.00000000E+00  0.00000000E+00  0.00000000E+00  0.00000000E+00
   0.22793700E+15  0.30136760E+34  0.13440420E+00  0.37614412E-01  0.00000000E+00  0.96238559E+00  0.37614412E-01  0.00000000E+00  0.00000000E+00  0.00000000E+00  0.00000000E+00  0.70000000E+00  0.70000000E+00  0.00000000E+00  0.00000000E+00  0.00000000E+00  0.00000000E+00
   0.22409470E+15  0.28654450E+34  0.13217070E+00  0.37060279E-01  0.00000000E+00  0.96293972E+00  0.37060279E-01  0.00000000E+00  0.00000000E+00  0.00000000E+00  0.00000000E+00  0.70000000E+00  0.70000000E+00  0.00000000E+00  0.00000000E+00  0.00000000E+00  0.00000000E+00
   0.22031900E+15  0.27247080E+34  0.12997420E+00  0.36512662E-01  0.00000000E+00  0.96348734E+00  0.36512662E-01  0.00000000E+00  0.00000000E+00  0.00000000E+00  0.00000000E+00  0.70000000E+00  0.70000000E+00  0.00000000E+00  0.00000000E+00  0.00000000E+00  0.00000000E+00
   0.21660850E+15  0.25910930E+34  0.12781420E+00  0.35971488E-01  0.00000000E+00  0.96402851E+00  0.35971488E-01  0.00000000E+00  0.00000000E+00  0.00000000E+00  0.00000000E+00  0.70000000E+00  0.70000000E+00  0.00000000E+00  0.00000000E+00  0.00000000E+00  0.00000000E+00
   0.21296210E+15  0.24642450E+34  0.12569020E+00  0.35436693E-01  0.00000000E+00  0.96456331E+00  0.35436693E-01  0.00000000E+00  0.00000000E+00  0.00000000E+00  0.00000000E+00  0.70000000E+00  0.70000000E+00  0.00000000E+00  0.00000000E+00  0.00000000E+00  0.00000000E+00
   0.20937860E+15  0.23438250E+34  0.12360140E+00  0.34908294E-01  0.00000000E+00  0.96509171E+00  0.34908294E-01  0.00000000E+00  0.00000000E+00  0.00000000E+00  0.00000000E+00  0.70000000E+00  0.70000000E+00  0.00000000E+00  0.00000000E+00  0.00000000E+00  0.00000000E+00
   0.20585680E+15  0.22295120E+34  0.12154740E+00  0.34386223E-01  0.00000000E+00  0.96561378E+00  0.34386223E-01  0.00000000E+00  0.00000000E+00  0.00000000E+00  0.00000000E+00  0.70000000E+00  0.70000000E+00  0.00000000E+00  0.00000000E+00  0.00000000E+00  0.00000000E+00
   0.20239560E+15  0.21209990E+34  0.11952740E+00  0.33870485E-01  0.00000000E+00  0.96612952E+00  0.33870485E-01  0.00000000E+00  0.00000000E+00  0.00000000E+00  0.00000000E+00  0.70000000E+00  0.70000000E+00  0.00000000E+00  0.00000000E+00  0.00000000E+00  0.00000000E+00
   0.19899380E+15  0.20179960E+34  0.11754110E+00  0.33360986E-01  0.00000000E+00  0.96663901E+00  0.33360986E-01  0.00000000E+00  0.00000000E+00  0.00000000E+00  0.00000000E+00  0.70000000E+00  0.70000000E+00  0.00000000E+00  0.00000000E+00  0.00000000E+00  0.00000000E+00
   0.19565050E+15  0.19202260E+34  0.11558780E+00  0.32857724E-01  0.00000000E+00  0.96714228E+00  0.32857724E-01  0.00000000E+00  0.00000000E+00  0.00000000E+00  0.00000000E+00  0.70000000E+00  0.70000000E+00  0.00000000E+00  0.00000000E+00  0.00000000E+00  0.00000000E+00
   0.19236450E+15  0.18274240E+34  0.11366690E+00  0.32360661E-01  0.00000000E+00  0.96763934E+00  0.32360661E-01  0.00000000E+00  0.00000000E+00  0.00000000E+00  0.00000000E+00  0.70000000E+00  0.70000000E+00  0.00000000E+00  0.00000000E+00  0.00000000E+00  0.00000000E+00
   0.18913470E+15  0.17393410E+34  0.11177790E+00  0.31869770E-01  0.00000000E+00  0.96813023E+00  0.31869770E-01  0.00000000E+00  0.00000000E+00  0.00000000E+00  0.00000000E+00  0.70000000E+00  0.70000000E+00  0.00000000E+00  0.00000000E+00  0.00000000E+00  0.00000000E+00
   0.18596020E+15  0.16557380E+34  0.10992040E+00  0.31384957E-01  0.00000000E+00  0.96861504E+00  0.31384957E-01  0.00000000E+00  0.00000000E+00  0.00000000E+00  0.00000000E+00  0.70000000E+00  0.70000000E+00  0.00000000E+00  0.00000000E+00  0.00000000E+00  0.00000000E+00
   0.18284000E+15  0.15763870E+34  0.10809370E+00  0.30906242E-01  0.00000000E+00  0.96909376E+00  0.30906242E-01  0.00000000E+00  0.00000000E+00  0.00000000E+00  0.00000000E+00  0.70000000E+00  0.70000000E+00  0.00000000E+00  0.00000000E+00  0.00000000E+00  0.00000000E+00
   0.17977310E+15  0.15010750E+34  0.10629730E+00  0.30433576E-01  0.00000000E+00  0.96956642E+00  0.30433576E-01  0.00000000E+00  0.00000000E+00  0.00000000E+00  0.00000000E+00  0.70000000E+00  0.70000000E+00  0.00000000E+00  0.00000000E+00  0.00000000E+00  0.00000000E+00
   0.17675840E+15  0.14295940E+34  0.10453080E+00  0.29966881E-01  0.00000000E+00  0.97003312E+00  0.29966881E-01  0.00000000E+00  0.00000000E+00  0.00000000E+00  0.00000000E+00  0.70000000E+00  0.70000000E+00  0.00000000E+00  0.00000000E+00  0.00000000E+00  0.00000000E+00
   0.17379520E+15  0.13617520E+34  0.10279370E+00  0.29506127E-01  0.00000000E+00  0.97049387E+00  0.29506127E-01  0.00000000E+00  0.00000000E+00  0.00000000E+00  0.00000000E+00  0.70000000E+00  0.70000000E+00  0.00000000E+00  0.00000000E+00  0.00000000E+00  0.00000000E+00
   0.17088240E+15  0.12973630E+34  0.10108550E+00  0.29051278E-01  0.00000000E+00  0.97094872E+00  0.29051278E-01  0.00000000E+00  0.00000000E+00  0.00000000E+00  0.00000000E+00  0.70000000E+00  0.70000000E+00  0.00000000E+00  0.00000000E+00  0.00000000E+00  0.00000000E+00
   0.16801920E+15  0.12362490E+34  0.99405580E-01  0.28602318E-01  0.00000000E+00  0.97139768E+00  0.28602318E-01  0.00000000E+00  0.00000000E+00  0.00000000E+00  0.00000000E+00  0.70000000E+00  0.70000000E+00  0.00000000E+00  0.00000000E+00  0.00000000E+00  0.00000000E+00
   0.16520470E+15  0.11782450E+34  0.97753630E-01  0.28159169E-01  0.00000000E+00  0.97184083E+00  0.28159169E-01  0.00000000E+00  0.00000000E+00  0.00000000E+00  0.00000000E+00  0.70000000E+00  0.70000000E+00  0.00000000E+00  0.00000000E+00  0.00000000E+00  0.00000000E+00
   0.16243800E+15  0.11231920E+34  0.96129120E-01  0.27721787E-01  0.00000000E+00  0.97227821E+00  0.27721787E-01  0.00000000E+00  0.00000000E+00  0.00000000E+00  0.00000000E+00  0.70000000E+00  0.70000000E+00  0.00000000E+00  0.00000000E+00  0.00000000E+00  0.00000000E+00
   0.15971830E+15  0.10709380E+34  0.94531620E-01  0.27290138E-01  0.00000000E+00  0.97270986E+00  0.27290138E-01  0.00000000E+00  0.00000000E+00  0.00000000E+00  0.00000000E+00  0.70000000E+00  0.70000000E+00  0.00000000E+00  0.00000000E+00  0.00000000E+00  0.00000000E+00
   0.15704470E+15  0.10213390E+34  0.92960660E-01  0.26864181E-01  0.00000000E+00  0.97313582E+00  0.26864181E-01  0.00000000E+00  0.00000000E+00  0.00000000E+00  0.00000000E+00  0.70000000E+00  0.70000000E+00  0.00000000E+00  0.00000000E+00  0.00000000E+00  0.00000000E+00
   0.15441640E+15  0.97425990E+33  0.91415810E-01  0.26443861E-01  0.00000000E+00  0.97355614E+00  0.26443861E-01  0.00000000E+00  0.00000000E+00  0.00000000E+00  0.00000000E+00  0.70000000E+00  0.70000000E+00  0.00000000E+00  0.00000000E+00  0.00000000E+00  0.00000000E+00
   0.15183270E+15  0.92957070E+33  0.89896630E-01  0.26029129E-01  0.00000000E+00  0.97397087E+00  0.26029129E-01  0.00000000E+00  0.00000000E+00  0.00000000E+00  0.00000000E+00  0.70000000E+00  0.70000000E+00  0.00000000E+00  0.00000000E+00  0.00000000E+00  0.00000000E+00
   0.14929270E+15  0.88714850E+33  0.88402690E-01  0.25619956E-01  0.00000000E+00  0.97438004E+00  0.25619956E-01  0.00000000E+00  0.00000000E+00  0.00000000E+00  0.00000000E+00  0.70000000E+00  0.70000000E+00  0.00000000E+00  0.00000000E+00  0.00000000E+00  0.00000000E+00
   0.14679570E+15  0.84687630E+33  0.86933590E-01  0.25216271E-01  0.00000000E+00  0.97478373E+00  0.25216271E-01  0.00000000E+00  0.00000000E+00  0.00000000E+00  0.00000000E+00  0.70000000E+00  0.70000000E+00  0.00000000E+00  0.00000000E+00  0.00000000E+00  0.00000000E+00
   0.14434090E+15  0.80864350E+33  0.85488890E-01  0.24818044E-01  0.00000000E+00  0.97518196E+00  0.24818044E-01  0.00000000E+00  0.00000000E+00  0.00000000E+00  0.00000000E+00  0.70000000E+00  0.70000000E+00  0.00000000E+00  0.00000000E+00  0.00000000E+00  0.00000000E+00
   0.14192760E+15  0.77234450E+33  0.84068210E-01  0.24425226E-01  0.00000000E+00  0.97557477E+00  0.24425226E-01  0.00000000E+00  0.00000000E+00  0.00000000E+00  0.00000000E+00  0.70000000E+00  0.70000000E+00  0.00000000E+00  0.00000000E+00  0.00000000E+00  0.00000000E+00
   0.13955500E+15  0.73787940E+33  0.82671140E-01  0.24037748E-01  0.00000000E+00  0.97596225E+00  0.24037748E-01  0.00000000E+00  0.00000000E+00  0.00000000E+00  0.00000000E+00  0.70000000E+00  0.70000000E+00  0.00000000E+00  0.00000000E+00  0.00000000E+00  0.00000000E+00
   0.13722250E+15  0.71096660E+33  0.81297280E-01  0.23655588E-01  0.00000000E+00  0.97634441E+00  0.23655588E-01  0.00000000E+00  0.00000000E+00  0.00000000E+00  0.00000000E+00  0.70000000E+00  0.70000000E+00  0.00000000E+00  0.00000000E+00  0.00000000E+00  0.00000000E+00
   0.13492930E+15  0.68503960E+33  0.79946250E-01  0.23278703E-01  0.00000000E+00  0.97672130E+00  0.23278703E-01  0.00000000E+00  0.00000000E+00  0.00000000E+00  0.00000000E+00  0.70000000E+00  0.70000000E+00  0.00000000E+00  0.00000000E+00  0.00000000E+00  0.00000000E+00
   0.13267480E+15  0.66006180E+33  0.78617680E-01  0.22907010E-01  0.00000000E+00  0.97709299E+00  0.22907010E-01  0.00000000E+00  0.00000000E+00  0.00000000E+00  0.00000000E+00  0.70000000E+00  0.70000000E+00  0.00000000E+00  0.00000000E+00  0.00000000E+00  0.00000000E+00
4.681E+13		1.122E+32		2.780E-02		896		120		22
4.411E+13		1.021E+32		2.620E-02		896		120		22
4.379E+13		1.021E+32		2.601E-02		896		122		24
4.212E+13		9.613E+31		2.502E-02		896		122		24
3.741E+13		8.011E+31		2.223E-02		896		122		24
3.523E+13		7.311E+31		2.093E-02		896		122		24
3.493E+13		7.311E+31		2.076E-02		896		124		26
3.201E+13		6.409E+31		1.903E-02		896		124		26
2.810E+13		5.278E+31		1.671E-02		896		124		26
2.784E+13		5.278E+31		1.656E-02		896		126		28
2.613E+13		4.807E+31		1.554E-02		896		126		28
2.317E+13		4.028E+31		1.378E-02		896		126		28
2.287E+13		4.028E+31		1.360E-02		448		70		16
1.954E+13		3.204E+31		1.162E-02		448		70		16
1.866E+13		2.998E+31		1.110E-02		448		70		16
1.838E+13		2.998E+31		1.094E-02		448		76		18
1.531E+13		2.304E+31		9.112E-03		448		76		18
1.506E+13		2.304E+31		8.965E-03		448		82		20
1.275E+13		1.816E+31		7.594E-03		448		82		20
1.254E+13		1.816E+31		7.464E-03		448		88		22
1.148E+13		1.602E+31		6.835E-03		448		88		22
1.077E+13		1.463E+31		6.412E-03		448		88		22
1.057E+13		1.463E+31		6.296E-03		448		94		24
1.047E+13		1.442E+31		6.234E-03		448		94		24
9.633E+12		1.282E+31		5.738E-03		448		94		24
9.345E+12		1.228E+31		5.567E-03		448		94		24
8.980E+12		1.228E+31		5.349E-03		224		54		14
8.423E+12		1.122E+31		5.018E-03		224		54		14
7.551E+12		9.613E+30		4.499E-03		224		54		14
7.342E+12		9.239E+30		4.374E-03		224		54		14
7.041E+12		9.239E+30		4.196E-03		224		60		16
6.361E+12		8.011E+30		3.791E-03		224		60		16
5.915E+12		7.233E+30		3.525E-03		224		60		16
5.665E+12		7.233E+30		3.377E-03		224		66		18
5.196E+12		6.409E+30		3.097E-03		224		66		18
4.982E+12		6.044E+30		2.970E-03		224		66		18
4.379E+12		6.044E+30		2.610E-03		112		44		12
3.708E+12		4.807E+30		2.211E-03		112		44		12
3.648E+12		4.699E+30		2.175E-03		112		44		12
3.338E+12		4.699E+30		1.990E-03		112		50		14
2.871E+12		3.825E+30		1.712E-03		112		50		14
2.634E+12		3.825E+30		1.571E-03		112		56		16
2.319E+12		3.216E+30		1.383E-03		112		56		16
2.134E+12		3.216E+30		1.273E-03		112		62		18
1.911E+12		2.771E+30		1.141E-03		112		62		18
1.766E+12		2.771E+30		1.054E-03		112		68		20
1.702E+12		2.637E+30		1.016E-03		112		68		20
1.702E+12		2.637E+30		1.016E-03		112		68		20
1.455E+12		2.637E+30		8.682E-04		56		40		12
1.358E+12		2.403E+30		8.100E-04		56		40		12
1.294E+12		2.253E+30		7.721E-04		56		40		12
1.131E+12		2.253E+30		6.748E-04		56		46		14
1.026E+12		1.980E+30		6.126E-04		56		46		14
9.075E+11		1.980E+30		5.418E-04		56		52		16
7.740E+11		1.602E+30		4.623E-04		56		52		16
7.151E+11		1.442E+30		4.272E-04		56		52		16
6.848E+11		1.361E+30		4.091E-04		56		52		16
6.110E+11		1.361E+30		3.651E-04		56		56		18
5.840E+11		1.282E+30		3.490E-04		56		56		18
5.282E+11		1.122E+30		3.158E-04		56		56		18
4.705E+11		9.613E+29		2.813E-04		56		56		18
4.102E+11		8.011E+29		2.454E-04		56		56		18
3.469E+11		6.409E+29		2.076E-04		56		56		18
2.795E+11		4.807E+29		1.673E-04		56		56		18
2.769E+11		4.747E+29		1.657E-04		56		56		18
2.496E+11		4.747E+29		1.494E-04		56		56		20
1.858E+11		3.204E+29		1.113E-04		56		56		20
1.497E+11		2.403E+29		8.971E-05		56		56		20
1.104E+11		1.602E+29		6.619E-05		56		56		20
1.020E+11		1.442E+29		6.117E-05		56		56		20
9.337E+10		1.282E+29		5.600E-05		56		56		20
8.619E+10		1.152E+29		5.170E-05		56		56		20
7.848E+10		1.152E+29		4.708E-05		56		56		22
7.691E+10		1.122E+29		4.614E-05		56		56		22
6.851E+10		9.613E+28		4.110E-05		56		56		22
5.975E+10		8.011E+28		3.585E-05		56		56		22
5.053E+10		6.409E+28		3.033E-05		56		56		22
4.072E+10		4.807E+28		2.445E-05		56		56		22
3.004E+10		3.204E+28		1.804E-05		56		56		22
2.421E+10		2.403E+28		1.455E-05		56		56		22
1.786E+10		1.602E+28		1.074E-05		56		56		22
1.651E+10		1.442E+28		9.921E-06		56		56		22
1.511E+10		1.282E+28		9.083E-06		56		56		22
1.367E+10		1.122E+28		8.219E-06		56		56		22
1.218E+10		9.613E+27		7.323E-06		56		56		22
1.214E+10		9.569E+27		7.298E-06		56		56		22
1.115E+10		9.569E+27		6.701E-06		56		56		24
9.756E+09		8.011E+27		5.866E-06		56		56		24
9.756E+09		8.011E+27		5.866E-06		56		56		24
8.254E+09		6.409E+27		4.964E-06		56		56		24
6.654E+09		4.807E+27		4.003E-06		56		56		24
4.912E+09		3.204E+27		2.956E-06		56		56		24
3.961E+09		2.403E+27		2.384E-06		56		56		24
2.925E+09		1.602E+27		1.761E-06		56		56		24
2.704E+09		1.442E+27		1.627E-06		56		56		24
2.476E+09		1.282E+27		1.490E-06		56		56		24
2.241E+09		1.122E+27		1.349E-06		56		56		24
1.997E+09		9.613E+26		1.202E-06		56		56		24
1.743E+09		8.011E+26		1.050E-06		56		56		24
1.495E+09		6.517E+26		8.999E-07		56		56		24
1.382E+09		6.517E+26		8.320E-07		56		56		26
1.365E+09		6.409E+26		8.217E-07		56		56		26
1.101E+09		4.807E+26		6.632E-07		56		56		26
8.145E+08		3.204E+26		4.905E-07		56		56		26
6.577E+08		2.403E+26		3.961E-07		56		56		26
5.573E+08		1.923E+26		3.357E-07		56		56		26
4.868E+08		1.602E+26		2.932E-07		56		56		26
4.503E+08		1.442E+26		2.712E-07		56		56		26
4.127E+08		1.282E+26		2.486E-07		56		56		26
3.738E+08		1.122E+26		2.252E-07		56		56		26
3.336E+08		9.613E+25		2.010E-07		56		56		26
2.916E+08		8.011E+25		1.757E-07		56		56		26
2.473E+08		6.409E+25		1.490E-07		56		56		26
2.001E+08		4.807E+25		1.206E-07		56		56		26
1.487E+08		3.204E+25		8.957E-08		56		56		26
1.205E+08		2.403E+25		7.259E-08		56		56		26
1.024E+08		1.923E+25		6.169E-08		56		56		26
8.966E+07		1.602E+25		5.404E-08		56		56		26
7.017E+07      1.141E+25      4.226E-08      56.       56.       26.
4.125E+07      5.446E+24      2.484E-08      56.       56.       26.
2.424E+07      2.576E+24      1.460E-08      56.       56.       26.
1.425E+07      1.205E+24      8.583E-09      56.       56.       26.
8.377E+06      5.561E+23      5.045E-09      56.       56.       26.
4.924E+06      2.529E+23      2.966E-09      56.       56.       26.
2.894E+06      1.132E+23      1.743E-09      56.       56.       26.
1.701E+06      4.983E+22      1.025E-09      56.       56.       26.
1.000E+06      2.159E+22      6.023E-10      56.       56.       26.
5.878E+05      9.218E+21      3.540E-10      56.       56.       26.
3.455E+05      3.882E+21      2.081E-10      56.       56.       26.
2.031E+05      1.615E+21      1.223E-10      56.       56.       26.
1.194E+05      6.639E+20      7.190E-11      56.       56.       26.
7.017E+04      2.700E+20      4.226E-11      56.       56.       26.
4.125E+04      1.086E+20      2.484E-11      56.       56.       26.
2.424E+04      4.319E+19      1.460E-11      56.       56.       26.
1.425E+04      1.693E+19      8.583E-12      56.       56.       26.
8.377E+03      6.528E+18      5.045E-12      56.       56.       26.
4.924E+03      2.460E+18      2.966E-12      56.       56.       26.
2.894E+03      8.985E+17      1.743E-12      56.       56.       26.
1.701E+03      3.127E+17      1.025E-12      56.       56.       26.
1.000E+03      1.003E+17      6.023E-13      56.       56.       26.


CRUST: from "Crust_EOS_Acc_Fe_pycno_HZ2008_3.dat": Fe compressed by accretion.
       (This one has pycno-nuclear reactions wholly allowed: 
        the EOS is basically the same when pycno are suppressed
