      6    246    185          Itext Imax Icore

      Akmal, Pandariphande & Ravenhall: A18 + dv + UIX* model (the best one)

     Rho          Press           nbar            Ye            Ymu             Yn              Yp            Yla            Ysm            Ys0            Ysp           mstp            mstn           mstla          mstsm          msts0         mstsp
    g/cm3         dyne/cm2        #/fm3         [A_cell]       [A_ion]          [Z]

  0.6204E+16     0.5027E+37     0.1910E+01     0.1878E+00     0.1713E+00     0.6409E+00     0.3591E+00     0.0000E+00     0.0000E+00     0.0000E+00     0.0000E+00     0.4027E+01     0.2464E+01     0.0000E+00     0.0000E+00     0.0000E+00     0.0000E+00
  0.6143E+16     0.4952E+37     0.1900E+01     0.1874E+00     0.1709E+00     0.6417E+00     0.3583E+00     0.0000E+00     0.0000E+00     0.0000E+00     0.0000E+00     0.3986E+01     0.2442E+01     0.0000E+00     0.0000E+00     0.0000E+00     0.0000E+00
  0.6082E+16     0.4878E+37     0.1890E+01     0.1870E+00     0.1705E+00     0.6425E+00     0.3575E+00     0.0000E+00     0.0000E+00     0.0000E+00     0.0000E+00     0.3945E+01     0.2420E+01     0.0000E+00     0.0000E+00     0.0000E+00     0.0000E+00
  0.6021E+16     0.4804E+37     0.1880E+01     0.1866E+00     0.1701E+00     0.6433E+00     0.3567E+00     0.0000E+00     0.0000E+00     0.0000E+00     0.0000E+00     0.3904E+01     0.2399E+01     0.0000E+00     0.0000E+00     0.0000E+00     0.0000E+00
  0.5961E+16     0.4731E+37     0.1870E+01     0.1863E+00     0.1696E+00     0.6441E+00     0.3559E+00     0.0000E+00     0.0000E+00     0.0000E+00     0.0000E+00     0.3863E+01     0.2377E+01     0.0000E+00     0.0000E+00     0.0000E+00     0.0000E+00
  0.5901E+16     0.4659E+37     0.1860E+01     0.1859E+00     0.1692E+00     0.6450E+00     0.3550E+00     0.0000E+00     0.0000E+00     0.0000E+00     0.0000E+00     0.3823E+01     0.2356E+01     0.0000E+00     0.0000E+00     0.0000E+00     0.0000E+00
  0.5841E+16     0.4587E+37     0.1850E+01     0.1855E+00     0.1687E+00     0.6458E+00     0.3542E+00     0.0000E+00     0.0000E+00     0.0000E+00     0.0000E+00     0.3783E+01     0.2334E+01     0.0000E+00     0.0000E+00     0.0000E+00     0.0000E+00
  0.5782E+16     0.4516E+37     0.1840E+01     0.1851E+00     0.1683E+00     0.6466E+00     0.3534E+00     0.0000E+00     0.0000E+00     0.0000E+00     0.0000E+00     0.3743E+01     0.2313E+01     0.0000E+00     0.0000E+00     0.0000E+00     0.0000E+00
  0.5724E+16     0.4446E+37     0.1830E+01     0.1847E+00     0.1679E+00     0.6474E+00     0.3525E+00     0.0000E+00     0.0000E+00     0.0000E+00     0.0000E+00     0.3703E+01     0.2292E+01     0.0000E+00     0.0000E+00     0.0000E+00     0.0000E+00
  0.5666E+16     0.4377E+37     0.1820E+01     0.1843E+00     0.1674E+00     0.6483E+00     0.3517E+00     0.0000E+00     0.0000E+00     0.0000E+00     0.0000E+00     0.3664E+01     0.2271E+01     0.0000E+00     0.0000E+00     0.0000E+00     0.0000E+00
  0.5608E+16     0.4308E+37     0.1810E+01     0.1839E+00     0.1670E+00     0.6492E+00     0.3508E+00     0.0000E+00     0.0000E+00     0.0000E+00     0.0000E+00     0.3625E+01     0.2251E+01     0.0000E+00     0.0000E+00     0.0000E+00     0.0000E+00
  0.5551E+16     0.4240E+37     0.1800E+01     0.1835E+00     0.1665E+00     0.6500E+00     0.3500E+00     0.0000E+00     0.0000E+00     0.0000E+00     0.0000E+00     0.3586E+01     0.2230E+01     0.0000E+00     0.0000E+00     0.0000E+00     0.0000E+00
  0.5494E+16     0.4173E+37     0.1790E+01     0.1831E+00     0.1661E+00     0.6509E+00     0.3491E+00     0.0000E+00     0.0000E+00     0.0000E+00     0.0000E+00     0.3548E+01     0.2210E+01     0.0000E+00     0.0000E+00     0.0000E+00     0.0000E+00
  0.5438E+16     0.4106E+37     0.1780E+01     0.1827E+00     0.1656E+00     0.6518E+00     0.3483E+00     0.0000E+00     0.0000E+00     0.0000E+00     0.0000E+00     0.3509E+01     0.2190E+01     0.0000E+00     0.0000E+00     0.0000E+00     0.0000E+00
  0.5382E+16     0.4040E+37     0.1770E+01     0.1822E+00     0.1651E+00     0.6526E+00     0.3474E+00     0.0000E+00     0.0000E+00     0.0000E+00     0.0000E+00     0.3471E+01     0.2170E+01     0.0000E+00     0.0000E+00     0.0000E+00     0.0000E+00
  0.5326E+16     0.3975E+37     0.1760E+01     0.1818E+00     0.1646E+00     0.6535E+00     0.3465E+00     0.0000E+00     0.0000E+00     0.0000E+00     0.0000E+00     0.3434E+01     0.2150E+01     0.0000E+00     0.0000E+00     0.0000E+00     0.0000E+00
  0.5271E+16     0.3911E+37     0.1750E+01     0.1814E+00     0.1642E+00     0.6544E+00     0.3456E+00     0.0000E+00     0.0000E+00     0.0000E+00     0.0000E+00     0.3396E+01     0.2130E+01     0.0000E+00     0.0000E+00     0.0000E+00     0.0000E+00
  0.5216E+16     0.3847E+37     0.1740E+01     0.1810E+00     0.1637E+00     0.6553E+00     0.3447E+00     0.0000E+00     0.0000E+00     0.0000E+00     0.0000E+00     0.3359E+01     0.2110E+01     0.0000E+00     0.0000E+00     0.0000E+00     0.0000E+00
  0.5162E+16     0.3784E+37     0.1730E+01     0.1806E+00     0.1632E+00     0.6562E+00     0.3438E+00     0.0000E+00     0.0000E+00     0.0000E+00     0.0000E+00     0.3322E+01     0.2091E+01     0.0000E+00     0.0000E+00     0.0000E+00     0.0000E+00
  0.5108E+16     0.3721E+37     0.1720E+01     0.1801E+00     0.1627E+00     0.6571E+00     0.3429E+00     0.0000E+00     0.0000E+00     0.0000E+00     0.0000E+00     0.3286E+01     0.2071E+01     0.0000E+00     0.0000E+00     0.0000E+00     0.0000E+00
  0.5054E+16     0.3659E+37     0.1710E+01     0.1797E+00     0.1623E+00     0.6581E+00     0.3419E+00     0.0000E+00     0.0000E+00     0.0000E+00     0.0000E+00     0.3249E+01     0.2052E+01     0.0000E+00     0.0000E+00     0.0000E+00     0.0000E+00
  0.5001E+16     0.3598E+37     0.1700E+01     0.1792E+00     0.1618E+00     0.6590E+00     0.3410E+00     0.0000E+00     0.0000E+00     0.0000E+00     0.0000E+00     0.3213E+01     0.2033E+01     0.0000E+00     0.0000E+00     0.0000E+00     0.0000E+00
  0.4948E+16     0.3538E+37     0.1690E+01     0.1788E+00     0.1613E+00     0.6599E+00     0.3401E+00     0.0000E+00     0.0000E+00     0.0000E+00     0.0000E+00     0.3177E+01     0.2014E+01     0.0000E+00     0.0000E+00     0.0000E+00     0.0000E+00
  0.4896E+16     0.3478E+37     0.1680E+01     0.1784E+00     0.1608E+00     0.6609E+00     0.3391E+00     0.0000E+00     0.0000E+00     0.0000E+00     0.0000E+00     0.3142E+01     0.1996E+01     0.0000E+00     0.0000E+00     0.0000E+00     0.0000E+00
  0.4844E+16     0.3419E+37     0.1670E+01     0.1779E+00     0.1603E+00     0.6618E+00     0.3382E+00     0.0000E+00     0.0000E+00     0.0000E+00     0.0000E+00     0.3106E+01     0.1977E+01     0.0000E+00     0.0000E+00     0.0000E+00     0.0000E+00
  0.4792E+16     0.3360E+37     0.1660E+01     0.1775E+00     0.1598E+00     0.6628E+00     0.3372E+00     0.0000E+00     0.0000E+00     0.0000E+00     0.0000E+00     0.3071E+01     0.1959E+01     0.0000E+00     0.0000E+00     0.0000E+00     0.0000E+00
  0.4741E+16     0.3303E+37     0.1650E+01     0.1770E+00     0.1593E+00     0.6637E+00     0.3363E+00     0.0000E+00     0.0000E+00     0.0000E+00     0.0000E+00     0.3036E+01     0.1940E+01     0.0000E+00     0.0000E+00     0.0000E+00     0.0000E+00
  0.4690E+16     0.3245E+37     0.1640E+01     0.1766E+00     0.1587E+00     0.6647E+00     0.3353E+00     0.0000E+00     0.0000E+00     0.0000E+00     0.0000E+00     0.3002E+01     0.1922E+01     0.0000E+00     0.0000E+00     0.0000E+00     0.0000E+00
  0.4640E+16     0.3189E+37     0.1630E+01     0.1761E+00     0.1582E+00     0.6657E+00     0.3343E+00     0.0000E+00     0.0000E+00     0.0000E+00     0.0000E+00     0.2968E+01     0.1904E+01     0.0000E+00     0.0000E+00     0.0000E+00     0.0000E+00
  0.4590E+16     0.3133E+37     0.1620E+01     0.1756E+00     0.1577E+00     0.6667E+00     0.3333E+00     0.0000E+00     0.0000E+00     0.0000E+00     0.0000E+00     0.2934E+01     0.1886E+01     0.0000E+00     0.0000E+00     0.0000E+00     0.0000E+00
  0.4540E+16     0.3078E+37     0.1610E+01     0.1751E+00     0.1572E+00     0.6677E+00     0.3323E+00     0.0000E+00     0.0000E+00     0.0000E+00     0.0000E+00     0.2900E+01     0.1869E+01     0.0000E+00     0.0000E+00     0.0000E+00     0.0000E+00
  0.4491E+16     0.3023E+37     0.1600E+01     0.1747E+00     0.1566E+00     0.6687E+00     0.3313E+00     0.0000E+00     0.0000E+00     0.0000E+00     0.0000E+00     0.2866E+01     0.1851E+01     0.0000E+00     0.0000E+00     0.0000E+00     0.0000E+00
  0.4442E+16     0.2969E+37     0.1590E+01     0.1742E+00     0.1561E+00     0.6697E+00     0.3303E+00     0.0000E+00     0.0000E+00     0.0000E+00     0.0000E+00     0.2833E+01     0.1834E+01     0.0000E+00     0.0000E+00     0.0000E+00     0.0000E+00
  0.4393E+16     0.2916E+37     0.1580E+01     0.1737E+00     0.1556E+00     0.6707E+00     0.3293E+00     0.0000E+00     0.0000E+00     0.0000E+00     0.0000E+00     0.2800E+01     0.1817E+01     0.0000E+00     0.0000E+00     0.0000E+00     0.0000E+00
  0.4345E+16     0.2863E+37     0.1570E+01     0.1732E+00     0.1550E+00     0.6718E+00     0.3282E+00     0.0000E+00     0.0000E+00     0.0000E+00     0.0000E+00     0.2768E+01     0.1799E+01     0.0000E+00     0.0000E+00     0.0000E+00     0.0000E+00
  0.4297E+16     0.2811E+37     0.1560E+01     0.1727E+00     0.1545E+00     0.6728E+00     0.3272E+00     0.0000E+00     0.0000E+00     0.0000E+00     0.0000E+00     0.2735E+01     0.1783E+01     0.0000E+00     0.0000E+00     0.0000E+00     0.0000E+00
  0.4250E+16     0.2760E+37     0.1550E+01     0.1722E+00     0.1539E+00     0.6738E+00     0.3262E+00     0.0000E+00     0.0000E+00     0.0000E+00     0.0000E+00     0.2703E+01     0.1766E+01     0.0000E+00     0.0000E+00     0.0000E+00     0.0000E+00
  0.4203E+16     0.2709E+37     0.1540E+01     0.1717E+00     0.1534E+00     0.6749E+00     0.3251E+00     0.0000E+00     0.0000E+00     0.0000E+00     0.0000E+00     0.2671E+01     0.1749E+01     0.0000E+00     0.0000E+00     0.0000E+00     0.0000E+00
  0.4156E+16     0.2659E+37     0.1530E+01     0.1712E+00     0.1528E+00     0.6760E+00     0.3240E+00     0.0000E+00     0.0000E+00     0.0000E+00     0.0000E+00     0.2640E+01     0.1733E+01     0.0000E+00     0.0000E+00     0.0000E+00     0.0000E+00
  0.4110E+16     0.2609E+37     0.1520E+01     0.1707E+00     0.1522E+00     0.6770E+00     0.3230E+00     0.0000E+00     0.0000E+00     0.0000E+00     0.0000E+00     0.2608E+01     0.1716E+01     0.0000E+00     0.0000E+00     0.0000E+00     0.0000E+00
  0.4064E+16     0.2560E+37     0.1510E+01     0.1702E+00     0.1517E+00     0.6781E+00     0.3219E+00     0.0000E+00     0.0000E+00     0.0000E+00     0.0000E+00     0.2577E+01     0.1700E+01     0.0000E+00     0.0000E+00     0.0000E+00     0.0000E+00
  0.4018E+16     0.2512E+37     0.1500E+01     0.1697E+00     0.1511E+00     0.6792E+00     0.3208E+00     0.0000E+00     0.0000E+00     0.0000E+00     0.0000E+00     0.2546E+01     0.1684E+01     0.0000E+00     0.0000E+00     0.0000E+00     0.0000E+00
  0.3973E+16     0.2464E+37     0.1490E+01     0.1692E+00     0.1505E+00     0.6803E+00     0.3197E+00     0.0000E+00     0.0000E+00     0.0000E+00     0.0000E+00     0.2516E+01     0.1668E+01     0.0000E+00     0.0000E+00     0.0000E+00     0.0000E+00
  0.3928E+16     0.2417E+37     0.1480E+01     0.1687E+00     0.1499E+00     0.6814E+00     0.3186E+00     0.0000E+00     0.0000E+00     0.0000E+00     0.0000E+00     0.2486E+01     0.1652E+01     0.0000E+00     0.0000E+00     0.0000E+00     0.0000E+00
  0.3884E+16     0.2370E+37     0.1470E+01     0.1681E+00     0.1493E+00     0.6825E+00     0.3175E+00     0.0000E+00     0.0000E+00     0.0000E+00     0.0000E+00     0.2456E+01     0.1637E+01     0.0000E+00     0.0000E+00     0.0000E+00     0.0000E+00
  0.3840E+16     0.2324E+37     0.1460E+01     0.1676E+00     0.1487E+00     0.6836E+00     0.3164E+00     0.0000E+00     0.0000E+00     0.0000E+00     0.0000E+00     0.2426E+01     0.1621E+01     0.0000E+00     0.0000E+00     0.0000E+00     0.0000E+00
  0.3796E+16     0.2279E+37     0.1450E+01     0.1671E+00     0.1481E+00     0.6848E+00     0.3152E+00     0.0000E+00     0.0000E+00     0.0000E+00     0.0000E+00     0.2396E+01     0.1606E+01     0.0000E+00     0.0000E+00     0.0000E+00     0.0000E+00
  0.3752E+16     0.2234E+37     0.1440E+01     0.1665E+00     0.1475E+00     0.6859E+00     0.3141E+00     0.0000E+00     0.0000E+00     0.0000E+00     0.0000E+00     0.2367E+01     0.1591E+01     0.0000E+00     0.0000E+00     0.0000E+00     0.0000E+00
  0.3709E+16     0.2189E+37     0.1430E+01     0.1660E+00     0.1469E+00     0.6871E+00     0.3129E+00     0.0000E+00     0.0000E+00     0.0000E+00     0.0000E+00     0.2338E+01     0.1576E+01     0.0000E+00     0.0000E+00     0.0000E+00     0.0000E+00
  0.3666E+16     0.2146E+37     0.1420E+01     0.1655E+00     0.1463E+00     0.6882E+00     0.3118E+00     0.0000E+00     0.0000E+00     0.0000E+00     0.0000E+00     0.2310E+01     0.1561E+01     0.0000E+00     0.0000E+00     0.0000E+00     0.0000E+00
  0.3624E+16     0.2103E+37     0.1410E+01     0.1649E+00     0.1457E+00     0.6894E+00     0.3106E+00     0.0000E+00     0.0000E+00     0.0000E+00     0.0000E+00     0.2281E+01     0.1547E+01     0.0000E+00     0.0000E+00     0.0000E+00     0.0000E+00
  0.3582E+16     0.2060E+37     0.1400E+01     0.1643E+00     0.1451E+00     0.6906E+00     0.3094E+00     0.0000E+00     0.0000E+00     0.0000E+00     0.0000E+00     0.2253E+01     0.1532E+01     0.0000E+00     0.0000E+00     0.0000E+00     0.0000E+00
  0.3540E+16     0.2018E+37     0.1390E+01     0.1638E+00     0.1444E+00     0.6918E+00     0.3082E+00     0.0000E+00     0.0000E+00     0.0000E+00     0.0000E+00     0.2225E+01     0.1518E+01     0.0000E+00     0.0000E+00     0.0000E+00     0.0000E+00
  0.3499E+16     0.1977E+37     0.1380E+01     0.1632E+00     0.1438E+00     0.6930E+00     0.3070E+00     0.0000E+00     0.0000E+00     0.0000E+00     0.0000E+00     0.2197E+01     0.1503E+01     0.0000E+00     0.0000E+00     0.0000E+00     0.0000E+00
  0.3457E+16     0.1936E+37     0.1370E+01     0.1626E+00     0.1432E+00     0.6942E+00     0.3058E+00     0.0000E+00     0.0000E+00     0.0000E+00     0.0000E+00     0.2170E+01     0.1489E+01     0.0000E+00     0.0000E+00     0.0000E+00     0.0000E+00
  0.3417E+16     0.1895E+37     0.1360E+01     0.1621E+00     0.1425E+00     0.6954E+00     0.3046E+00     0.0000E+00     0.0000E+00     0.0000E+00     0.0000E+00     0.2143E+01     0.1475E+01     0.0000E+00     0.0000E+00     0.0000E+00     0.0000E+00
  0.3376E+16     0.1856E+37     0.1350E+01     0.1615E+00     0.1419E+00     0.6966E+00     0.3034E+00     0.0000E+00     0.0000E+00     0.0000E+00     0.0000E+00     0.2116E+01     0.1462E+01     0.0000E+00     0.0000E+00     0.0000E+00     0.0000E+00
  0.3336E+16     0.1816E+37     0.1340E+01     0.1609E+00     0.1412E+00     0.6979E+00     0.3021E+00     0.0000E+00     0.0000E+00     0.0000E+00     0.0000E+00     0.2090E+01     0.1448E+01     0.0000E+00     0.0000E+00     0.0000E+00     0.0000E+00
  0.3296E+16     0.1778E+37     0.1330E+01     0.1603E+00     0.1406E+00     0.6991E+00     0.3009E+00     0.0000E+00     0.0000E+00     0.0000E+00     0.0000E+00     0.2063E+01     0.1434E+01     0.0000E+00     0.0000E+00     0.0000E+00     0.0000E+00
  0.3257E+16     0.1739E+37     0.1320E+01     0.1597E+00     0.1399E+00     0.7004E+00     0.2996E+00     0.0000E+00     0.0000E+00     0.0000E+00     0.0000E+00     0.2037E+01     0.1421E+01     0.0000E+00     0.0000E+00     0.0000E+00     0.0000E+00
  0.3218E+16     0.1702E+37     0.1310E+01     0.1591E+00     0.1392E+00     0.7017E+00     0.2983E+00     0.0000E+00     0.0000E+00     0.0000E+00     0.0000E+00     0.2012E+01     0.1408E+01     0.0000E+00     0.0000E+00     0.0000E+00     0.0000E+00
  0.3179E+16     0.1665E+37     0.1300E+01     0.1585E+00     0.1385E+00     0.7029E+00     0.2971E+00     0.0000E+00     0.0000E+00     0.0000E+00     0.0000E+00     0.1986E+01     0.1395E+01     0.0000E+00     0.0000E+00     0.0000E+00     0.0000E+00
  0.3140E+16     0.1628E+37     0.1290E+01     0.1579E+00     0.1379E+00     0.7042E+00     0.2958E+00     0.0000E+00     0.0000E+00     0.0000E+00     0.0000E+00     0.1961E+01     0.1382E+01     0.0000E+00     0.0000E+00     0.0000E+00     0.0000E+00
  0.3102E+16     0.1592E+37     0.1280E+01     0.1573E+00     0.1372E+00     0.7055E+00     0.2945E+00     0.0000E+00     0.0000E+00     0.0000E+00     0.0000E+00     0.1936E+01     0.1369E+01     0.0000E+00     0.0000E+00     0.0000E+00     0.0000E+00
  0.3064E+16     0.1557E+37     0.1270E+01     0.1567E+00     0.1365E+00     0.7068E+00     0.2932E+00     0.0000E+00     0.0000E+00     0.0000E+00     0.0000E+00     0.1911E+01     0.1357E+01     0.0000E+00     0.0000E+00     0.0000E+00     0.0000E+00
  0.3026E+16     0.1522E+37     0.1260E+01     0.1560E+00     0.1358E+00     0.7082E+00     0.2918E+00     0.0000E+00     0.0000E+00     0.0000E+00     0.0000E+00     0.1887E+01     0.1344E+01     0.0000E+00     0.0000E+00     0.0000E+00     0.0000E+00
  0.2989E+16     0.1487E+37     0.1250E+01     0.1554E+00     0.1351E+00     0.7095E+00     0.2905E+00     0.0000E+00     0.0000E+00     0.0000E+00     0.0000E+00     0.1863E+01     0.1332E+01     0.0000E+00     0.0000E+00     0.0000E+00     0.0000E+00
  0.2952E+16     0.1453E+37     0.1240E+01     0.1548E+00     0.1344E+00     0.7108E+00     0.2892E+00     0.0000E+00     0.0000E+00     0.0000E+00     0.0000E+00     0.1839E+01     0.1320E+01     0.0000E+00     0.0000E+00     0.0000E+00     0.0000E+00
  0.2915E+16     0.1420E+37     0.1230E+01     0.1542E+00     0.1336E+00     0.7122E+00     0.2878E+00     0.0000E+00     0.0000E+00     0.0000E+00     0.0000E+00     0.1815E+01     0.1308E+01     0.0000E+00     0.0000E+00     0.0000E+00     0.0000E+00
  0.2879E+16     0.1387E+37     0.1220E+01     0.1535E+00     0.1329E+00     0.7136E+00     0.2864E+00     0.0000E+00     0.0000E+00     0.0000E+00     0.0000E+00     0.1792E+01     0.1296E+01     0.0000E+00     0.0000E+00     0.0000E+00     0.0000E+00
  0.2843E+16     0.1354E+37     0.1210E+01     0.1529E+00     0.1322E+00     0.7149E+00     0.2851E+00     0.0000E+00     0.0000E+00     0.0000E+00     0.0000E+00     0.1769E+01     0.1284E+01     0.0000E+00     0.0000E+00     0.0000E+00     0.0000E+00
  0.2807E+16     0.1322E+37     0.1200E+01     0.1522E+00     0.1315E+00     0.7163E+00     0.2837E+00     0.0000E+00     0.0000E+00     0.0000E+00     0.0000E+00     0.1746E+01     0.1273E+01     0.0000E+00     0.0000E+00     0.0000E+00     0.0000E+00
  0.2772E+16     0.1291E+37     0.1190E+01     0.1515E+00     0.1307E+00     0.7177E+00     0.2823E+00     0.0000E+00     0.0000E+00     0.0000E+00     0.0000E+00     0.1723E+01     0.1261E+01     0.0000E+00     0.0000E+00     0.0000E+00     0.0000E+00
  0.2736E+16     0.1260E+37     0.1180E+01     0.1509E+00     0.1300E+00     0.7192E+00     0.2808E+00     0.0000E+00     0.0000E+00     0.0000E+00     0.0000E+00     0.1701E+01     0.1250E+01     0.0000E+00     0.0000E+00     0.0000E+00     0.0000E+00
  0.2701E+16     0.1230E+37     0.1170E+01     0.1502E+00     0.1292E+00     0.7206E+00     0.2794E+00     0.0000E+00     0.0000E+00     0.0000E+00     0.0000E+00     0.1679E+01     0.1239E+01     0.0000E+00     0.0000E+00     0.0000E+00     0.0000E+00
  0.2667E+16     0.1200E+37     0.1160E+01     0.1495E+00     0.1285E+00     0.7220E+00     0.2780E+00     0.0000E+00     0.0000E+00     0.0000E+00     0.0000E+00     0.1657E+01     0.1228E+01     0.0000E+00     0.0000E+00     0.0000E+00     0.0000E+00
  0.2632E+16     0.1170E+37     0.1150E+01     0.1488E+00     0.1277E+00     0.7235E+00     0.2765E+00     0.0000E+00     0.0000E+00     0.0000E+00     0.0000E+00     0.1636E+01     0.1217E+01     0.0000E+00     0.0000E+00     0.0000E+00     0.0000E+00
  0.2598E+16     0.1141E+37     0.1140E+01     0.1482E+00     0.1269E+00     0.7249E+00     0.2751E+00     0.0000E+00     0.0000E+00     0.0000E+00     0.0000E+00     0.1614E+01     0.1207E+01     0.0000E+00     0.0000E+00     0.0000E+00     0.0000E+00
  0.2565E+16     0.1112E+37     0.1130E+01     0.1475E+00     0.1261E+00     0.7264E+00     0.2736E+00     0.0000E+00     0.0000E+00     0.0000E+00     0.0000E+00     0.1593E+01     0.1196E+01     0.0000E+00     0.0000E+00     0.0000E+00     0.0000E+00
  0.2531E+16     0.1084E+37     0.1120E+01     0.1468E+00     0.1253E+00     0.7279E+00     0.2721E+00     0.0000E+00     0.0000E+00     0.0000E+00     0.0000E+00     0.1573E+01     0.1186E+01     0.0000E+00     0.0000E+00     0.0000E+00     0.0000E+00
  0.2498E+16     0.1057E+37     0.1110E+01     0.1461E+00     0.1245E+00     0.7294E+00     0.2706E+00     0.0000E+00     0.0000E+00     0.0000E+00     0.0000E+00     0.1552E+01     0.1176E+01     0.0000E+00     0.0000E+00     0.0000E+00     0.0000E+00
  0.2465E+16     0.1030E+37     0.1100E+01     0.1454E+00     0.1237E+00     0.7309E+00     0.2691E+00     0.0000E+00     0.0000E+00     0.0000E+00     0.0000E+00     0.1532E+01     0.1166E+01     0.0000E+00     0.0000E+00     0.0000E+00     0.0000E+00
  0.2432E+16     0.1003E+37     0.1090E+01     0.1446E+00     0.1230E+00     0.7324E+00     0.2676E+00     0.0000E+00     0.0000E+00     0.0000E+00     0.0000E+00     0.1512E+01     0.1156E+01     0.0000E+00     0.0000E+00     0.0000E+00     0.0000E+00
  0.2400E+16     0.9767E+36     0.1080E+01     0.1439E+00     0.1221E+00     0.7340E+00     0.2660E+00     0.0000E+00     0.0000E+00     0.0000E+00     0.0000E+00     0.1493E+01     0.1146E+01     0.0000E+00     0.0000E+00     0.0000E+00     0.0000E+00
  0.2368E+16     0.9508E+36     0.1070E+01     0.1432E+00     0.1213E+00     0.7355E+00     0.2645E+00     0.0000E+00     0.0000E+00     0.0000E+00     0.0000E+00     0.1473E+01     0.1136E+01     0.0000E+00     0.0000E+00     0.0000E+00     0.0000E+00
  0.2336E+16     0.9255E+36     0.1060E+01     0.1424E+00     0.1205E+00     0.7371E+00     0.2629E+00     0.0000E+00     0.0000E+00     0.0000E+00     0.0000E+00     0.1454E+01     0.1127E+01     0.0000E+00     0.0000E+00     0.0000E+00     0.0000E+00
  0.2304E+16     0.9006E+36     0.1050E+01     0.1417E+00     0.1197E+00     0.7386E+00     0.2614E+00     0.0000E+00     0.0000E+00     0.0000E+00     0.0000E+00     0.1435E+01     0.1118E+01     0.0000E+00     0.0000E+00     0.0000E+00     0.0000E+00
  0.2273E+16     0.8761E+36     0.1040E+01     0.1410E+00     0.1188E+00     0.7402E+00     0.2598E+00     0.0000E+00     0.0000E+00     0.0000E+00     0.0000E+00     0.1417E+01     0.1109E+01     0.0000E+00     0.0000E+00     0.0000E+00     0.0000E+00
  0.2242E+16     0.8521E+36     0.1030E+01     0.1402E+00     0.1180E+00     0.7418E+00     0.2582E+00     0.0000E+00     0.0000E+00     0.0000E+00     0.0000E+00     0.1398E+01     0.1100E+01     0.0000E+00     0.0000E+00     0.0000E+00     0.0000E+00
  0.2211E+16     0.8285E+36     0.1020E+01     0.1394E+00     0.1171E+00     0.7435E+00     0.2566E+00     0.0000E+00     0.0000E+00     0.0000E+00     0.0000E+00     0.1380E+01     0.1091E+01     0.0000E+00     0.0000E+00     0.0000E+00     0.0000E+00
  0.2180E+16     0.8053E+36     0.1010E+01     0.1387E+00     0.1162E+00     0.7451E+00     0.2549E+00     0.0000E+00     0.0000E+00     0.0000E+00     0.0000E+00     0.1362E+01     0.1082E+01     0.0000E+00     0.0000E+00     0.0000E+00     0.0000E+00
  0.2150E+16     0.7826E+36     0.1000E+01     0.1379E+00     0.1154E+00     0.7467E+00     0.2533E+00     0.0000E+00     0.0000E+00     0.0000E+00     0.0000E+00     0.1345E+01     0.1073E+01     0.0000E+00     0.0000E+00     0.0000E+00     0.0000E+00
  0.2120E+16     0.7602E+36     0.9900E+00     0.1371E+00     0.1145E+00     0.7484E+00     0.2516E+00     0.0000E+00     0.0000E+00     0.0000E+00     0.0000E+00     0.1328E+01     0.1065E+01     0.0000E+00     0.0000E+00     0.0000E+00     0.0000E+00
  0.2090E+16     0.7383E+36     0.9800E+00     0.1363E+00     0.1136E+00     0.7500E+00     0.2500E+00     0.0000E+00     0.0000E+00     0.0000E+00     0.0000E+00     0.1311E+01     0.1057E+01     0.0000E+00     0.0000E+00     0.0000E+00     0.0000E+00
  0.2060E+16     0.7168E+36     0.9700E+00     0.1356E+00     0.1127E+00     0.7517E+00     0.2483E+00     0.0000E+00     0.0000E+00     0.0000E+00     0.0000E+00     0.1294E+01     0.1049E+01     0.0000E+00     0.0000E+00     0.0000E+00     0.0000E+00
  0.2031E+16     0.6958E+36     0.9600E+00     0.1348E+00     0.1118E+00     0.7534E+00     0.2466E+00     0.0000E+00     0.0000E+00     0.0000E+00     0.0000E+00     0.1277E+01     0.1041E+01     0.0000E+00     0.0000E+00     0.0000E+00     0.0000E+00
  0.2002E+16     0.6751E+36     0.9500E+00     0.1340E+00     0.1109E+00     0.7551E+00     0.2449E+00     0.0000E+00     0.0000E+00     0.0000E+00     0.0000E+00     0.1261E+01     0.1033E+01     0.0000E+00     0.0000E+00     0.0000E+00     0.0000E+00
  0.1973E+16     0.6548E+36     0.9400E+00     0.1331E+00     0.1100E+00     0.7569E+00     0.2431E+00     0.0000E+00     0.0000E+00     0.0000E+00     0.0000E+00     0.1245E+01     0.1025E+01     0.0000E+00     0.0000E+00     0.0000E+00     0.0000E+00
  0.1944E+16     0.6349E+36     0.9300E+00     0.1323E+00     0.1090E+00     0.7586E+00     0.2414E+00     0.0000E+00     0.0000E+00     0.0000E+00     0.0000E+00     0.1230E+01     0.1018E+01     0.0000E+00     0.0000E+00     0.0000E+00     0.0000E+00
  0.1916E+16     0.6155E+36     0.9200E+00     0.1315E+00     0.1081E+00     0.7604E+00     0.2396E+00     0.0000E+00     0.0000E+00     0.0000E+00     0.0000E+00     0.1214E+01     0.1011E+01     0.0000E+00     0.0000E+00     0.0000E+00     0.0000E+00
  0.1888E+16     0.5964E+36     0.9100E+00     0.1307E+00     0.1072E+00     0.7621E+00     0.2379E+00     0.0000E+00     0.0000E+00     0.0000E+00     0.0000E+00     0.1199E+01     0.1003E+01     0.0000E+00     0.0000E+00     0.0000E+00     0.0000E+00
  0.1860E+16     0.5777E+36     0.9000E+00     0.1298E+00     0.1062E+00     0.7639E+00     0.2361E+00     0.0000E+00     0.0000E+00     0.0000E+00     0.0000E+00     0.1184E+01     0.9963E+00     0.0000E+00     0.0000E+00     0.0000E+00     0.0000E+00
  0.1832E+16     0.5594E+36     0.8900E+00     0.1290E+00     0.1053E+00     0.7657E+00     0.2343E+00     0.0000E+00     0.0000E+00     0.0000E+00     0.0000E+00     0.1170E+01     0.9894E+00     0.0000E+00     0.0000E+00     0.0000E+00     0.0000E+00
  0.1805E+16     0.5415E+36     0.8800E+00     0.1281E+00     0.1043E+00     0.7675E+00     0.2324E+00     0.0000E+00     0.0000E+00     0.0000E+00     0.0000E+00     0.1155E+01     0.9827E+00     0.0000E+00     0.0000E+00     0.0000E+00     0.0000E+00
  0.1778E+16     0.5239E+36     0.8700E+00     0.1273E+00     0.1033E+00     0.7694E+00     0.2306E+00     0.0000E+00     0.0000E+00     0.0000E+00     0.0000E+00     0.1141E+01     0.9761E+00     0.0000E+00     0.0000E+00     0.0000E+00     0.0000E+00
  0.1751E+16     0.5068E+36     0.8600E+00     0.1264E+00     0.1023E+00     0.7712E+00     0.2288E+00     0.0000E+00     0.0000E+00     0.0000E+00     0.0000E+00     0.1128E+01     0.9697E+00     0.0000E+00     0.0000E+00     0.0000E+00     0.0000E+00
  0.1724E+16     0.4900E+36     0.8500E+00     0.1256E+00     0.1013E+00     0.7731E+00     0.2269E+00     0.0000E+00     0.0000E+00     0.0000E+00     0.0000E+00     0.1114E+01     0.9634E+00     0.0000E+00     0.0000E+00     0.0000E+00     0.0000E+00
  0.1697E+16     0.4735E+36     0.8400E+00     0.1247E+00     0.1003E+00     0.7750E+00     0.2250E+00     0.0000E+00     0.0000E+00     0.0000E+00     0.0000E+00     0.1101E+01     0.9572E+00     0.0000E+00     0.0000E+00     0.0000E+00     0.0000E+00
  0.1671E+16     0.4575E+36     0.8300E+00     0.1238E+00     0.9933E-01     0.7769E+00     0.2231E+00     0.0000E+00     0.0000E+00     0.0000E+00     0.0000E+00     0.1088E+01     0.9512E+00     0.0000E+00     0.0000E+00     0.0000E+00     0.0000E+00
  0.1645E+16     0.4417E+36     0.8200E+00     0.1229E+00     0.9831E-01     0.7788E+00     0.2212E+00     0.0000E+00     0.0000E+00     0.0000E+00     0.0000E+00     0.1075E+01     0.9454E+00     0.0000E+00     0.0000E+00     0.0000E+00     0.0000E+00
  0.1619E+16     0.4264E+36     0.8100E+00     0.1220E+00     0.9728E-01     0.7807E+00     0.2193E+00     0.0000E+00     0.0000E+00     0.0000E+00     0.0000E+00     0.1062E+01     0.9397E+00     0.0000E+00     0.0000E+00     0.0000E+00     0.0000E+00
  0.1593E+16     0.4114E+36     0.8000E+00     0.1211E+00     0.9624E-01     0.7827E+00     0.2173E+00     0.0000E+00     0.0000E+00     0.0000E+00     0.0000E+00     0.1020E+01     0.9205E+00     0.0000E+00     0.0000E+00     0.0000E+00     0.0000E+00
  0.1567E+16     0.3967E+36     0.7900E+00     0.1202E+00     0.9519E-01     0.7846E+00     0.2154E+00     0.0000E+00     0.0000E+00     0.0000E+00     0.0000E+00     0.1013E+01     0.9175E+00     0.0000E+00     0.0000E+00     0.0000E+00     0.0000E+00
  0.1542E+16     0.3824E+36     0.7800E+00     0.1192E+00     0.9413E-01     0.7866E+00     0.2134E+00     0.0000E+00     0.0000E+00     0.0000E+00     0.0000E+00     0.1006E+01     0.9145E+00     0.0000E+00     0.0000E+00     0.0000E+00     0.0000E+00
  0.1517E+16     0.3685E+36     0.7700E+00     0.1183E+00     0.9306E-01     0.7886E+00     0.2114E+00     0.0000E+00     0.0000E+00     0.0000E+00     0.0000E+00     0.9990E+00     0.9115E+00     0.0000E+00     0.0000E+00     0.0000E+00     0.0000E+00
  0.1492E+16     0.3548E+36     0.7600E+00     0.1174E+00     0.9198E-01     0.7906E+00     0.2094E+00     0.0000E+00     0.0000E+00     0.0000E+00     0.0000E+00     0.9919E+00     0.9084E+00     0.0000E+00     0.0000E+00     0.0000E+00     0.0000E+00
  0.1467E+16     0.3415E+36     0.7500E+00     0.1164E+00     0.9089E-01     0.7927E+00     0.2073E+00     0.0000E+00     0.0000E+00     0.0000E+00     0.0000E+00     0.9848E+00     0.9053E+00     0.0000E+00     0.0000E+00     0.0000E+00     0.0000E+00
  0.1443E+16     0.3285E+36     0.7400E+00     0.1155E+00     0.8979E-01     0.7947E+00     0.2053E+00     0.0000E+00     0.0000E+00     0.0000E+00     0.0000E+00     0.9776E+00     0.9022E+00     0.0000E+00     0.0000E+00     0.0000E+00     0.0000E+00
  0.1418E+16     0.3159E+36     0.7300E+00     0.1145E+00     0.8869E-01     0.7968E+00     0.2032E+00     0.0000E+00     0.0000E+00     0.0000E+00     0.0000E+00     0.9703E+00     0.8991E+00     0.0000E+00     0.0000E+00     0.0000E+00     0.0000E+00
  0.1394E+16     0.3036E+36     0.7200E+00     0.1135E+00     0.8757E-01     0.7989E+00     0.2011E+00     0.0000E+00     0.0000E+00     0.0000E+00     0.0000E+00     0.9630E+00     0.8960E+00     0.0000E+00     0.0000E+00     0.0000E+00     0.0000E+00
  0.1370E+16     0.2916E+36     0.7100E+00     0.1126E+00     0.8644E-01     0.8010E+00     0.1990E+00     0.0000E+00     0.0000E+00     0.0000E+00     0.0000E+00     0.9557E+00     0.8929E+00     0.0000E+00     0.0000E+00     0.0000E+00     0.0000E+00
  0.1347E+16     0.2799E+36     0.7000E+00     0.1116E+00     0.8530E-01     0.8031E+00     0.1969E+00     0.0000E+00     0.0000E+00     0.0000E+00     0.0000E+00     0.9484E+00     0.8898E+00     0.0000E+00     0.0000E+00     0.0000E+00     0.0000E+00
  0.1323E+16     0.2685E+36     0.6900E+00     0.1106E+00     0.8415E-01     0.8053E+00     0.1947E+00     0.0000E+00     0.0000E+00     0.0000E+00     0.0000E+00     0.9411E+00     0.8867E+00     0.0000E+00     0.0000E+00     0.0000E+00     0.0000E+00
  0.1300E+16     0.2574E+36     0.6800E+00     0.1096E+00     0.8299E-01     0.8074E+00     0.1926E+00     0.0000E+00     0.0000E+00     0.0000E+00     0.0000E+00     0.9337E+00     0.8837E+00     0.0000E+00     0.0000E+00     0.0000E+00     0.0000E+00
  0.1276E+16     0.2466E+36     0.6700E+00     0.1086E+00     0.8181E-01     0.8096E+00     0.1904E+00     0.0000E+00     0.0000E+00     0.0000E+00     0.0000E+00     0.9264E+00     0.8806E+00     0.0000E+00     0.0000E+00     0.0000E+00     0.0000E+00
  0.1253E+16     0.2362E+36     0.6600E+00     0.1075E+00     0.8063E-01     0.8118E+00     0.1882E+00     0.0000E+00     0.0000E+00     0.0000E+00     0.0000E+00     0.9191E+00     0.8777E+00     0.0000E+00     0.0000E+00     0.0000E+00     0.0000E+00
  0.1230E+16     0.2260E+36     0.6500E+00     0.1065E+00     0.7943E-01     0.8141E+00     0.1860E+00     0.0000E+00     0.0000E+00     0.0000E+00     0.0000E+00     0.9119E+00     0.8747E+00     0.0000E+00     0.0000E+00     0.0000E+00     0.0000E+00
  0.1208E+16     0.2161E+36     0.6400E+00     0.1055E+00     0.7823E-01     0.8163E+00     0.1837E+00     0.0000E+00     0.0000E+00     0.0000E+00     0.0000E+00     0.9047E+00     0.8719E+00     0.0000E+00     0.0000E+00     0.0000E+00     0.0000E+00
  0.1185E+16     0.2065E+36     0.6300E+00     0.1044E+00     0.7701E-01     0.8186E+00     0.1814E+00     0.0000E+00     0.0000E+00     0.0000E+00     0.0000E+00     0.8975E+00     0.8690E+00     0.0000E+00     0.0000E+00     0.0000E+00     0.0000E+00
  0.1163E+16     0.1972E+36     0.6200E+00     0.1034E+00     0.7578E-01     0.8208E+00     0.1792E+00     0.0000E+00     0.0000E+00     0.0000E+00     0.0000E+00     0.8904E+00     0.8663E+00     0.0000E+00     0.0000E+00     0.0000E+00     0.0000E+00
  0.1141E+16     0.1881E+36     0.6100E+00     0.1023E+00     0.7453E-01     0.8232E+00     0.1768E+00     0.0000E+00     0.0000E+00     0.0000E+00     0.0000E+00     0.8835E+00     0.8636E+00     0.0000E+00     0.0000E+00     0.0000E+00     0.0000E+00
  0.1118E+16     0.1794E+36     0.6000E+00     0.1012E+00     0.7328E-01     0.8255E+00     0.1745E+00     0.0000E+00     0.0000E+00     0.0000E+00     0.0000E+00     0.8766E+00     0.8610E+00     0.0000E+00     0.0000E+00     0.0000E+00     0.0000E+00
  0.1097E+16     0.1709E+36     0.5900E+00     0.1002E+00     0.7201E-01     0.8278E+00     0.1722E+00     0.0000E+00     0.0000E+00     0.0000E+00     0.0000E+00     0.8698E+00     0.8584E+00     0.0000E+00     0.0000E+00     0.0000E+00     0.0000E+00
  0.1075E+16     0.1627E+36     0.5800E+00     0.9906E-01     0.7073E-01     0.8302E+00     0.1698E+00     0.0000E+00     0.0000E+00     0.0000E+00     0.0000E+00     0.8631E+00     0.8560E+00     0.0000E+00     0.0000E+00     0.0000E+00     0.0000E+00
  0.1053E+16     0.1547E+36     0.5700E+00     0.9796E-01     0.6944E-01     0.8326E+00     0.1674E+00     0.0000E+00     0.0000E+00     0.0000E+00     0.0000E+00     0.8565E+00     0.8536E+00     0.0000E+00     0.0000E+00     0.0000E+00     0.0000E+00
  0.1032E+16     0.1470E+36     0.5600E+00     0.9685E-01     0.6813E-01     0.8350E+00     0.1650E+00     0.0000E+00     0.0000E+00     0.0000E+00     0.0000E+00     0.8501E+00     0.8514E+00     0.0000E+00     0.0000E+00     0.0000E+00     0.0000E+00
  0.1011E+16     0.1396E+36     0.5500E+00     0.9573E-01     0.6681E-01     0.8375E+00     0.1625E+00     0.0000E+00     0.0000E+00     0.0000E+00     0.0000E+00     0.8439E+00     0.8492E+00     0.0000E+00     0.0000E+00     0.0000E+00     0.0000E+00
  0.9895E+15     0.1324E+36     0.5400E+00     0.9460E-01     0.6548E-01     0.8399E+00     0.1601E+00     0.0000E+00     0.0000E+00     0.0000E+00     0.0000E+00     0.8377E+00     0.8472E+00     0.0000E+00     0.0000E+00     0.0000E+00     0.0000E+00
  0.9685E+15     0.1254E+36     0.5300E+00     0.9346E-01     0.6413E-01     0.8424E+00     0.1576E+00     0.0000E+00     0.0000E+00     0.0000E+00     0.0000E+00     0.8318E+00     0.8452E+00     0.0000E+00     0.0000E+00     0.0000E+00     0.0000E+00
  0.9477E+15     0.1187E+36     0.5200E+00     0.9231E-01     0.6277E-01     0.8449E+00     0.1551E+00     0.0000E+00     0.0000E+00     0.0000E+00     0.0000E+00     0.8260E+00     0.8434E+00     0.0000E+00     0.0000E+00     0.0000E+00     0.0000E+00
  0.9270E+15     0.1122E+36     0.5100E+00     0.9115E-01     0.6139E-01     0.8475E+00     0.1525E+00     0.0000E+00     0.0000E+00     0.0000E+00     0.0000E+00     0.8205E+00     0.8417E+00     0.0000E+00     0.0000E+00     0.0000E+00     0.0000E+00
  0.9064E+15     0.1060E+36     0.5000E+00     0.8998E-01     0.6000E-01     0.8500E+00     0.1500E+00     0.0000E+00     0.0000E+00     0.0000E+00     0.0000E+00     0.8151E+00     0.8402E+00     0.0000E+00     0.0000E+00     0.0000E+00     0.0000E+00
  0.8860E+15     0.1000E+36     0.4900E+00     0.8881E-01     0.5860E-01     0.8526E+00     0.1474E+00     0.0000E+00     0.0000E+00     0.0000E+00     0.0000E+00     0.8099E+00     0.8388E+00     0.0000E+00     0.0000E+00     0.0000E+00     0.0000E+00
  0.8657E+15     0.9424E+35     0.4800E+00     0.8762E-01     0.5718E-01     0.8552E+00     0.1448E+00     0.0000E+00     0.0000E+00     0.0000E+00     0.0000E+00     0.8050E+00     0.8375E+00     0.0000E+00     0.0000E+00     0.0000E+00     0.0000E+00
  0.8456E+15     0.8869E+35     0.4700E+00     0.8642E-01     0.5574E-01     0.8578E+00     0.1422E+00     0.0000E+00     0.0000E+00     0.0000E+00     0.0000E+00     0.8003E+00     0.8363E+00     0.0000E+00     0.0000E+00     0.0000E+00     0.0000E+00
  0.8255E+15     0.8336E+35     0.4600E+00     0.8521E-01     0.5429E-01     0.8605E+00     0.1395E+00     0.0000E+00     0.0000E+00     0.0000E+00     0.0000E+00     0.7958E+00     0.8353E+00     0.0000E+00     0.0000E+00     0.0000E+00     0.0000E+00
  0.8056E+15     0.7824E+35     0.4500E+00     0.8399E-01     0.5282E-01     0.8632E+00     0.1368E+00     0.0000E+00     0.0000E+00     0.0000E+00     0.0000E+00     0.7916E+00     0.8345E+00     0.0000E+00     0.0000E+00     0.0000E+00     0.0000E+00
  0.7859E+15     0.7334E+35     0.4400E+00     0.8276E-01     0.5134E-01     0.8659E+00     0.1341E+00     0.0000E+00     0.0000E+00     0.0000E+00     0.0000E+00     0.7876E+00     0.8338E+00     0.0000E+00     0.0000E+00     0.0000E+00     0.0000E+00
  0.7662E+15     0.6864E+35     0.4300E+00     0.8152E-01     0.4984E-01     0.8686E+00     0.1314E+00     0.0000E+00     0.0000E+00     0.0000E+00     0.0000E+00     0.7839E+00     0.8333E+00     0.0000E+00     0.0000E+00     0.0000E+00     0.0000E+00
  0.7467E+15     0.6415E+35     0.4200E+00     0.8026E-01     0.4832E-01     0.8714E+00     0.1286E+00     0.0000E+00     0.0000E+00     0.0000E+00     0.0000E+00     0.7805E+00     0.8329E+00     0.0000E+00     0.0000E+00     0.0000E+00     0.0000E+00
  0.7272E+15     0.5985E+35     0.4100E+00     0.7900E-01     0.4679E-01     0.8742E+00     0.1258E+00     0.0000E+00     0.0000E+00     0.0000E+00     0.0000E+00     0.7774E+00     0.8327E+00     0.0000E+00     0.0000E+00     0.0000E+00     0.0000E+00
  0.7079E+15     0.5575E+35     0.4000E+00     0.7773E-01     0.4524E-01     0.8770E+00     0.1230E+00     0.0000E+00     0.0000E+00     0.0000E+00     0.0000E+00     0.7746E+00     0.8327E+00     0.0000E+00     0.0000E+00     0.0000E+00     0.0000E+00
  0.6887E+15     0.5183E+35     0.3900E+00     0.7644E-01     0.4367E-01     0.8799E+00     0.1201E+00     0.0000E+00     0.0000E+00     0.0000E+00     0.0000E+00     0.7721E+00     0.8328E+00     0.0000E+00     0.0000E+00     0.0000E+00     0.0000E+00
  0.6697E+15     0.4811E+35     0.3800E+00     0.7515E-01     0.4208E-01     0.8828E+00     0.1172E+00     0.0000E+00     0.0000E+00     0.0000E+00     0.0000E+00     0.7699E+00     0.8332E+00     0.0000E+00     0.0000E+00     0.0000E+00     0.0000E+00
  0.6507E+15     0.4456E+35     0.3700E+00     0.7384E-01     0.4048E-01     0.8857E+00     0.1143E+00     0.0000E+00     0.0000E+00     0.0000E+00     0.0000E+00     0.7680E+00     0.8337E+00     0.0000E+00     0.0000E+00     0.0000E+00     0.0000E+00
  0.6318E+15     0.4119E+35     0.3600E+00     0.7252E-01     0.3885E-01     0.8886E+00     0.1114E+00     0.0000E+00     0.0000E+00     0.0000E+00     0.0000E+00     0.7665E+00     0.8344E+00     0.0000E+00     0.0000E+00     0.0000E+00     0.0000E+00
  0.6130E+15     0.3799E+35     0.3500E+00     0.7119E-01     0.3721E-01     0.8916E+00     0.1084E+00     0.0000E+00     0.0000E+00     0.0000E+00     0.0000E+00     0.7654E+00     0.8353E+00     0.0000E+00     0.0000E+00     0.0000E+00     0.0000E+00
  0.5944E+15     0.3496E+35     0.3400E+00     0.6985E-01     0.3555E-01     0.8946E+00     0.1054E+00     0.0000E+00     0.0000E+00     0.0000E+00     0.0000E+00     0.7646E+00     0.8363E+00     0.0000E+00     0.0000E+00     0.0000E+00     0.0000E+00
  0.5758E+15     0.3210E+35     0.3300E+00     0.6849E-01     0.3387E-01     0.8976E+00     0.1024E+00     0.0000E+00     0.0000E+00     0.0000E+00     0.0000E+00     0.7641E+00     0.8376E+00     0.0000E+00     0.0000E+00     0.0000E+00     0.0000E+00
  0.5573E+15     0.2939E+35     0.3200E+00     0.6713E-01     0.3217E-01     0.9007E+00     0.9929E-01     0.0000E+00     0.0000E+00     0.0000E+00     0.0000E+00     0.7640E+00     0.8391E+00     0.0000E+00     0.0000E+00     0.0000E+00     0.0000E+00
  0.5389E+15     0.2684E+35     0.3100E+00     0.6575E-01     0.3045E-01     0.9038E+00     0.9620E-01     0.0000E+00     0.0000E+00     0.0000E+00     0.0000E+00     0.7643E+00     0.8408E+00     0.0000E+00     0.0000E+00     0.0000E+00     0.0000E+00
  0.5206E+15     0.2444E+35     0.3000E+00     0.6436E-01     0.2871E-01     0.9069E+00     0.9307E-01     0.0000E+00     0.0000E+00     0.0000E+00     0.0000E+00     0.7650E+00     0.8426E+00     0.0000E+00     0.0000E+00     0.0000E+00     0.0000E+00
  0.5024E+15     0.2219E+35     0.2900E+00     0.6296E-01     0.2695E-01     0.9101E+00     0.8991E-01     0.0000E+00     0.0000E+00     0.0000E+00     0.0000E+00     0.7661E+00     0.8447E+00     0.0000E+00     0.0000E+00     0.0000E+00     0.0000E+00
  0.4843E+15     0.2008E+35     0.2800E+00     0.6154E-01     0.2518E-01     0.9133E+00     0.8672E-01     0.0000E+00     0.0000E+00     0.0000E+00     0.0000E+00     0.7676E+00     0.8470E+00     0.0000E+00     0.0000E+00     0.0000E+00     0.0000E+00
  0.4662E+15     0.1811E+35     0.2700E+00     0.6012E-01     0.2338E-01     0.9165E+00     0.8350E-01     0.0000E+00     0.0000E+00     0.0000E+00     0.0000E+00     0.7696E+00     0.8495E+00     0.0000E+00     0.0000E+00     0.0000E+00     0.0000E+00
  0.4482E+15     0.1627E+35     0.2600E+00     0.5868E-01     0.2157E-01     0.9197E+00     0.8025E-01     0.0000E+00     0.0000E+00     0.0000E+00     0.0000E+00     0.7719E+00     0.8522E+00     0.0000E+00     0.0000E+00     0.0000E+00     0.0000E+00
  0.4303E+15     0.1456E+35     0.2500E+00     0.5723E-01     0.1974E-01     0.9230E+00     0.7697E-01     0.0000E+00     0.0000E+00     0.0000E+00     0.0000E+00     0.7747E+00     0.8551E+00     0.0000E+00     0.0000E+00     0.0000E+00     0.0000E+00
  0.4125E+15     0.1297E+35     0.2400E+00     0.5577E-01     0.1790E-01     0.9263E+00     0.7367E-01     0.0000E+00     0.0000E+00     0.0000E+00     0.0000E+00     0.7779E+00     0.8582E+00     0.0000E+00     0.0000E+00     0.0000E+00     0.0000E+00
  0.3947E+15     0.1150E+35     0.2300E+00     0.5430E-01     0.1604E-01     0.9297E+00     0.7034E-01     0.0000E+00     0.0000E+00     0.0000E+00     0.0000E+00     0.7815E+00     0.8616E+00     0.0000E+00     0.0000E+00     0.0000E+00     0.0000E+00
  0.3771E+15     0.1014E+35     0.2200E+00     0.5281E-01     0.1418E-01     0.9330E+00     0.6699E-01     0.0000E+00     0.0000E+00     0.0000E+00     0.0000E+00     0.7856E+00     0.8651E+00     0.0000E+00     0.0000E+00     0.0000E+00     0.0000E+00
  0.3594E+15     0.8901E+34     0.2100E+00     0.5131E-01     0.1231E-01     0.9364E+00     0.6362E-01     0.0000E+00     0.0000E+00     0.0000E+00     0.0000E+00     0.7902E+00     0.8689E+00     0.0000E+00     0.0000E+00     0.0000E+00     0.0000E+00
  0.3419E+15     0.7762E+34     0.2000E+00     0.4980E-01     0.1045E-01     0.9397E+00     0.6025E-01     0.0000E+00     0.0000E+00     0.0000E+00     0.0000E+00     0.7952E+00     0.8729E+00     0.0000E+00     0.0000E+00     0.0000E+00     0.0000E+00
  0.3244E+15     0.6725E+34     0.1900E+00     0.4828E-01     0.8596E-02     0.9431E+00     0.5687E-01     0.0000E+00     0.0000E+00     0.0000E+00     0.0000E+00     0.8006E+00     0.8771E+00     0.0000E+00     0.0000E+00     0.0000E+00     0.0000E+00
  0.3070E+15     0.5783E+34     0.1800E+00     0.4674E-01     0.6775E-02     0.9465E+00     0.5351E-01     0.0000E+00     0.0000E+00     0.0000E+00     0.0000E+00     0.8066E+00     0.8815E+00     0.0000E+00     0.0000E+00     0.0000E+00     0.0000E+00
  0.2896E+15     0.4933E+34     0.1700E+00     0.4518E-01     0.5005E-02     0.9498E+00     0.5019E-01     0.0000E+00     0.0000E+00     0.0000E+00     0.0000E+00     0.8130E+00     0.8861E+00     0.0000E+00     0.0000E+00     0.0000E+00     0.0000E+00
  0.2722E+15     0.4169E+34     0.1600E+00     0.4361E-01     0.3322E-02     0.9531E+00     0.4693E-01     0.0000E+00     0.0000E+00     0.0000E+00     0.0000E+00     0.8199E+00     0.8910E+00     0.0000E+00     0.0000E+00     0.0000E+00     0.0000E+00
  0.2550E+15     0.3485E+34     0.1500E+00     0.4200E-01     0.1790E-02     0.9562E+00     0.4379E-01     0.0000E+00     0.0000E+00     0.0000E+00     0.0000E+00     0.8272E+00     0.8960E+00     0.0000E+00     0.0000E+00     0.0000E+00     0.0000E+00
  0.2377E+15     0.2878E+34     0.1400E+00     0.4035E-01     0.5316E-03     0.9591E+00     0.4088E-01     0.0000E+00     0.0000E+00     0.0000E+00     0.0000E+00     0.8351E+00     0.9013E+00     0.0000E+00     0.0000E+00     0.0000E+00     0.0000E+00
  0.2205E+15     0.2336E+34     0.1300E+00     0.3858E-01     0.0000E+00     0.9614E+00     0.3858E-01     0.0000E+00     0.0000E+00     0.0000E+00     0.0000E+00     0.8433E+00     0.9067E+00     0.0000E+00     0.0000E+00     0.0000E+00     0.0000E+00
  0.2034E+15     0.1861E+34     0.1200E+00     0.3674E-01     0.0000E+00     0.9633E+00     0.3674E-01     0.0000E+00     0.0000E+00     0.0000E+00     0.0000E+00     0.8520E+00     0.9122E+00     0.0000E+00     0.0000E+00     0.0000E+00     0.0000E+00
  0.1863E+15     0.1455E+34     0.1100E+00     0.3497E-01     0.0000E+00     0.9650E+00     0.3497E-01     0.0000E+00     0.0000E+00     0.0000E+00     0.0000E+00     0.8613E+00     0.9181E+00     0.0000E+00     0.0000E+00     0.0000E+00     0.0000E+00
  0.1692E+15     0.1111E+34     0.1000E+00     0.3326E-01     0.0000E+00     0.9667E+00     0.3326E-01     0.0000E+00     0.0000E+00     0.0000E+00     0.0000E+00     0.8710E+00     0.9242E+00     0.0000E+00     0.0000E+00     0.0000E+00     0.0000E+00
  0.1522E+15     0.8264E+33     0.9000E-01     0.3164E-01     0.0000E+00     0.9684E+00     0.3164E-01     0.0000E+00     0.0000E+00     0.0000E+00     0.0000E+00     0.8814E+00     0.9305E+00     0.0000E+00     0.0000E+00     0.0000E+00     0.0000E+00
  0.1352E+15     0.5944E+33     0.8000E-01     0.3014E-01     0.0000E+00     0.9699E+00     0.3014E-01     0.0000E+00     0.0000E+00     0.0000E+00     0.0000E+00     0.8922E+00     0.9371E+00     0.0000E+00     0.0000E+00     0.0000E+00     0.0000E+00
  0.1182E+15     0.4102E+33     0.7000E-01     0.2878E-01     0.0000E+00     0.9712E+00     0.2878E-01     0.0000E+00     0.0000E+00     0.0000E+00     0.0000E+00     0.9037E+00     0.9440E+00     0.0000E+00     0.0000E+00     0.0000E+00     0.0000E+00
   8.011E+13        2.745E+32        4.750E-02	    1500     183     40
   3.432E+13        7.426E+31        2.040E-02	    1800     193     50
   1.496E+13        2.096E+31        8.910E-03	    1350     164     50 
   9.685E+12        1.107E+31        5.770E-03	    1100     161     50 
   6.257E+12        6.193E+30        3.730E-03	     950     159     50 
   2.665E+12        2.637E+30        1.590E-03	     500     117     40
   1.472E+12        1.695E+30        8.790E-04       320     116     40 
   1.004E+12        1.261E+30        6.000E-04	     250     116     40 
   6.692E+11        8.740E+29        4.000E-04	     200     116     40 
   5.409E+11        7.000E+29        3.234E-04	     180     116     40   \ Phase transition to the outer crust:
   3.935e+11        6.999e+29        2.355e-04       130     130     40   / pressure continuous but density jumps
   3.285e+11        5.816e+29        1.966e-04        88      88     28
   2.635e+11        4.473e+29        1.578e-04        86      86     28
   2.044e+11        3.290e+29        1.224e-04        84      84     28
   1.855e+11        2.892e+29       1.1115e-04        84      84     28
   1.711e+11        2.597e+29        1.025e-04        84      84     28
   1.390e+11        2.033e+29        8.331e-05        82      82     28
   1.076e+11        1.495e+29        6.455e-05        80      80     28
   8.335e+10        1.100e+29       5.0014e-05        78      78     28
   6.617e+10        8.089e+28        3.971e-05        78      78     28
   5.255e+10        5.949e+28       3.1545e-05        78      78     28
   4.172e+10        4.628e+28        2.506e-05        80      80     30
   3.314e+10        3.404e+28        1.990e-05        80      80     30
   2.631e+10        2.503e+28        1.581e-05        80      80     30
  2.1175e+10        1.938e+28       1.2725e-05        78      78     30
   1.660e+10        1.425e+28        9.981e-06        72      72     28
   1.273e+10        1.048e+28        7.653e-06        84      84     34
   1.011e+10        7.702e+27        6.077e-06        84      84     34
   8.025e+09        5.662e+27        4.827e-06        84      84     34
   6.602e+09        4.362e+27        3.971e-06        84      84     34
   4.074e+09        2.356e+27        2.452e-06        68      68     28
   2.570e+09        1.272e+27        1.547e-06        68      68     28
   1.621e+09        6.860e+26        9.761e-07        68      68     28
   1.288e+09        5.036e+26        7.753e-07        68      68     28
   1.045e+09        4.129e+26        6.294e-07        64      64     28
   8.301e+08        3.029e+26        5.000e-07        64      64     28
   5.237e+08        1.629e+26        3.155e-07        64      64     28
   3.304e+08        8.738e+25        1.990e-07        64      64     28
   2.624e+08        6.676e+25        1.581e-07        64      62     28
   1.315e+08        2.604e+25        7.924e-08        62      62     28
   6.589e+07        1.006e+25        3.972e-08        62      62     28
   3.302e+07        3.833e+24        1.990e-08        62      62     28
   1.655e+07        1.435e+24        9.976e-09        62      62     28
   8.293e+06        5.259e+23        5.000e-09        62      62     28
   6.588e+06        3.911e+23        3.972e-09        56      56     26
   2.622e+06        9.755e+22        1.581e-09        56      56     26
   1.044e+06        2.318e+22        6.294e-10        56      56     26
   4.156e+05        5.266e+21        2.506e-10        56      56     26
   1.654e+05        1.151e+21        9.976e-11        56      56     26
   6.587E+04        2.431E+20        3.972E-11        56      56     26
   2.622E+04        4.968E+19        1.581E-11        56      56     26
   1.044E+04        9.744E+18        6.295E-12        56      56     26
   1.150E+03        1.900E+17        6.930E-13        56      56     26
   2.120E+02        5.820E+15        1.270E-13        56      56     26
   4.510E+01        1.700E+14        2.720E-14        56      56     26
   1.640E+01        1.400E+13        9.900E-15        56      56     26
   1.160E+01        1.210E+12        6.990E-15        56      56     26
   8.150E+00        1.010E+11        4.910E-15        56      56     26
   7.900E+00        1.010E+10        4.760E-15        56      56     26
   7.860E+00        1.010E+09        4.730E-15        56      56     26
   7.800E+00        1.010E+08        4.700E-15        56      56     26




CRUST: from "Crust_EOS_Cat_HZD-NV.dat":
             Haensel-Zdunik-Dobaczewski below neutron drip
             Negele-Vautherin above neutron drip

******************************************************************************************************************************************************

CRUST-CORE BOUNDARY:the last line in the core is:

   Rho        Press       nbar       Ye
  g/cm3     dyne/cm2     #/fm3                  [A_cell]     [A_ion]      [Z]

1.5197E+14 9.2819E+32 9.0000E-02 3.1606E-02
 3.493E+13  7.311E+31  2.096E-02                  1127.        124.        26.

This garantees good match between Ye in the core (3.1606E-02) and the last one in the crust: Z= 32 A_cell=982 => Ye = 0.0326

******************************************************************************************************************************************************

These two lines are eliminated: phase transition to Pi^- condensate

 3.4147E+14 6.2938E+33 2.0000E-01 5.3463E-02 1.2461E-02 9.3408E-01 6.5924E-02 0.0000E+00 0.0000E+00 0.0000E+00 0.0000E+00 5.7017E-01 7.6464E-01 0.0000E+00 0.0000E+00 0.0000E+00 0.0000E+00
 3.2403E+14 7.7987E+33 1.9000E-01 5.2950E-02 1.1105E-02 9.3595E-01 6.4054E-02 0.0000E+00 0.0000E+00 0.0000E+00 0.0000E+00 5.8122E-01 7.7358E-01 0.0000E+00 0.0000E+00 0.0000E+00 0.0000E+00

These are the last lines calculated by Andrew Steiner, but cut-off to match with the crust:

 1.3499E+14 6.9528E+32 8.0000E-02 2.7937E-02 0.0000E+00 9.7206E-01 2.7936E-02 0.0000E+00 0.0000E+00 0.0000E+00 0.0000E+00 7.5316E-01 8.9216E-01 0.0000E+00 0.0000E+00 0.0000E+00 0.0000E+00
 1.1803e+14 5.1444e+32 7.0000e-02 2.4017e-02 0.0000e+00 9.7598e-01 2.4016e-02 0.0000e+00 0.0000e+00 0.0000e+00 0.0000e+00 7.7587e-01 9.0461e-01 0.0000e+00 0.0000e+00 0.0000e+00 0.0000e+00 
 1.0110e+14 3.7582e+32 6.0000e-02 1.9901e-02 0.0000e+00 9.8010e-01 1.9901e-02 0.0000e+00 0.0000e+00 0.0000e+00 0.0000e+00 8.0035e-01 9.1736e-01 0.0000e+00 0.0000e+00 0.0000e+00 0.0000e+00 
 8.4192e+13 2.7001e+32 5.0000e-02 1.5680e-02 0.0000e+00 9.8432e-01 1.5680e-02 0.0000e+00 0.0000e+00 0.0000e+00 0.0000e+00 8.2683e-01 9.3040e-01 0.0000e+00 0.0000e+00 0.0000e+00 0.0000e+00 
 6.7303e+13 1.8846e+32 4.0000e-02 1.1491e-02 0.0000e+00 9.8851e-01 1.1491e-02 0.0000e+00 0.0000e+00 0.0000e+00 0.0000e+00 8.5558e-01 9.4372e-01 0.0000e+00 0.0000e+00 0.0000e+00 0.0000e+00 
 5.0435e+13 1.2400e+32 3.0000e-02 7.5179e-03 0.0000e+00 9.9248e-01 7.5179e-03 0.0000e+00 0.0000e+00 0.0000e+00 0.0000e+00 8.8690e-01 9.5731e-01 0.0000e+00 0.0000e+00 0.0000e+00 0.0000e+00 
 3.3589e+13 7.1313e+31 2.0000e-02 4.0073e-03 0.0000e+00 9.9599e-01 4.0069e-03 0.0000e+00 0.0000e+00 0.0000e+00 0.0000e+00 9.2115e-01 9.7119e-01 0.0000e+00 0.0000e+00 0.0000e+00 0.0000e+00 




