      6    246    185          Itext Imax Icore

      Akmal, Pandariphande & Ravenhall: A18 + dv + UIX* model (the best one)

     Rho          Press           nbar            Ye            Ymu             Yn              Yp            Yla            Ysm            Ys0            Ysp           mstp            mstn           mstla          mstsm          msts0         mstsp
    g/cm3         dyne/cm2        #/fm3         [A_cell]       [A_ion]          [Z]

   0.62040000E+16  0.50270000E+37  0.19100000E+01  0.18780000E+00  0.17130000E+00  0.64090000E+00  0.35910000E+00  0.00000000E+00  0.00000000E+00  0.00000000E+00  0.00000000E+00  0.00000000E+00  0.00000000E+00  0.40270000E+01  0.24640000E+01  0.00000000E+00  0.00000000E+00  0.00000000E+00  0.00000000E+00  0.00000000E+00  0.00000000E+00
   0.61430000E+16  0.49520000E+37  0.19000000E+01  0.18740000E+00  0.17090000E+00  0.64170000E+00  0.35830000E+00  0.00000000E+00  0.00000000E+00  0.00000000E+00  0.00000000E+00  0.00000000E+00  0.00000000E+00  0.39860000E+01  0.24420000E+01  0.00000000E+00  0.00000000E+00  0.00000000E+00  0.00000000E+00  0.00000000E+00  0.00000000E+00
   0.60820000E+16  0.48780000E+37  0.18900000E+01  0.18700000E+00  0.17050000E+00  0.64250000E+00  0.35750000E+00  0.00000000E+00  0.00000000E+00  0.00000000E+00  0.00000000E+00  0.00000000E+00  0.00000000E+00  0.39450000E+01  0.24200000E+01  0.00000000E+00  0.00000000E+00  0.00000000E+00  0.00000000E+00  0.00000000E+00  0.00000000E+00
   0.60210000E+16  0.48040000E+37  0.18800000E+01  0.18660000E+00  0.17010000E+00  0.64330000E+00  0.35670000E+00  0.00000000E+00  0.00000000E+00  0.00000000E+00  0.00000000E+00  0.00000000E+00  0.00000000E+00  0.39040000E+01  0.23990000E+01  0.00000000E+00  0.00000000E+00  0.00000000E+00  0.00000000E+00  0.00000000E+00  0.00000000E+00
   0.59610000E+16  0.47310000E+37  0.18700000E+01  0.18630000E+00  0.16960000E+00  0.64410000E+00  0.35590000E+00  0.00000000E+00  0.00000000E+00  0.00000000E+00  0.00000000E+00  0.00000000E+00  0.00000000E+00  0.38630000E+01  0.23770000E+01  0.00000000E+00  0.00000000E+00  0.00000000E+00  0.00000000E+00  0.00000000E+00  0.00000000E+00
   0.59010000E+16  0.46590000E+37  0.18600000E+01  0.18590000E+00  0.16920000E+00  0.64500000E+00  0.35500000E+00  0.00000000E+00  0.00000000E+00  0.00000000E+00  0.00000000E+00  0.00000000E+00  0.00000000E+00  0.38230000E+01  0.23560000E+01  0.00000000E+00  0.00000000E+00  0.00000000E+00  0.00000000E+00  0.00000000E+00  0.00000000E+00
   0.58410000E+16  0.45870000E+37  0.18500000E+01  0.18550000E+00  0.16870000E+00  0.64580000E+00  0.35420000E+00  0.00000000E+00  0.00000000E+00  0.00000000E+00  0.00000000E+00  0.00000000E+00  0.00000000E+00  0.37830000E+01  0.23340000E+01  0.00000000E+00  0.00000000E+00  0.00000000E+00  0.00000000E+00  0.00000000E+00  0.00000000E+00
   0.57820000E+16  0.45160000E+37  0.18400000E+01  0.18510000E+00  0.16830000E+00  0.64660000E+00  0.35340000E+00  0.00000000E+00  0.00000000E+00  0.00000000E+00  0.00000000E+00  0.00000000E+00  0.00000000E+00  0.37430000E+01  0.23130000E+01  0.00000000E+00  0.00000000E+00  0.00000000E+00  0.00000000E+00  0.00000000E+00  0.00000000E+00
   0.57240000E+16  0.44460000E+37  0.18300000E+01  0.18470000E+00  0.16790000E+00  0.64740000E+00  0.35250000E+00  0.00000000E+00  0.00000000E+00  0.00000000E+00  0.00000000E+00  0.00000000E+00  0.00000000E+00  0.37030000E+01  0.22920000E+01  0.00000000E+00  0.00000000E+00  0.00000000E+00  0.00000000E+00  0.00000000E+00  0.00000000E+00
   0.56660000E+16  0.43770000E+37  0.18200000E+01  0.18430000E+00  0.16740000E+00  0.64830000E+00  0.35170000E+00  0.00000000E+00  0.00000000E+00  0.00000000E+00  0.00000000E+00  0.00000000E+00  0.00000000E+00  0.36640000E+01  0.22710000E+01  0.00000000E+00  0.00000000E+00  0.00000000E+00  0.00000000E+00  0.00000000E+00  0.00000000E+00
   0.56080000E+16  0.43080000E+37  0.18100000E+01  0.18390000E+00  0.16700000E+00  0.64920000E+00  0.35080000E+00  0.00000000E+00  0.00000000E+00  0.00000000E+00  0.00000000E+00  0.00000000E+00  0.00000000E+00  0.36250000E+01  0.22510000E+01  0.00000000E+00  0.00000000E+00  0.00000000E+00  0.00000000E+00  0.00000000E+00  0.00000000E+00
   0.55510000E+16  0.42400000E+37  0.18000000E+01  0.18350000E+00  0.16650000E+00  0.65000000E+00  0.35000000E+00  0.00000000E+00  0.00000000E+00  0.00000000E+00  0.00000000E+00  0.00000000E+00  0.00000000E+00  0.35860000E+01  0.22300000E+01  0.00000000E+00  0.00000000E+00  0.00000000E+00  0.00000000E+00  0.00000000E+00  0.00000000E+00
   0.54940000E+16  0.41730000E+37  0.17900000E+01  0.18310000E+00  0.16610000E+00  0.65090000E+00  0.34910000E+00  0.00000000E+00  0.00000000E+00  0.00000000E+00  0.00000000E+00  0.00000000E+00  0.00000000E+00  0.35480000E+01  0.22100000E+01  0.00000000E+00  0.00000000E+00  0.00000000E+00  0.00000000E+00  0.00000000E+00  0.00000000E+00
   0.54380000E+16  0.41060000E+37  0.17800000E+01  0.18270000E+00  0.16560000E+00  0.65180000E+00  0.34830000E+00  0.00000000E+00  0.00000000E+00  0.00000000E+00  0.00000000E+00  0.00000000E+00  0.00000000E+00  0.35090000E+01  0.21900000E+01  0.00000000E+00  0.00000000E+00  0.00000000E+00  0.00000000E+00  0.00000000E+00  0.00000000E+00
   0.53820000E+16  0.40400000E+37  0.17700000E+01  0.18220000E+00  0.16510000E+00  0.65260000E+00  0.34740000E+00  0.00000000E+00  0.00000000E+00  0.00000000E+00  0.00000000E+00  0.00000000E+00  0.00000000E+00  0.34710000E+01  0.21700000E+01  0.00000000E+00  0.00000000E+00  0.00000000E+00  0.00000000E+00  0.00000000E+00  0.00000000E+00
   0.53260000E+16  0.39750000E+37  0.17600000E+01  0.18180000E+00  0.16460000E+00  0.65350000E+00  0.34650000E+00  0.00000000E+00  0.00000000E+00  0.00000000E+00  0.00000000E+00  0.00000000E+00  0.00000000E+00  0.34340000E+01  0.21500000E+01  0.00000000E+00  0.00000000E+00  0.00000000E+00  0.00000000E+00  0.00000000E+00  0.00000000E+00
   0.52710000E+16  0.39110000E+37  0.17500000E+01  0.18140000E+00  0.16420000E+00  0.65440000E+00  0.34560000E+00  0.00000000E+00  0.00000000E+00  0.00000000E+00  0.00000000E+00  0.00000000E+00  0.00000000E+00  0.33960000E+01  0.21300000E+01  0.00000000E+00  0.00000000E+00  0.00000000E+00  0.00000000E+00  0.00000000E+00  0.00000000E+00
   0.52160000E+16  0.38470000E+37  0.17400000E+01  0.18100000E+00  0.16370000E+00  0.65530000E+00  0.34470000E+00  0.00000000E+00  0.00000000E+00  0.00000000E+00  0.00000000E+00  0.00000000E+00  0.00000000E+00  0.33590000E+01  0.21100000E+01  0.00000000E+00  0.00000000E+00  0.00000000E+00  0.00000000E+00  0.00000000E+00  0.00000000E+00
   0.51620000E+16  0.37840000E+37  0.17300000E+01  0.18060000E+00  0.16320000E+00  0.65620000E+00  0.34380000E+00  0.00000000E+00  0.00000000E+00  0.00000000E+00  0.00000000E+00  0.00000000E+00  0.00000000E+00  0.33220000E+01  0.20910000E+01  0.00000000E+00  0.00000000E+00  0.00000000E+00  0.00000000E+00  0.00000000E+00  0.00000000E+00
   0.51080000E+16  0.37210000E+37  0.17200000E+01  0.18010000E+00  0.16270000E+00  0.65710000E+00  0.34290000E+00  0.00000000E+00  0.00000000E+00  0.00000000E+00  0.00000000E+00  0.00000000E+00  0.00000000E+00  0.32860000E+01  0.20710000E+01  0.00000000E+00  0.00000000E+00  0.00000000E+00  0.00000000E+00  0.00000000E+00  0.00000000E+00
   0.50540000E+16  0.36590000E+37  0.17100000E+01  0.17970000E+00  0.16230000E+00  0.65810000E+00  0.34190000E+00  0.00000000E+00  0.00000000E+00  0.00000000E+00  0.00000000E+00  0.00000000E+00  0.00000000E+00  0.32490000E+01  0.20520000E+01  0.00000000E+00  0.00000000E+00  0.00000000E+00  0.00000000E+00  0.00000000E+00  0.00000000E+00
   0.50010000E+16  0.35980000E+37  0.17000000E+01  0.17920000E+00  0.16180000E+00  0.65900000E+00  0.34100000E+00  0.00000000E+00  0.00000000E+00  0.00000000E+00  0.00000000E+00  0.00000000E+00  0.00000000E+00  0.32130000E+01  0.20330000E+01  0.00000000E+00  0.00000000E+00  0.00000000E+00  0.00000000E+00  0.00000000E+00  0.00000000E+00
   0.49480000E+16  0.35380000E+37  0.16900000E+01  0.17880000E+00  0.16130000E+00  0.65990000E+00  0.34010000E+00  0.00000000E+00  0.00000000E+00  0.00000000E+00  0.00000000E+00  0.00000000E+00  0.00000000E+00  0.31770000E+01  0.20140000E+01  0.00000000E+00  0.00000000E+00  0.00000000E+00  0.00000000E+00  0.00000000E+00  0.00000000E+00
   0.48960000E+16  0.34780000E+37  0.16800000E+01  0.17840000E+00  0.16080000E+00  0.66090000E+00  0.33910000E+00  0.00000000E+00  0.00000000E+00  0.00000000E+00  0.00000000E+00  0.00000000E+00  0.00000000E+00  0.31420000E+01  0.19960000E+01  0.00000000E+00  0.00000000E+00  0.00000000E+00  0.00000000E+00  0.00000000E+00  0.00000000E+00
   0.48440000E+16  0.34190000E+37  0.16700000E+01  0.17790000E+00  0.16030000E+00  0.66180000E+00  0.33820000E+00  0.00000000E+00  0.00000000E+00  0.00000000E+00  0.00000000E+00  0.00000000E+00  0.00000000E+00  0.31060000E+01  0.19770000E+01  0.00000000E+00  0.00000000E+00  0.00000000E+00  0.00000000E+00  0.00000000E+00  0.00000000E+00
   0.47920000E+16  0.33600000E+37  0.16600000E+01  0.17750000E+00  0.15980000E+00  0.66280000E+00  0.33720000E+00  0.00000000E+00  0.00000000E+00  0.00000000E+00  0.00000000E+00  0.00000000E+00  0.00000000E+00  0.30710000E+01  0.19590000E+01  0.00000000E+00  0.00000000E+00  0.00000000E+00  0.00000000E+00  0.00000000E+00  0.00000000E+00
   0.47410000E+16  0.33030000E+37  0.16500000E+01  0.17700000E+00  0.15930000E+00  0.66370000E+00  0.33630000E+00  0.00000000E+00  0.00000000E+00  0.00000000E+00  0.00000000E+00  0.00000000E+00  0.00000000E+00  0.30360000E+01  0.19400000E+01  0.00000000E+00  0.00000000E+00  0.00000000E+00  0.00000000E+00  0.00000000E+00  0.00000000E+00
   0.46900000E+16  0.32450000E+37  0.16400000E+01  0.17660000E+00  0.15870000E+00  0.66470000E+00  0.33530000E+00  0.00000000E+00  0.00000000E+00  0.00000000E+00  0.00000000E+00  0.00000000E+00  0.00000000E+00  0.30020000E+01  0.19220000E+01  0.00000000E+00  0.00000000E+00  0.00000000E+00  0.00000000E+00  0.00000000E+00  0.00000000E+00
   0.46400000E+16  0.31890000E+37  0.16300000E+01  0.17610000E+00  0.15820000E+00  0.66570000E+00  0.33430000E+00  0.00000000E+00  0.00000000E+00  0.00000000E+00  0.00000000E+00  0.00000000E+00  0.00000000E+00  0.29680000E+01  0.19040000E+01  0.00000000E+00  0.00000000E+00  0.00000000E+00  0.00000000E+00  0.00000000E+00  0.00000000E+00
   0.45900000E+16  0.31330000E+37  0.16200000E+01  0.17560000E+00  0.15770000E+00  0.66670000E+00  0.33330000E+00  0.00000000E+00  0.00000000E+00  0.00000000E+00  0.00000000E+00  0.00000000E+00  0.00000000E+00  0.29340000E+01  0.18860000E+01  0.00000000E+00  0.00000000E+00  0.00000000E+00  0.00000000E+00  0.00000000E+00  0.00000000E+00
   0.45400000E+16  0.30780000E+37  0.16100000E+01  0.17510000E+00  0.15720000E+00  0.66770000E+00  0.33230000E+00  0.00000000E+00  0.00000000E+00  0.00000000E+00  0.00000000E+00  0.00000000E+00  0.00000000E+00  0.29000000E+01  0.18690000E+01  0.00000000E+00  0.00000000E+00  0.00000000E+00  0.00000000E+00  0.00000000E+00  0.00000000E+00
   0.44910000E+16  0.30230000E+37  0.16000000E+01  0.17470000E+00  0.15660000E+00  0.66870000E+00  0.33130000E+00  0.00000000E+00  0.00000000E+00  0.00000000E+00  0.00000000E+00  0.00000000E+00  0.00000000E+00  0.28660000E+01  0.18510000E+01  0.00000000E+00  0.00000000E+00  0.00000000E+00  0.00000000E+00  0.00000000E+00  0.00000000E+00
   0.44420000E+16  0.29690000E+37  0.15900000E+01  0.17420000E+00  0.15610000E+00  0.66970000E+00  0.33030000E+00  0.00000000E+00  0.00000000E+00  0.00000000E+00  0.00000000E+00  0.00000000E+00  0.00000000E+00  0.28330000E+01  0.18340000E+01  0.00000000E+00  0.00000000E+00  0.00000000E+00  0.00000000E+00  0.00000000E+00  0.00000000E+00
   0.43930000E+16  0.29160000E+37  0.15800000E+01  0.17370000E+00  0.15560000E+00  0.67070000E+00  0.32930000E+00  0.00000000E+00  0.00000000E+00  0.00000000E+00  0.00000000E+00  0.00000000E+00  0.00000000E+00  0.28000000E+01  0.18170000E+01  0.00000000E+00  0.00000000E+00  0.00000000E+00  0.00000000E+00  0.00000000E+00  0.00000000E+00
   0.43450000E+16  0.28630000E+37  0.15700000E+01  0.17320000E+00  0.15500000E+00  0.67180000E+00  0.32820000E+00  0.00000000E+00  0.00000000E+00  0.00000000E+00  0.00000000E+00  0.00000000E+00  0.00000000E+00  0.27680000E+01  0.17990000E+01  0.00000000E+00  0.00000000E+00  0.00000000E+00  0.00000000E+00  0.00000000E+00  0.00000000E+00
   0.42970000E+16  0.28110000E+37  0.15600000E+01  0.17270000E+00  0.15450000E+00  0.67280000E+00  0.32720000E+00  0.00000000E+00  0.00000000E+00  0.00000000E+00  0.00000000E+00  0.00000000E+00  0.00000000E+00  0.27350000E+01  0.17830000E+01  0.00000000E+00  0.00000000E+00  0.00000000E+00  0.00000000E+00  0.00000000E+00  0.00000000E+00
   0.42500000E+16  0.27600000E+37  0.15500000E+01  0.17220000E+00  0.15390000E+00  0.67380000E+00  0.32620000E+00  0.00000000E+00  0.00000000E+00  0.00000000E+00  0.00000000E+00  0.00000000E+00  0.00000000E+00  0.27030000E+01  0.17660000E+01  0.00000000E+00  0.00000000E+00  0.00000000E+00  0.00000000E+00  0.00000000E+00  0.00000000E+00
   0.42030000E+16  0.27090000E+37  0.15400000E+01  0.17170000E+00  0.15340000E+00  0.67490000E+00  0.32510000E+00  0.00000000E+00  0.00000000E+00  0.00000000E+00  0.00000000E+00  0.00000000E+00  0.00000000E+00  0.26710000E+01  0.17490000E+01  0.00000000E+00  0.00000000E+00  0.00000000E+00  0.00000000E+00  0.00000000E+00  0.00000000E+00
   0.41560000E+16  0.26590000E+37  0.15300000E+01  0.17120000E+00  0.15280000E+00  0.67600000E+00  0.32400000E+00  0.00000000E+00  0.00000000E+00  0.00000000E+00  0.00000000E+00  0.00000000E+00  0.00000000E+00  0.26400000E+01  0.17330000E+01  0.00000000E+00  0.00000000E+00  0.00000000E+00  0.00000000E+00  0.00000000E+00  0.00000000E+00
   0.41100000E+16  0.26090000E+37  0.15200000E+01  0.17070000E+00  0.15220000E+00  0.67700000E+00  0.32300000E+00  0.00000000E+00  0.00000000E+00  0.00000000E+00  0.00000000E+00  0.00000000E+00  0.00000000E+00  0.26080000E+01  0.17160000E+01  0.00000000E+00  0.00000000E+00  0.00000000E+00  0.00000000E+00  0.00000000E+00  0.00000000E+00
   0.40640000E+16  0.25600000E+37  0.15100000E+01  0.17020000E+00  0.15170000E+00  0.67810000E+00  0.32190000E+00  0.00000000E+00  0.00000000E+00  0.00000000E+00  0.00000000E+00  0.00000000E+00  0.00000000E+00  0.25770000E+01  0.17000000E+01  0.00000000E+00  0.00000000E+00  0.00000000E+00  0.00000000E+00  0.00000000E+00  0.00000000E+00
   0.40180000E+16  0.25120000E+37  0.15000000E+01  0.16970000E+00  0.15110000E+00  0.67920000E+00  0.32080000E+00  0.00000000E+00  0.00000000E+00  0.00000000E+00  0.00000000E+00  0.00000000E+00  0.00000000E+00  0.25460000E+01  0.16840000E+01  0.00000000E+00  0.00000000E+00  0.00000000E+00  0.00000000E+00  0.00000000E+00  0.00000000E+00
   0.39730000E+16  0.24640000E+37  0.14900000E+01  0.16920000E+00  0.15050000E+00  0.68030000E+00  0.31970000E+00  0.00000000E+00  0.00000000E+00  0.00000000E+00  0.00000000E+00  0.00000000E+00  0.00000000E+00  0.25160000E+01  0.16680000E+01  0.00000000E+00  0.00000000E+00  0.00000000E+00  0.00000000E+00  0.00000000E+00  0.00000000E+00
   0.39280000E+16  0.24170000E+37  0.14800000E+01  0.16870000E+00  0.14990000E+00  0.68140000E+00  0.31860000E+00  0.00000000E+00  0.00000000E+00  0.00000000E+00  0.00000000E+00  0.00000000E+00  0.00000000E+00  0.24860000E+01  0.16520000E+01  0.00000000E+00  0.00000000E+00  0.00000000E+00  0.00000000E+00  0.00000000E+00  0.00000000E+00
   0.38840000E+16  0.23700000E+37  0.14700000E+01  0.16810000E+00  0.14930000E+00  0.68250000E+00  0.31750000E+00  0.00000000E+00  0.00000000E+00  0.00000000E+00  0.00000000E+00  0.00000000E+00  0.00000000E+00  0.24560000E+01  0.16370000E+01  0.00000000E+00  0.00000000E+00  0.00000000E+00  0.00000000E+00  0.00000000E+00  0.00000000E+00
   0.38400000E+16  0.23240000E+37  0.14600000E+01  0.16760000E+00  0.14870000E+00  0.68360000E+00  0.31640000E+00  0.00000000E+00  0.00000000E+00  0.00000000E+00  0.00000000E+00  0.00000000E+00  0.00000000E+00  0.24260000E+01  0.16210000E+01  0.00000000E+00  0.00000000E+00  0.00000000E+00  0.00000000E+00  0.00000000E+00  0.00000000E+00
   0.37960000E+16  0.22790000E+37  0.14500000E+01  0.16710000E+00  0.14810000E+00  0.68480000E+00  0.31520000E+00  0.00000000E+00  0.00000000E+00  0.00000000E+00  0.00000000E+00  0.00000000E+00  0.00000000E+00  0.23960000E+01  0.16060000E+01  0.00000000E+00  0.00000000E+00  0.00000000E+00  0.00000000E+00  0.00000000E+00  0.00000000E+00
   0.37520000E+16  0.22340000E+37  0.14400000E+01  0.16650000E+00  0.14750000E+00  0.68590000E+00  0.31410000E+00  0.00000000E+00  0.00000000E+00  0.00000000E+00  0.00000000E+00  0.00000000E+00  0.00000000E+00  0.23670000E+01  0.15910000E+01  0.00000000E+00  0.00000000E+00  0.00000000E+00  0.00000000E+00  0.00000000E+00  0.00000000E+00
   0.37090000E+16  0.21890000E+37  0.14300000E+01  0.16600000E+00  0.14690000E+00  0.68710000E+00  0.31290000E+00  0.00000000E+00  0.00000000E+00  0.00000000E+00  0.00000000E+00  0.00000000E+00  0.00000000E+00  0.23380000E+01  0.15760000E+01  0.00000000E+00  0.00000000E+00  0.00000000E+00  0.00000000E+00  0.00000000E+00  0.00000000E+00
   0.36660000E+16  0.21460000E+37  0.14200000E+01  0.16550000E+00  0.14630000E+00  0.68820000E+00  0.31180000E+00  0.00000000E+00  0.00000000E+00  0.00000000E+00  0.00000000E+00  0.00000000E+00  0.00000000E+00  0.23100000E+01  0.15610000E+01  0.00000000E+00  0.00000000E+00  0.00000000E+00  0.00000000E+00  0.00000000E+00  0.00000000E+00
   0.36240000E+16  0.21030000E+37  0.14100000E+01  0.16490000E+00  0.14570000E+00  0.68940000E+00  0.31060000E+00  0.00000000E+00  0.00000000E+00  0.00000000E+00  0.00000000E+00  0.00000000E+00  0.00000000E+00  0.22810000E+01  0.15470000E+01  0.00000000E+00  0.00000000E+00  0.00000000E+00  0.00000000E+00  0.00000000E+00  0.00000000E+00
   0.35820000E+16  0.20600000E+37  0.14000000E+01  0.16430000E+00  0.14510000E+00  0.69060000E+00  0.30940000E+00  0.00000000E+00  0.00000000E+00  0.00000000E+00  0.00000000E+00  0.00000000E+00  0.00000000E+00  0.22530000E+01  0.15320000E+01  0.00000000E+00  0.00000000E+00  0.00000000E+00  0.00000000E+00  0.00000000E+00  0.00000000E+00
   0.35400000E+16  0.20180000E+37  0.13900000E+01  0.16380000E+00  0.14440000E+00  0.69180000E+00  0.30820000E+00  0.00000000E+00  0.00000000E+00  0.00000000E+00  0.00000000E+00  0.00000000E+00  0.00000000E+00  0.22250000E+01  0.15180000E+01  0.00000000E+00  0.00000000E+00  0.00000000E+00  0.00000000E+00  0.00000000E+00  0.00000000E+00
   0.34990000E+16  0.19770000E+37  0.13800000E+01  0.16320000E+00  0.14380000E+00  0.69300000E+00  0.30700000E+00  0.00000000E+00  0.00000000E+00  0.00000000E+00  0.00000000E+00  0.00000000E+00  0.00000000E+00  0.21970000E+01  0.15030000E+01  0.00000000E+00  0.00000000E+00  0.00000000E+00  0.00000000E+00  0.00000000E+00  0.00000000E+00
   0.34570000E+16  0.19360000E+37  0.13700000E+01  0.16260000E+00  0.14320000E+00  0.69420000E+00  0.30580000E+00  0.00000000E+00  0.00000000E+00  0.00000000E+00  0.00000000E+00  0.00000000E+00  0.00000000E+00  0.21700000E+01  0.14890000E+01  0.00000000E+00  0.00000000E+00  0.00000000E+00  0.00000000E+00  0.00000000E+00  0.00000000E+00
   0.34170000E+16  0.18950000E+37  0.13600000E+01  0.16210000E+00  0.14250000E+00  0.69540000E+00  0.30460000E+00  0.00000000E+00  0.00000000E+00  0.00000000E+00  0.00000000E+00  0.00000000E+00  0.00000000E+00  0.21430000E+01  0.14750000E+01  0.00000000E+00  0.00000000E+00  0.00000000E+00  0.00000000E+00  0.00000000E+00  0.00000000E+00
   0.33760000E+16  0.18560000E+37  0.13500000E+01  0.16150000E+00  0.14190000E+00  0.69660000E+00  0.30340000E+00  0.00000000E+00  0.00000000E+00  0.00000000E+00  0.00000000E+00  0.00000000E+00  0.00000000E+00  0.21160000E+01  0.14620000E+01  0.00000000E+00  0.00000000E+00  0.00000000E+00  0.00000000E+00  0.00000000E+00  0.00000000E+00
   0.33360000E+16  0.18160000E+37  0.13400000E+01  0.16090000E+00  0.14120000E+00  0.69790000E+00  0.30210000E+00  0.00000000E+00  0.00000000E+00  0.00000000E+00  0.00000000E+00  0.00000000E+00  0.00000000E+00  0.20900000E+01  0.14480000E+01  0.00000000E+00  0.00000000E+00  0.00000000E+00  0.00000000E+00  0.00000000E+00  0.00000000E+00
   0.32960000E+16  0.17780000E+37  0.13300000E+01  0.16030000E+00  0.14060000E+00  0.69910000E+00  0.30090000E+00  0.00000000E+00  0.00000000E+00  0.00000000E+00  0.00000000E+00  0.00000000E+00  0.00000000E+00  0.20630000E+01  0.14340000E+01  0.00000000E+00  0.00000000E+00  0.00000000E+00  0.00000000E+00  0.00000000E+00  0.00000000E+00
   0.32570000E+16  0.17390000E+37  0.13200000E+01  0.15970000E+00  0.13990000E+00  0.70040000E+00  0.29960000E+00  0.00000000E+00  0.00000000E+00  0.00000000E+00  0.00000000E+00  0.00000000E+00  0.00000000E+00  0.20370000E+01  0.14210000E+01  0.00000000E+00  0.00000000E+00  0.00000000E+00  0.00000000E+00  0.00000000E+00  0.00000000E+00
   0.32180000E+16  0.17020000E+37  0.13100000E+01  0.15910000E+00  0.13920000E+00  0.70170000E+00  0.29830000E+00  0.00000000E+00  0.00000000E+00  0.00000000E+00  0.00000000E+00  0.00000000E+00  0.00000000E+00  0.20120000E+01  0.14080000E+01  0.00000000E+00  0.00000000E+00  0.00000000E+00  0.00000000E+00  0.00000000E+00  0.00000000E+00
   0.31790000E+16  0.16650000E+37  0.13000000E+01  0.15850000E+00  0.13850000E+00  0.70290000E+00  0.29710000E+00  0.00000000E+00  0.00000000E+00  0.00000000E+00  0.00000000E+00  0.00000000E+00  0.00000000E+00  0.19860000E+01  0.13950000E+01  0.00000000E+00  0.00000000E+00  0.00000000E+00  0.00000000E+00  0.00000000E+00  0.00000000E+00
   0.31400000E+16  0.16280000E+37  0.12900000E+01  0.15790000E+00  0.13790000E+00  0.70420000E+00  0.29580000E+00  0.00000000E+00  0.00000000E+00  0.00000000E+00  0.00000000E+00  0.00000000E+00  0.00000000E+00  0.19610000E+01  0.13820000E+01  0.00000000E+00  0.00000000E+00  0.00000000E+00  0.00000000E+00  0.00000000E+00  0.00000000E+00
   0.31020000E+16  0.15920000E+37  0.12800000E+01  0.15730000E+00  0.13720000E+00  0.70550000E+00  0.29450000E+00  0.00000000E+00  0.00000000E+00  0.00000000E+00  0.00000000E+00  0.00000000E+00  0.00000000E+00  0.19360000E+01  0.13690000E+01  0.00000000E+00  0.00000000E+00  0.00000000E+00  0.00000000E+00  0.00000000E+00  0.00000000E+00
   0.30640000E+16  0.15570000E+37  0.12700000E+01  0.15670000E+00  0.13650000E+00  0.70680000E+00  0.29320000E+00  0.00000000E+00  0.00000000E+00  0.00000000E+00  0.00000000E+00  0.00000000E+00  0.00000000E+00  0.19110000E+01  0.13570000E+01  0.00000000E+00  0.00000000E+00  0.00000000E+00  0.00000000E+00  0.00000000E+00  0.00000000E+00
   0.30260000E+16  0.15220000E+37  0.12600000E+01  0.15600000E+00  0.13580000E+00  0.70820000E+00  0.29180000E+00  0.00000000E+00  0.00000000E+00  0.00000000E+00  0.00000000E+00  0.00000000E+00  0.00000000E+00  0.18870000E+01  0.13440000E+01  0.00000000E+00  0.00000000E+00  0.00000000E+00  0.00000000E+00  0.00000000E+00  0.00000000E+00
   0.29890000E+16  0.14870000E+37  0.12500000E+01  0.15540000E+00  0.13510000E+00  0.70950000E+00  0.29050000E+00  0.00000000E+00  0.00000000E+00  0.00000000E+00  0.00000000E+00  0.00000000E+00  0.00000000E+00  0.18630000E+01  0.13320000E+01  0.00000000E+00  0.00000000E+00  0.00000000E+00  0.00000000E+00  0.00000000E+00  0.00000000E+00
   0.29520000E+16  0.14530000E+37  0.12400000E+01  0.15480000E+00  0.13440000E+00  0.71080000E+00  0.28920000E+00  0.00000000E+00  0.00000000E+00  0.00000000E+00  0.00000000E+00  0.00000000E+00  0.00000000E+00  0.18390000E+01  0.13200000E+01  0.00000000E+00  0.00000000E+00  0.00000000E+00  0.00000000E+00  0.00000000E+00  0.00000000E+00
   0.29150000E+16  0.14200000E+37  0.12300000E+01  0.15420000E+00  0.13360000E+00  0.71220000E+00  0.28780000E+00  0.00000000E+00  0.00000000E+00  0.00000000E+00  0.00000000E+00  0.00000000E+00  0.00000000E+00  0.18150000E+01  0.13080000E+01  0.00000000E+00  0.00000000E+00  0.00000000E+00  0.00000000E+00  0.00000000E+00  0.00000000E+00
   0.28790000E+16  0.13870000E+37  0.12200000E+01  0.15350000E+00  0.13290000E+00  0.71360000E+00  0.28640000E+00  0.00000000E+00  0.00000000E+00  0.00000000E+00  0.00000000E+00  0.00000000E+00  0.00000000E+00  0.17920000E+01  0.12960000E+01  0.00000000E+00  0.00000000E+00  0.00000000E+00  0.00000000E+00  0.00000000E+00  0.00000000E+00
   0.28430000E+16  0.13540000E+37  0.12100000E+01  0.15290000E+00  0.13220000E+00  0.71490000E+00  0.28510000E+00  0.00000000E+00  0.00000000E+00  0.00000000E+00  0.00000000E+00  0.00000000E+00  0.00000000E+00  0.17690000E+01  0.12840000E+01  0.00000000E+00  0.00000000E+00  0.00000000E+00  0.00000000E+00  0.00000000E+00  0.00000000E+00
   0.28070000E+16  0.13220000E+37  0.12000000E+01  0.15220000E+00  0.13150000E+00  0.71630000E+00  0.28370000E+00  0.00000000E+00  0.00000000E+00  0.00000000E+00  0.00000000E+00  0.00000000E+00  0.00000000E+00  0.17460000E+01  0.12730000E+01  0.00000000E+00  0.00000000E+00  0.00000000E+00  0.00000000E+00  0.00000000E+00  0.00000000E+00
   0.27720000E+16  0.12910000E+37  0.11900000E+01  0.15150000E+00  0.13070000E+00  0.71770000E+00  0.28230000E+00  0.00000000E+00  0.00000000E+00  0.00000000E+00  0.00000000E+00  0.00000000E+00  0.00000000E+00  0.17230000E+01  0.12610000E+01  0.00000000E+00  0.00000000E+00  0.00000000E+00  0.00000000E+00  0.00000000E+00  0.00000000E+00
   0.27360000E+16  0.12600000E+37  0.11800000E+01  0.15090000E+00  0.13000000E+00  0.71920000E+00  0.28080000E+00  0.00000000E+00  0.00000000E+00  0.00000000E+00  0.00000000E+00  0.00000000E+00  0.00000000E+00  0.17010000E+01  0.12500000E+01  0.00000000E+00  0.00000000E+00  0.00000000E+00  0.00000000E+00  0.00000000E+00  0.00000000E+00
   0.27010000E+16  0.12300000E+37  0.11700000E+01  0.15020000E+00  0.12920000E+00  0.72060000E+00  0.27940000E+00  0.00000000E+00  0.00000000E+00  0.00000000E+00  0.00000000E+00  0.00000000E+00  0.00000000E+00  0.16790000E+01  0.12390000E+01  0.00000000E+00  0.00000000E+00  0.00000000E+00  0.00000000E+00  0.00000000E+00  0.00000000E+00
   0.26670000E+16  0.12000000E+37  0.11600000E+01  0.14950000E+00  0.12850000E+00  0.72200000E+00  0.27800000E+00  0.00000000E+00  0.00000000E+00  0.00000000E+00  0.00000000E+00  0.00000000E+00  0.00000000E+00  0.16570000E+01  0.12280000E+01  0.00000000E+00  0.00000000E+00  0.00000000E+00  0.00000000E+00  0.00000000E+00  0.00000000E+00
   0.26320000E+16  0.11700000E+37  0.11500000E+01  0.14880000E+00  0.12770000E+00  0.72350000E+00  0.27650000E+00  0.00000000E+00  0.00000000E+00  0.00000000E+00  0.00000000E+00  0.00000000E+00  0.00000000E+00  0.16360000E+01  0.12170000E+01  0.00000000E+00  0.00000000E+00  0.00000000E+00  0.00000000E+00  0.00000000E+00  0.00000000E+00
   0.25980000E+16  0.11410000E+37  0.11400000E+01  0.14820000E+00  0.12690000E+00  0.72490000E+00  0.27510000E+00  0.00000000E+00  0.00000000E+00  0.00000000E+00  0.00000000E+00  0.00000000E+00  0.00000000E+00  0.16140000E+01  0.12070000E+01  0.00000000E+00  0.00000000E+00  0.00000000E+00  0.00000000E+00  0.00000000E+00  0.00000000E+00
   0.25650000E+16  0.11120000E+37  0.11300000E+01  0.14750000E+00  0.12610000E+00  0.72640000E+00  0.27360000E+00  0.00000000E+00  0.00000000E+00  0.00000000E+00  0.00000000E+00  0.00000000E+00  0.00000000E+00  0.15930000E+01  0.11960000E+01  0.00000000E+00  0.00000000E+00  0.00000000E+00  0.00000000E+00  0.00000000E+00  0.00000000E+00
   0.25310000E+16  0.10840000E+37  0.11200000E+01  0.14680000E+00  0.12530000E+00  0.72790000E+00  0.27210000E+00  0.00000000E+00  0.00000000E+00  0.00000000E+00  0.00000000E+00  0.00000000E+00  0.00000000E+00  0.15730000E+01  0.11860000E+01  0.00000000E+00  0.00000000E+00  0.00000000E+00  0.00000000E+00  0.00000000E+00  0.00000000E+00
   0.24980000E+16  0.10570000E+37  0.11100000E+01  0.14610000E+00  0.12450000E+00  0.72940000E+00  0.27060000E+00  0.00000000E+00  0.00000000E+00  0.00000000E+00  0.00000000E+00  0.00000000E+00  0.00000000E+00  0.15520000E+01  0.11760000E+01  0.00000000E+00  0.00000000E+00  0.00000000E+00  0.00000000E+00  0.00000000E+00  0.00000000E+00
   0.24650000E+16  0.10300000E+37  0.11000000E+01  0.14540000E+00  0.12370000E+00  0.73090000E+00  0.26910000E+00  0.00000000E+00  0.00000000E+00  0.00000000E+00  0.00000000E+00  0.00000000E+00  0.00000000E+00  0.15320000E+01  0.11660000E+01  0.00000000E+00  0.00000000E+00  0.00000000E+00  0.00000000E+00  0.00000000E+00  0.00000000E+00
   0.24320000E+16  0.10030000E+37  0.10900000E+01  0.14460000E+00  0.12300000E+00  0.73240000E+00  0.26760000E+00  0.00000000E+00  0.00000000E+00  0.00000000E+00  0.00000000E+00  0.00000000E+00  0.00000000E+00  0.15120000E+01  0.11560000E+01  0.00000000E+00  0.00000000E+00  0.00000000E+00  0.00000000E+00  0.00000000E+00  0.00000000E+00
   0.24000000E+16  0.97670000E+36  0.10800000E+01  0.14390000E+00  0.12210000E+00  0.73400000E+00  0.26600000E+00  0.00000000E+00  0.00000000E+00  0.00000000E+00  0.00000000E+00  0.00000000E+00  0.00000000E+00  0.14930000E+01  0.11460000E+01  0.00000000E+00  0.00000000E+00  0.00000000E+00  0.00000000E+00  0.00000000E+00  0.00000000E+00
   0.23680000E+16  0.95080000E+36  0.10700000E+01  0.14320000E+00  0.12130000E+00  0.73550000E+00  0.26450000E+00  0.00000000E+00  0.00000000E+00  0.00000000E+00  0.00000000E+00  0.00000000E+00  0.00000000E+00  0.14730000E+01  0.11360000E+01  0.00000000E+00  0.00000000E+00  0.00000000E+00  0.00000000E+00  0.00000000E+00  0.00000000E+00
   0.23360000E+16  0.92550000E+36  0.10600000E+01  0.14240000E+00  0.12050000E+00  0.73710000E+00  0.26290000E+00  0.00000000E+00  0.00000000E+00  0.00000000E+00  0.00000000E+00  0.00000000E+00  0.00000000E+00  0.14540000E+01  0.11270000E+01  0.00000000E+00  0.00000000E+00  0.00000000E+00  0.00000000E+00  0.00000000E+00  0.00000000E+00
   0.23040000E+16  0.90060000E+36  0.10500000E+01  0.14170000E+00  0.11970000E+00  0.73860000E+00  0.26140000E+00  0.00000000E+00  0.00000000E+00  0.00000000E+00  0.00000000E+00  0.00000000E+00  0.00000000E+00  0.14350000E+01  0.11180000E+01  0.00000000E+00  0.00000000E+00  0.00000000E+00  0.00000000E+00  0.00000000E+00  0.00000000E+00
   0.22730000E+16  0.87610000E+36  0.10400000E+01  0.14100000E+00  0.11880000E+00  0.74020000E+00  0.25980000E+00  0.00000000E+00  0.00000000E+00  0.00000000E+00  0.00000000E+00  0.00000000E+00  0.00000000E+00  0.14170000E+01  0.11090000E+01  0.00000000E+00  0.00000000E+00  0.00000000E+00  0.00000000E+00  0.00000000E+00  0.00000000E+00
   0.22420000E+16  0.85210000E+36  0.10300000E+01  0.14020000E+00  0.11800000E+00  0.74180000E+00  0.25820000E+00  0.00000000E+00  0.00000000E+00  0.00000000E+00  0.00000000E+00  0.00000000E+00  0.00000000E+00  0.13980000E+01  0.11000000E+01  0.00000000E+00  0.00000000E+00  0.00000000E+00  0.00000000E+00  0.00000000E+00  0.00000000E+00
   0.22110000E+16  0.82850000E+36  0.10200000E+01  0.13940000E+00  0.11710000E+00  0.74350000E+00  0.25660000E+00  0.00000000E+00  0.00000000E+00  0.00000000E+00  0.00000000E+00  0.00000000E+00  0.00000000E+00  0.13800000E+01  0.10910000E+01  0.00000000E+00  0.00000000E+00  0.00000000E+00  0.00000000E+00  0.00000000E+00  0.00000000E+00
   0.21800000E+16  0.80530000E+36  0.10100000E+01  0.13870000E+00  0.11620000E+00  0.74510000E+00  0.25490000E+00  0.00000000E+00  0.00000000E+00  0.00000000E+00  0.00000000E+00  0.00000000E+00  0.00000000E+00  0.13620000E+01  0.10820000E+01  0.00000000E+00  0.00000000E+00  0.00000000E+00  0.00000000E+00  0.00000000E+00  0.00000000E+00
   0.21500000E+16  0.78260000E+36  0.10000000E+01  0.13790000E+00  0.11540000E+00  0.74670000E+00  0.25330000E+00  0.00000000E+00  0.00000000E+00  0.00000000E+00  0.00000000E+00  0.00000000E+00  0.00000000E+00  0.13450000E+01  0.10730000E+01  0.00000000E+00  0.00000000E+00  0.00000000E+00  0.00000000E+00  0.00000000E+00  0.00000000E+00
   0.21200000E+16  0.76020000E+36  0.99000000E+00  0.13710000E+00  0.11450000E+00  0.74840000E+00  0.25160000E+00  0.00000000E+00  0.00000000E+00  0.00000000E+00  0.00000000E+00  0.00000000E+00  0.00000000E+00  0.13280000E+01  0.10650000E+01  0.00000000E+00  0.00000000E+00  0.00000000E+00  0.00000000E+00  0.00000000E+00  0.00000000E+00
   0.20900000E+16  0.73830000E+36  0.98000000E+00  0.13630000E+00  0.11360000E+00  0.75000000E+00  0.25000000E+00  0.00000000E+00  0.00000000E+00  0.00000000E+00  0.00000000E+00  0.00000000E+00  0.00000000E+00  0.13110000E+01  0.10570000E+01  0.00000000E+00  0.00000000E+00  0.00000000E+00  0.00000000E+00  0.00000000E+00  0.00000000E+00
   0.20600000E+16  0.71680000E+36  0.97000000E+00  0.13560000E+00  0.11270000E+00  0.75170000E+00  0.24830000E+00  0.00000000E+00  0.00000000E+00  0.00000000E+00  0.00000000E+00  0.00000000E+00  0.00000000E+00  0.12940000E+01  0.10490000E+01  0.00000000E+00  0.00000000E+00  0.00000000E+00  0.00000000E+00  0.00000000E+00  0.00000000E+00
   0.20310000E+16  0.69580000E+36  0.96000000E+00  0.13480000E+00  0.11180000E+00  0.75340000E+00  0.24660000E+00  0.00000000E+00  0.00000000E+00  0.00000000E+00  0.00000000E+00  0.00000000E+00  0.00000000E+00  0.12770000E+01  0.10410000E+01  0.00000000E+00  0.00000000E+00  0.00000000E+00  0.00000000E+00  0.00000000E+00  0.00000000E+00
   0.20020000E+16  0.67510000E+36  0.95000000E+00  0.13400000E+00  0.11090000E+00  0.75510000E+00  0.24490000E+00  0.00000000E+00  0.00000000E+00  0.00000000E+00  0.00000000E+00  0.00000000E+00  0.00000000E+00  0.12610000E+01  0.10330000E+01  0.00000000E+00  0.00000000E+00  0.00000000E+00  0.00000000E+00  0.00000000E+00  0.00000000E+00
   0.19730000E+16  0.65480000E+36  0.94000000E+00  0.13310000E+00  0.11000000E+00  0.75690000E+00  0.24310000E+00  0.00000000E+00  0.00000000E+00  0.00000000E+00  0.00000000E+00  0.00000000E+00  0.00000000E+00  0.12450000E+01  0.10250000E+01  0.00000000E+00  0.00000000E+00  0.00000000E+00  0.00000000E+00  0.00000000E+00  0.00000000E+00
   0.19440000E+16  0.63490000E+36  0.93000000E+00  0.13230000E+00  0.10900000E+00  0.75860000E+00  0.24140000E+00  0.00000000E+00  0.00000000E+00  0.00000000E+00  0.00000000E+00  0.00000000E+00  0.00000000E+00  0.12300000E+01  0.10180000E+01  0.00000000E+00  0.00000000E+00  0.00000000E+00  0.00000000E+00  0.00000000E+00  0.00000000E+00
   0.19160000E+16  0.61550000E+36  0.92000000E+00  0.13150000E+00  0.10810000E+00  0.76040000E+00  0.23960000E+00  0.00000000E+00  0.00000000E+00  0.00000000E+00  0.00000000E+00  0.00000000E+00  0.00000000E+00  0.12140000E+01  0.10110000E+01  0.00000000E+00  0.00000000E+00  0.00000000E+00  0.00000000E+00  0.00000000E+00  0.00000000E+00
   0.18880000E+16  0.59640000E+36  0.91000000E+00  0.13070000E+00  0.10720000E+00  0.76210000E+00  0.23790000E+00  0.00000000E+00  0.00000000E+00  0.00000000E+00  0.00000000E+00  0.00000000E+00  0.00000000E+00  0.11990000E+01  0.10030000E+01  0.00000000E+00  0.00000000E+00  0.00000000E+00  0.00000000E+00  0.00000000E+00  0.00000000E+00
   0.18600000E+16  0.57770000E+36  0.90000000E+00  0.12980000E+00  0.10620000E+00  0.76390000E+00  0.23610000E+00  0.00000000E+00  0.00000000E+00  0.00000000E+00  0.00000000E+00  0.00000000E+00  0.00000000E+00  0.11840000E+01  0.99630000E+00  0.00000000E+00  0.00000000E+00  0.00000000E+00  0.00000000E+00  0.00000000E+00  0.00000000E+00
   0.18320000E+16  0.55940000E+36  0.89000000E+00  0.12900000E+00  0.10530000E+00  0.76570000E+00  0.23430000E+00  0.00000000E+00  0.00000000E+00  0.00000000E+00  0.00000000E+00  0.00000000E+00  0.00000000E+00  0.11700000E+01  0.98940000E+00  0.00000000E+00  0.00000000E+00  0.00000000E+00  0.00000000E+00  0.00000000E+00  0.00000000E+00
   0.18050000E+16  0.54150000E+36  0.88000000E+00  0.12810000E+00  0.10430000E+00  0.76750000E+00  0.23240000E+00  0.00000000E+00  0.00000000E+00  0.00000000E+00  0.00000000E+00  0.00000000E+00  0.00000000E+00  0.11550000E+01  0.98270000E+00  0.00000000E+00  0.00000000E+00  0.00000000E+00  0.00000000E+00  0.00000000E+00  0.00000000E+00
   0.17780000E+16  0.52390000E+36  0.87000000E+00  0.12730000E+00  0.10330000E+00  0.76940000E+00  0.23060000E+00  0.00000000E+00  0.00000000E+00  0.00000000E+00  0.00000000E+00  0.00000000E+00  0.00000000E+00  0.11410000E+01  0.97610000E+00  0.00000000E+00  0.00000000E+00  0.00000000E+00  0.00000000E+00  0.00000000E+00  0.00000000E+00
   0.17510000E+16  0.50680000E+36  0.86000000E+00  0.12640000E+00  0.10230000E+00  0.77120000E+00  0.22880000E+00  0.00000000E+00  0.00000000E+00  0.00000000E+00  0.00000000E+00  0.00000000E+00  0.00000000E+00  0.11280000E+01  0.96970000E+00  0.00000000E+00  0.00000000E+00  0.00000000E+00  0.00000000E+00  0.00000000E+00  0.00000000E+00
   0.17240000E+16  0.49000000E+36  0.85000000E+00  0.12560000E+00  0.10130000E+00  0.77310000E+00  0.22690000E+00  0.00000000E+00  0.00000000E+00  0.00000000E+00  0.00000000E+00  0.00000000E+00  0.00000000E+00  0.11140000E+01  0.96340000E+00  0.00000000E+00  0.00000000E+00  0.00000000E+00  0.00000000E+00  0.00000000E+00  0.00000000E+00
   0.16970000E+16  0.47350000E+36  0.84000000E+00  0.12470000E+00  0.10030000E+00  0.77500000E+00  0.22500000E+00  0.00000000E+00  0.00000000E+00  0.00000000E+00  0.00000000E+00  0.00000000E+00  0.00000000E+00  0.11010000E+01  0.95720000E+00  0.00000000E+00  0.00000000E+00  0.00000000E+00  0.00000000E+00  0.00000000E+00  0.00000000E+00
   0.16710000E+16  0.45750000E+36  0.83000000E+00  0.12380000E+00  0.99330000E-01  0.77690000E+00  0.22310000E+00  0.00000000E+00  0.00000000E+00  0.00000000E+00  0.00000000E+00  0.00000000E+00  0.00000000E+00  0.10880000E+01  0.95120000E+00  0.00000000E+00  0.00000000E+00  0.00000000E+00  0.00000000E+00  0.00000000E+00  0.00000000E+00
   0.16450000E+16  0.44170000E+36  0.82000000E+00  0.12290000E+00  0.98310000E-01  0.77880000E+00  0.22120000E+00  0.00000000E+00  0.00000000E+00  0.00000000E+00  0.00000000E+00  0.00000000E+00  0.00000000E+00  0.10750000E+01  0.94540000E+00  0.00000000E+00  0.00000000E+00  0.00000000E+00  0.00000000E+00  0.00000000E+00  0.00000000E+00
   0.16190000E+16  0.42640000E+36  0.81000000E+00  0.12200000E+00  0.97280000E-01  0.78070000E+00  0.21930000E+00  0.00000000E+00  0.00000000E+00  0.00000000E+00  0.00000000E+00  0.00000000E+00  0.00000000E+00  0.10620000E+01  0.93970000E+00  0.00000000E+00  0.00000000E+00  0.00000000E+00  0.00000000E+00  0.00000000E+00  0.00000000E+00
   0.15930000E+16  0.41140000E+36  0.80000000E+00  0.12110000E+00  0.96240000E-01  0.78270000E+00  0.21730000E+00  0.00000000E+00  0.00000000E+00  0.00000000E+00  0.00000000E+00  0.00000000E+00  0.00000000E+00  0.10200000E+01  0.92050000E+00  0.00000000E+00  0.00000000E+00  0.00000000E+00  0.00000000E+00  0.00000000E+00  0.00000000E+00
   0.15670000E+16  0.39670000E+36  0.79000000E+00  0.12020000E+00  0.95190000E-01  0.78460000E+00  0.21540000E+00  0.00000000E+00  0.00000000E+00  0.00000000E+00  0.00000000E+00  0.00000000E+00  0.00000000E+00  0.10130000E+01  0.91750000E+00  0.00000000E+00  0.00000000E+00  0.00000000E+00  0.00000000E+00  0.00000000E+00  0.00000000E+00
   0.15420000E+16  0.38240000E+36  0.78000000E+00  0.11920000E+00  0.94130000E-01  0.78660000E+00  0.21340000E+00  0.00000000E+00  0.00000000E+00  0.00000000E+00  0.00000000E+00  0.00000000E+00  0.00000000E+00  0.10060000E+01  0.91450000E+00  0.00000000E+00  0.00000000E+00  0.00000000E+00  0.00000000E+00  0.00000000E+00  0.00000000E+00
   0.15170000E+16  0.36850000E+36  0.77000000E+00  0.11830000E+00  0.93060000E-01  0.78860000E+00  0.21140000E+00  0.00000000E+00  0.00000000E+00  0.00000000E+00  0.00000000E+00  0.00000000E+00  0.00000000E+00  0.99900000E+00  0.91150000E+00  0.00000000E+00  0.00000000E+00  0.00000000E+00  0.00000000E+00  0.00000000E+00  0.00000000E+00
   0.14920000E+16  0.35480000E+36  0.76000000E+00  0.11740000E+00  0.91980000E-01  0.79060000E+00  0.20940000E+00  0.00000000E+00  0.00000000E+00  0.00000000E+00  0.00000000E+00  0.00000000E+00  0.00000000E+00  0.99190000E+00  0.90840000E+00  0.00000000E+00  0.00000000E+00  0.00000000E+00  0.00000000E+00  0.00000000E+00  0.00000000E+00
   0.14670000E+16  0.34150000E+36  0.75000000E+00  0.11640000E+00  0.90890000E-01  0.79270000E+00  0.20730000E+00  0.00000000E+00  0.00000000E+00  0.00000000E+00  0.00000000E+00  0.00000000E+00  0.00000000E+00  0.98480000E+00  0.90530000E+00  0.00000000E+00  0.00000000E+00  0.00000000E+00  0.00000000E+00  0.00000000E+00  0.00000000E+00
   0.14430000E+16  0.32850000E+36  0.74000000E+00  0.11550000E+00  0.89790000E-01  0.79470000E+00  0.20530000E+00  0.00000000E+00  0.00000000E+00  0.00000000E+00  0.00000000E+00  0.00000000E+00  0.00000000E+00  0.97760000E+00  0.90220000E+00  0.00000000E+00  0.00000000E+00  0.00000000E+00  0.00000000E+00  0.00000000E+00  0.00000000E+00
   0.14180000E+16  0.31590000E+36  0.73000000E+00  0.11450000E+00  0.88690000E-01  0.79680000E+00  0.20320000E+00  0.00000000E+00  0.00000000E+00  0.00000000E+00  0.00000000E+00  0.00000000E+00  0.00000000E+00  0.97030000E+00  0.89910000E+00  0.00000000E+00  0.00000000E+00  0.00000000E+00  0.00000000E+00  0.00000000E+00  0.00000000E+00
   0.13940000E+16  0.30360000E+36  0.72000000E+00  0.11350000E+00  0.87570000E-01  0.79890000E+00  0.20110000E+00  0.00000000E+00  0.00000000E+00  0.00000000E+00  0.00000000E+00  0.00000000E+00  0.00000000E+00  0.96300000E+00  0.89600000E+00  0.00000000E+00  0.00000000E+00  0.00000000E+00  0.00000000E+00  0.00000000E+00  0.00000000E+00
   0.13700000E+16  0.29160000E+36  0.71000000E+00  0.11260000E+00  0.86440000E-01  0.80100000E+00  0.19900000E+00  0.00000000E+00  0.00000000E+00  0.00000000E+00  0.00000000E+00  0.00000000E+00  0.00000000E+00  0.95570000E+00  0.89290000E+00  0.00000000E+00  0.00000000E+00  0.00000000E+00  0.00000000E+00  0.00000000E+00  0.00000000E+00
   0.13470000E+16  0.27990000E+36  0.70000000E+00  0.11160000E+00  0.85300000E-01  0.80310000E+00  0.19690000E+00  0.00000000E+00  0.00000000E+00  0.00000000E+00  0.00000000E+00  0.00000000E+00  0.00000000E+00  0.94840000E+00  0.88980000E+00  0.00000000E+00  0.00000000E+00  0.00000000E+00  0.00000000E+00  0.00000000E+00  0.00000000E+00
   0.13230000E+16  0.26850000E+36  0.69000000E+00  0.11060000E+00  0.84150000E-01  0.80530000E+00  0.19470000E+00  0.00000000E+00  0.00000000E+00  0.00000000E+00  0.00000000E+00  0.00000000E+00  0.00000000E+00  0.94110000E+00  0.88670000E+00  0.00000000E+00  0.00000000E+00  0.00000000E+00  0.00000000E+00  0.00000000E+00  0.00000000E+00
   0.13000000E+16  0.25740000E+36  0.68000000E+00  0.10960000E+00  0.82990000E-01  0.80740000E+00  0.19260000E+00  0.00000000E+00  0.00000000E+00  0.00000000E+00  0.00000000E+00  0.00000000E+00  0.00000000E+00  0.93370000E+00  0.88370000E+00  0.00000000E+00  0.00000000E+00  0.00000000E+00  0.00000000E+00  0.00000000E+00  0.00000000E+00
   0.12760000E+16  0.24660000E+36  0.67000000E+00  0.10860000E+00  0.81810000E-01  0.80960000E+00  0.19040000E+00  0.00000000E+00  0.00000000E+00  0.00000000E+00  0.00000000E+00  0.00000000E+00  0.00000000E+00  0.92640000E+00  0.88060000E+00  0.00000000E+00  0.00000000E+00  0.00000000E+00  0.00000000E+00  0.00000000E+00  0.00000000E+00
   0.12530000E+16  0.23620000E+36  0.66000000E+00  0.10750000E+00  0.80630000E-01  0.81180000E+00  0.18820000E+00  0.00000000E+00  0.00000000E+00  0.00000000E+00  0.00000000E+00  0.00000000E+00  0.00000000E+00  0.91910000E+00  0.87770000E+00  0.00000000E+00  0.00000000E+00  0.00000000E+00  0.00000000E+00  0.00000000E+00  0.00000000E+00
   0.12300000E+16  0.22600000E+36  0.65000000E+00  0.10650000E+00  0.79430000E-01  0.81410000E+00  0.18600000E+00  0.00000000E+00  0.00000000E+00  0.00000000E+00  0.00000000E+00  0.00000000E+00  0.00000000E+00  0.91190000E+00  0.87470000E+00  0.00000000E+00  0.00000000E+00  0.00000000E+00  0.00000000E+00  0.00000000E+00  0.00000000E+00
   0.12080000E+16  0.21610000E+36  0.64000000E+00  0.10550000E+00  0.78230000E-01  0.81630000E+00  0.18370000E+00  0.00000000E+00  0.00000000E+00  0.00000000E+00  0.00000000E+00  0.00000000E+00  0.00000000E+00  0.90470000E+00  0.87190000E+00  0.00000000E+00  0.00000000E+00  0.00000000E+00  0.00000000E+00  0.00000000E+00  0.00000000E+00
   0.11850000E+16  0.20650000E+36  0.63000000E+00  0.10440000E+00  0.77010000E-01  0.81860000E+00  0.18140000E+00  0.00000000E+00  0.00000000E+00  0.00000000E+00  0.00000000E+00  0.00000000E+00  0.00000000E+00  0.89750000E+00  0.86900000E+00  0.00000000E+00  0.00000000E+00  0.00000000E+00  0.00000000E+00  0.00000000E+00  0.00000000E+00
   0.11630000E+16  0.19720000E+36  0.62000000E+00  0.10340000E+00  0.75780000E-01  0.82080000E+00  0.17920000E+00  0.00000000E+00  0.00000000E+00  0.00000000E+00  0.00000000E+00  0.00000000E+00  0.00000000E+00  0.89040000E+00  0.86630000E+00  0.00000000E+00  0.00000000E+00  0.00000000E+00  0.00000000E+00  0.00000000E+00  0.00000000E+00
   0.11410000E+16  0.18810000E+36  0.61000000E+00  0.10230000E+00  0.74530000E-01  0.82320000E+00  0.17680000E+00  0.00000000E+00  0.00000000E+00  0.00000000E+00  0.00000000E+00  0.00000000E+00  0.00000000E+00  0.88350000E+00  0.86360000E+00  0.00000000E+00  0.00000000E+00  0.00000000E+00  0.00000000E+00  0.00000000E+00  0.00000000E+00
   0.11180000E+16  0.17940000E+36  0.60000000E+00  0.10120000E+00  0.73280000E-01  0.82550000E+00  0.17450000E+00  0.00000000E+00  0.00000000E+00  0.00000000E+00  0.00000000E+00  0.00000000E+00  0.00000000E+00  0.87660000E+00  0.86100000E+00  0.00000000E+00  0.00000000E+00  0.00000000E+00  0.00000000E+00  0.00000000E+00  0.00000000E+00
   0.10970000E+16  0.17090000E+36  0.59000000E+00  0.10020000E+00  0.72010000E-01  0.82780000E+00  0.17220000E+00  0.00000000E+00  0.00000000E+00  0.00000000E+00  0.00000000E+00  0.00000000E+00  0.00000000E+00  0.86980000E+00  0.85840000E+00  0.00000000E+00  0.00000000E+00  0.00000000E+00  0.00000000E+00  0.00000000E+00  0.00000000E+00
   0.10750000E+16  0.16270000E+36  0.58000000E+00  0.99060000E-01  0.70730000E-01  0.83020000E+00  0.16980000E+00  0.00000000E+00  0.00000000E+00  0.00000000E+00  0.00000000E+00  0.00000000E+00  0.00000000E+00  0.86310000E+00  0.85600000E+00  0.00000000E+00  0.00000000E+00  0.00000000E+00  0.00000000E+00  0.00000000E+00  0.00000000E+00
   0.10530000E+16  0.15470000E+36  0.57000000E+00  0.97960000E-01  0.69440000E-01  0.83260000E+00  0.16740000E+00  0.00000000E+00  0.00000000E+00  0.00000000E+00  0.00000000E+00  0.00000000E+00  0.00000000E+00  0.85650000E+00  0.85360000E+00  0.00000000E+00  0.00000000E+00  0.00000000E+00  0.00000000E+00  0.00000000E+00  0.00000000E+00
   0.10320000E+16  0.14700000E+36  0.56000000E+00  0.96850000E-01  0.68130000E-01  0.83500000E+00  0.16500000E+00  0.00000000E+00  0.00000000E+00  0.00000000E+00  0.00000000E+00  0.00000000E+00  0.00000000E+00  0.85010000E+00  0.85140000E+00  0.00000000E+00  0.00000000E+00  0.00000000E+00  0.00000000E+00  0.00000000E+00  0.00000000E+00
   0.10110000E+16  0.13960000E+36  0.55000000E+00  0.95730000E-01  0.66810000E-01  0.83750000E+00  0.16250000E+00  0.00000000E+00  0.00000000E+00  0.00000000E+00  0.00000000E+00  0.00000000E+00  0.00000000E+00  0.84390000E+00  0.84920000E+00  0.00000000E+00  0.00000000E+00  0.00000000E+00  0.00000000E+00  0.00000000E+00  0.00000000E+00
   0.98950000E+15  0.13240000E+36  0.54000000E+00  0.94600000E-01  0.65480000E-01  0.83990000E+00  0.16010000E+00  0.00000000E+00  0.00000000E+00  0.00000000E+00  0.00000000E+00  0.00000000E+00  0.00000000E+00  0.83770000E+00  0.84720000E+00  0.00000000E+00  0.00000000E+00  0.00000000E+00  0.00000000E+00  0.00000000E+00  0.00000000E+00
   0.96850000E+15  0.12540000E+36  0.53000000E+00  0.93460000E-01  0.64130000E-01  0.84240000E+00  0.15760000E+00  0.00000000E+00  0.00000000E+00  0.00000000E+00  0.00000000E+00  0.00000000E+00  0.00000000E+00  0.83180000E+00  0.84520000E+00  0.00000000E+00  0.00000000E+00  0.00000000E+00  0.00000000E+00  0.00000000E+00  0.00000000E+00
   0.94770000E+15  0.11870000E+36  0.52000000E+00  0.92310000E-01  0.62770000E-01  0.84490000E+00  0.15510000E+00  0.00000000E+00  0.00000000E+00  0.00000000E+00  0.00000000E+00  0.00000000E+00  0.00000000E+00  0.82600000E+00  0.84340000E+00  0.00000000E+00  0.00000000E+00  0.00000000E+00  0.00000000E+00  0.00000000E+00  0.00000000E+00
   0.92700000E+15  0.11220000E+36  0.51000000E+00  0.91150000E-01  0.61390000E-01  0.84750000E+00  0.15250000E+00  0.00000000E+00  0.00000000E+00  0.00000000E+00  0.00000000E+00  0.00000000E+00  0.00000000E+00  0.82050000E+00  0.84170000E+00  0.00000000E+00  0.00000000E+00  0.00000000E+00  0.00000000E+00  0.00000000E+00  0.00000000E+00
   0.90640000E+15  0.10600000E+36  0.50000000E+00  0.89980000E-01  0.60000000E-01  0.85000000E+00  0.15000000E+00  0.00000000E+00  0.00000000E+00  0.00000000E+00  0.00000000E+00  0.00000000E+00  0.00000000E+00  0.81510000E+00  0.84020000E+00  0.00000000E+00  0.00000000E+00  0.00000000E+00  0.00000000E+00  0.00000000E+00  0.00000000E+00
   0.88600000E+15  0.10000000E+36  0.49000000E+00  0.88810000E-01  0.58600000E-01  0.85260000E+00  0.14740000E+00  0.00000000E+00  0.00000000E+00  0.00000000E+00  0.00000000E+00  0.00000000E+00  0.00000000E+00  0.80990000E+00  0.83880000E+00  0.00000000E+00  0.00000000E+00  0.00000000E+00  0.00000000E+00  0.00000000E+00  0.00000000E+00
   0.86570000E+15  0.94240000E+35  0.48000000E+00  0.87620000E-01  0.57180000E-01  0.85520000E+00  0.14480000E+00  0.00000000E+00  0.00000000E+00  0.00000000E+00  0.00000000E+00  0.00000000E+00  0.00000000E+00  0.80500000E+00  0.83750000E+00  0.00000000E+00  0.00000000E+00  0.00000000E+00  0.00000000E+00  0.00000000E+00  0.00000000E+00
   0.84560000E+15  0.88690000E+35  0.47000000E+00  0.86420000E-01  0.55740000E-01  0.85780000E+00  0.14220000E+00  0.00000000E+00  0.00000000E+00  0.00000000E+00  0.00000000E+00  0.00000000E+00  0.00000000E+00  0.80030000E+00  0.83630000E+00  0.00000000E+00  0.00000000E+00  0.00000000E+00  0.00000000E+00  0.00000000E+00  0.00000000E+00
   0.82550000E+15  0.83360000E+35  0.46000000E+00  0.85210000E-01  0.54290000E-01  0.86050000E+00  0.13950000E+00  0.00000000E+00  0.00000000E+00  0.00000000E+00  0.00000000E+00  0.00000000E+00  0.00000000E+00  0.79580000E+00  0.83530000E+00  0.00000000E+00  0.00000000E+00  0.00000000E+00  0.00000000E+00  0.00000000E+00  0.00000000E+00
   0.80560000E+15  0.78240000E+35  0.45000000E+00  0.83990000E-01  0.52820000E-01  0.86320000E+00  0.13680000E+00  0.00000000E+00  0.00000000E+00  0.00000000E+00  0.00000000E+00  0.00000000E+00  0.00000000E+00  0.79160000E+00  0.83450000E+00  0.00000000E+00  0.00000000E+00  0.00000000E+00  0.00000000E+00  0.00000000E+00  0.00000000E+00
   0.78590000E+15  0.73340000E+35  0.44000000E+00  0.82760000E-01  0.51340000E-01  0.86590000E+00  0.13410000E+00  0.00000000E+00  0.00000000E+00  0.00000000E+00  0.00000000E+00  0.00000000E+00  0.00000000E+00  0.78760000E+00  0.83380000E+00  0.00000000E+00  0.00000000E+00  0.00000000E+00  0.00000000E+00  0.00000000E+00  0.00000000E+00
   0.76620000E+15  0.68640000E+35  0.43000000E+00  0.81520000E-01  0.49840000E-01  0.86860000E+00  0.13140000E+00  0.00000000E+00  0.00000000E+00  0.00000000E+00  0.00000000E+00  0.00000000E+00  0.00000000E+00  0.78390000E+00  0.83330000E+00  0.00000000E+00  0.00000000E+00  0.00000000E+00  0.00000000E+00  0.00000000E+00  0.00000000E+00
   0.74670000E+15  0.64150000E+35  0.42000000E+00  0.80260000E-01  0.48320000E-01  0.87140000E+00  0.12860000E+00  0.00000000E+00  0.00000000E+00  0.00000000E+00  0.00000000E+00  0.00000000E+00  0.00000000E+00  0.78050000E+00  0.83290000E+00  0.00000000E+00  0.00000000E+00  0.00000000E+00  0.00000000E+00  0.00000000E+00  0.00000000E+00
   0.72720000E+15  0.59850000E+35  0.41000000E+00  0.79000000E-01  0.46790000E-01  0.87420000E+00  0.12580000E+00  0.00000000E+00  0.00000000E+00  0.00000000E+00  0.00000000E+00  0.00000000E+00  0.00000000E+00  0.77740000E+00  0.83270000E+00  0.00000000E+00  0.00000000E+00  0.00000000E+00  0.00000000E+00  0.00000000E+00  0.00000000E+00
   0.70790000E+15  0.55750000E+35  0.40000000E+00  0.77730000E-01  0.45240000E-01  0.87700000E+00  0.12300000E+00  0.00000000E+00  0.00000000E+00  0.00000000E+00  0.00000000E+00  0.00000000E+00  0.00000000E+00  0.77460000E+00  0.83270000E+00  0.00000000E+00  0.00000000E+00  0.00000000E+00  0.00000000E+00  0.00000000E+00  0.00000000E+00
   0.68870000E+15  0.51830000E+35  0.39000000E+00  0.76440000E-01  0.43670000E-01  0.87990000E+00  0.12010000E+00  0.00000000E+00  0.00000000E+00  0.00000000E+00  0.00000000E+00  0.00000000E+00  0.00000000E+00  0.77210000E+00  0.83280000E+00  0.00000000E+00  0.00000000E+00  0.00000000E+00  0.00000000E+00  0.00000000E+00  0.00000000E+00
   0.66970000E+15  0.48110000E+35  0.38000000E+00  0.75150000E-01  0.42080000E-01  0.88280000E+00  0.11720000E+00  0.00000000E+00  0.00000000E+00  0.00000000E+00  0.00000000E+00  0.00000000E+00  0.00000000E+00  0.76990000E+00  0.83320000E+00  0.00000000E+00  0.00000000E+00  0.00000000E+00  0.00000000E+00  0.00000000E+00  0.00000000E+00
   0.65070000E+15  0.44560000E+35  0.37000000E+00  0.73840000E-01  0.40480000E-01  0.88570000E+00  0.11430000E+00  0.00000000E+00  0.00000000E+00  0.00000000E+00  0.00000000E+00  0.00000000E+00  0.00000000E+00  0.76800000E+00  0.83370000E+00  0.00000000E+00  0.00000000E+00  0.00000000E+00  0.00000000E+00  0.00000000E+00  0.00000000E+00
   0.63180000E+15  0.41190000E+35  0.36000000E+00  0.72520000E-01  0.38850000E-01  0.88860000E+00  0.11140000E+00  0.00000000E+00  0.00000000E+00  0.00000000E+00  0.00000000E+00  0.00000000E+00  0.00000000E+00  0.76650000E+00  0.83440000E+00  0.00000000E+00  0.00000000E+00  0.00000000E+00  0.00000000E+00  0.00000000E+00  0.00000000E+00
   0.61300000E+15  0.37990000E+35  0.35000000E+00  0.71190000E-01  0.37210000E-01  0.89160000E+00  0.10840000E+00  0.00000000E+00  0.00000000E+00  0.00000000E+00  0.00000000E+00  0.00000000E+00  0.00000000E+00  0.76540000E+00  0.83530000E+00  0.00000000E+00  0.00000000E+00  0.00000000E+00  0.00000000E+00  0.00000000E+00  0.00000000E+00
   0.59440000E+15  0.34960000E+35  0.34000000E+00  0.69850000E-01  0.35550000E-01  0.89460000E+00  0.10540000E+00  0.00000000E+00  0.00000000E+00  0.00000000E+00  0.00000000E+00  0.00000000E+00  0.00000000E+00  0.76460000E+00  0.83630000E+00  0.00000000E+00  0.00000000E+00  0.00000000E+00  0.00000000E+00  0.00000000E+00  0.00000000E+00
   0.57580000E+15  0.32100000E+35  0.33000000E+00  0.68490000E-01  0.33870000E-01  0.89760000E+00  0.10240000E+00  0.00000000E+00  0.00000000E+00  0.00000000E+00  0.00000000E+00  0.00000000E+00  0.00000000E+00  0.76410000E+00  0.83760000E+00  0.00000000E+00  0.00000000E+00  0.00000000E+00  0.00000000E+00  0.00000000E+00  0.00000000E+00
   0.55730000E+15  0.29390000E+35  0.32000000E+00  0.67130000E-01  0.32170000E-01  0.90070000E+00  0.99290000E-01  0.00000000E+00  0.00000000E+00  0.00000000E+00  0.00000000E+00  0.00000000E+00  0.00000000E+00  0.76400000E+00  0.83910000E+00  0.00000000E+00  0.00000000E+00  0.00000000E+00  0.00000000E+00  0.00000000E+00  0.00000000E+00
   0.53890000E+15  0.26840000E+35  0.31000000E+00  0.65750000E-01  0.30450000E-01  0.90380000E+00  0.96200000E-01  0.00000000E+00  0.00000000E+00  0.00000000E+00  0.00000000E+00  0.00000000E+00  0.00000000E+00  0.76430000E+00  0.84080000E+00  0.00000000E+00  0.00000000E+00  0.00000000E+00  0.00000000E+00  0.00000000E+00  0.00000000E+00
   0.52060000E+15  0.24440000E+35  0.30000000E+00  0.64360000E-01  0.28710000E-01  0.90690000E+00  0.93070000E-01  0.00000000E+00  0.00000000E+00  0.00000000E+00  0.00000000E+00  0.00000000E+00  0.00000000E+00  0.76500000E+00  0.84260000E+00  0.00000000E+00  0.00000000E+00  0.00000000E+00  0.00000000E+00  0.00000000E+00  0.00000000E+00
   0.50240000E+15  0.22190000E+35  0.29000000E+00  0.62960000E-01  0.26950000E-01  0.91010000E+00  0.89910000E-01  0.00000000E+00  0.00000000E+00  0.00000000E+00  0.00000000E+00  0.00000000E+00  0.00000000E+00  0.76610000E+00  0.84470000E+00  0.00000000E+00  0.00000000E+00  0.00000000E+00  0.00000000E+00  0.00000000E+00  0.00000000E+00
   0.48430000E+15  0.20080000E+35  0.28000000E+00  0.61540000E-01  0.25180000E-01  0.91330000E+00  0.86720000E-01  0.00000000E+00  0.00000000E+00  0.00000000E+00  0.00000000E+00  0.00000000E+00  0.00000000E+00  0.76760000E+00  0.84700000E+00  0.00000000E+00  0.00000000E+00  0.00000000E+00  0.00000000E+00  0.00000000E+00  0.00000000E+00
   0.46620000E+15  0.18110000E+35  0.27000000E+00  0.60120000E-01  0.23380000E-01  0.91650000E+00  0.83500000E-01  0.00000000E+00  0.00000000E+00  0.00000000E+00  0.00000000E+00  0.00000000E+00  0.00000000E+00  0.76960000E+00  0.84950000E+00  0.00000000E+00  0.00000000E+00  0.00000000E+00  0.00000000E+00  0.00000000E+00  0.00000000E+00
   0.44820000E+15  0.16270000E+35  0.26000000E+00  0.58680000E-01  0.21570000E-01  0.91970000E+00  0.80250000E-01  0.00000000E+00  0.00000000E+00  0.00000000E+00  0.00000000E+00  0.00000000E+00  0.00000000E+00  0.77190000E+00  0.85220000E+00  0.00000000E+00  0.00000000E+00  0.00000000E+00  0.00000000E+00  0.00000000E+00  0.00000000E+00
   0.43030000E+15  0.14560000E+35  0.25000000E+00  0.57230000E-01  0.19740000E-01  0.92300000E+00  0.76970000E-01  0.00000000E+00  0.00000000E+00  0.00000000E+00  0.00000000E+00  0.00000000E+00  0.00000000E+00  0.77470000E+00  0.85510000E+00  0.00000000E+00  0.00000000E+00  0.00000000E+00  0.00000000E+00  0.00000000E+00  0.00000000E+00
   0.41250000E+15  0.12970000E+35  0.24000000E+00  0.55770000E-01  0.17900000E-01  0.92630000E+00  0.73670000E-01  0.00000000E+00  0.00000000E+00  0.00000000E+00  0.00000000E+00  0.00000000E+00  0.00000000E+00  0.77790000E+00  0.85820000E+00  0.00000000E+00  0.00000000E+00  0.00000000E+00  0.00000000E+00  0.00000000E+00  0.00000000E+00
   0.39470000E+15  0.11500000E+35  0.23000000E+00  0.54300000E-01  0.16040000E-01  0.92970000E+00  0.70340000E-01  0.00000000E+00  0.00000000E+00  0.00000000E+00  0.00000000E+00  0.00000000E+00  0.00000000E+00  0.78150000E+00  0.86160000E+00  0.00000000E+00  0.00000000E+00  0.00000000E+00  0.00000000E+00  0.00000000E+00  0.00000000E+00
   0.37710000E+15  0.10140000E+35  0.22000000E+00  0.52810000E-01  0.14180000E-01  0.93300000E+00  0.66990000E-01  0.00000000E+00  0.00000000E+00  0.00000000E+00  0.00000000E+00  0.00000000E+00  0.00000000E+00  0.78560000E+00  0.86510000E+00  0.00000000E+00  0.00000000E+00  0.00000000E+00  0.00000000E+00  0.00000000E+00  0.00000000E+00
   0.35940000E+15  0.89010000E+34  0.21000000E+00  0.51310000E-01  0.12310000E-01  0.93640000E+00  0.63620000E-01  0.00000000E+00  0.00000000E+00  0.00000000E+00  0.00000000E+00  0.00000000E+00  0.00000000E+00  0.79020000E+00  0.86890000E+00  0.00000000E+00  0.00000000E+00  0.00000000E+00  0.00000000E+00  0.00000000E+00  0.00000000E+00
   0.34190000E+15  0.77620000E+34  0.20000000E+00  0.49800000E-01  0.10450000E-01  0.93970000E+00  0.60250000E-01  0.00000000E+00  0.00000000E+00  0.00000000E+00  0.00000000E+00  0.00000000E+00  0.00000000E+00  0.79520000E+00  0.87290000E+00  0.00000000E+00  0.00000000E+00  0.00000000E+00  0.00000000E+00  0.00000000E+00  0.00000000E+00
   0.32440000E+15  0.67250000E+34  0.19000000E+00  0.48280000E-01  0.85960000E-02  0.94310000E+00  0.56870000E-01  0.00000000E+00  0.00000000E+00  0.00000000E+00  0.00000000E+00  0.00000000E+00  0.00000000E+00  0.80060000E+00  0.87710000E+00  0.00000000E+00  0.00000000E+00  0.00000000E+00  0.00000000E+00  0.00000000E+00  0.00000000E+00
   0.30700000E+15  0.57830000E+34  0.18000000E+00  0.46740000E-01  0.67750000E-02  0.94650000E+00  0.53510000E-01  0.00000000E+00  0.00000000E+00  0.00000000E+00  0.00000000E+00  0.00000000E+00  0.00000000E+00  0.80660000E+00  0.88150000E+00  0.00000000E+00  0.00000000E+00  0.00000000E+00  0.00000000E+00  0.00000000E+00  0.00000000E+00
   0.28960000E+15  0.49330000E+34  0.17000000E+00  0.45180000E-01  0.50050000E-02  0.94980000E+00  0.50190000E-01  0.00000000E+00  0.00000000E+00  0.00000000E+00  0.00000000E+00  0.00000000E+00  0.00000000E+00  0.81300000E+00  0.88610000E+00  0.00000000E+00  0.00000000E+00  0.00000000E+00  0.00000000E+00  0.00000000E+00  0.00000000E+00
   0.27220000E+15  0.41690000E+34  0.16000000E+00  0.43610000E-01  0.33220000E-02  0.95310000E+00  0.46930000E-01  0.00000000E+00  0.00000000E+00  0.00000000E+00  0.00000000E+00  0.00000000E+00  0.00000000E+00  0.81990000E+00  0.89100000E+00  0.00000000E+00  0.00000000E+00  0.00000000E+00  0.00000000E+00  0.00000000E+00  0.00000000E+00
   0.25500000E+15  0.34850000E+34  0.15000000E+00  0.42000000E-01  0.17900000E-02  0.95620000E+00  0.43790000E-01  0.00000000E+00  0.00000000E+00  0.00000000E+00  0.00000000E+00  0.00000000E+00  0.00000000E+00  0.82720000E+00  0.89600000E+00  0.00000000E+00  0.00000000E+00  0.00000000E+00  0.00000000E+00  0.00000000E+00  0.00000000E+00
   0.23770000E+15  0.28780000E+34  0.14000000E+00  0.40350000E-01  0.53160000E-03  0.95910000E+00  0.40880000E-01  0.00000000E+00  0.00000000E+00  0.00000000E+00  0.00000000E+00  0.00000000E+00  0.00000000E+00  0.83510000E+00  0.90130000E+00  0.00000000E+00  0.00000000E+00  0.00000000E+00  0.00000000E+00  0.00000000E+00  0.00000000E+00
   0.22050000E+15  0.23360000E+34  0.13000000E+00  0.38580000E-01  0.00000000E+00  0.96140000E+00  0.38580000E-01  0.00000000E+00  0.00000000E+00  0.00000000E+00  0.00000000E+00  0.00000000E+00  0.00000000E+00  0.84330000E+00  0.90670000E+00  0.00000000E+00  0.00000000E+00  0.00000000E+00  0.00000000E+00  0.00000000E+00  0.00000000E+00
   0.20340000E+15  0.18610000E+34  0.12000000E+00  0.36740000E-01  0.00000000E+00  0.96330000E+00  0.36740000E-01  0.00000000E+00  0.00000000E+00  0.00000000E+00  0.00000000E+00  0.00000000E+00  0.00000000E+00  0.85200000E+00  0.91220000E+00  0.00000000E+00  0.00000000E+00  0.00000000E+00  0.00000000E+00  0.00000000E+00  0.00000000E+00
   0.18630000E+15  0.14550000E+34  0.11000000E+00  0.34970000E-01  0.00000000E+00  0.96500000E+00  0.34970000E-01  0.00000000E+00  0.00000000E+00  0.00000000E+00  0.00000000E+00  0.00000000E+00  0.00000000E+00  0.86130000E+00  0.91810000E+00  0.00000000E+00  0.00000000E+00  0.00000000E+00  0.00000000E+00  0.00000000E+00  0.00000000E+00
   0.16920000E+15  0.11110000E+34  0.10000000E+00  0.33260000E-01  0.00000000E+00  0.96670000E+00  0.33260000E-01  0.00000000E+00  0.00000000E+00  0.00000000E+00  0.00000000E+00  0.00000000E+00  0.00000000E+00  0.87100000E+00  0.92420000E+00  0.00000000E+00  0.00000000E+00  0.00000000E+00  0.00000000E+00  0.00000000E+00  0.00000000E+00
   0.15220000E+15  0.82640000E+33  0.90000000E-01  0.31640000E-01  0.00000000E+00  0.96840000E+00  0.31640000E-01  0.00000000E+00  0.00000000E+00  0.00000000E+00  0.00000000E+00  0.00000000E+00  0.00000000E+00  0.88140000E+00  0.93050000E+00  0.00000000E+00  0.00000000E+00  0.00000000E+00  0.00000000E+00  0.00000000E+00  0.00000000E+00
   0.13520000E+15  0.59440000E+33  0.80000000E-01  0.30140000E-01  0.00000000E+00  0.96990000E+00  0.30140000E-01  0.00000000E+00  0.00000000E+00  0.00000000E+00  0.00000000E+00  0.00000000E+00  0.00000000E+00  0.89220000E+00  0.93710000E+00  0.00000000E+00  0.00000000E+00  0.00000000E+00  0.00000000E+00  0.00000000E+00  0.00000000E+00
   0.11820000E+15  0.41020000E+33  0.70000000E-01  0.28780000E-01  0.00000000E+00  0.97120000E+00  0.28780000E-01  0.00000000E+00  0.00000000E+00  0.00000000E+00  0.00000000E+00  0.00000000E+00  0.00000000E+00  0.90370000E+00  0.94400000E+00  0.00000000E+00  0.00000000E+00  0.00000000E+00  0.00000000E+00  0.00000000E+00  0.00000000E+00
   8.011E+13        2.745E+32        4.750E-02	    1500     183     40
   3.432E+13        7.426E+31        2.040E-02	    1800     193     50
   1.496E+13        2.096E+31        8.910E-03	    1350     164     50 
   9.685E+12        1.107E+31        5.770E-03	    1100     161     50 
   6.257E+12        6.193E+30        3.730E-03	     950     159     50 
   2.665E+12        2.637E+30        1.590E-03	     500     117     40
   1.472E+12        1.695E+30        8.790E-04       320     116     40 
   1.004E+12        1.261E+30        6.000E-04	     250     116     40 
   6.692E+11        8.740E+29        4.000E-04	     200     116     40 
   5.409E+11        7.000E+29        3.234E-04	     180     116     40   \ Phase transition to the outer crust:
   3.935e+11        6.999e+29        2.355e-04       130     130     40   / pressure continuous but density jumps
   3.285e+11        5.816e+29        1.966e-04        88      88     28
   2.635e+11        4.473e+29        1.578e-04        86      86     28
   2.044e+11        3.290e+29        1.224e-04        84      84     28
   1.855e+11        2.892e+29       1.1115e-04        84      84     28
   1.711e+11        2.597e+29        1.025e-04        84      84     28
   1.390e+11        2.033e+29        8.331e-05        82      82     28
   1.076e+11        1.495e+29        6.455e-05        80      80     28
   8.335e+10        1.100e+29       5.0014e-05        78      78     28
   6.617e+10        8.089e+28        3.971e-05        78      78     28
   5.255e+10        5.949e+28       3.1545e-05        78      78     28
   4.172e+10        4.628e+28        2.506e-05        80      80     30
   3.314e+10        3.404e+28        1.990e-05        80      80     30
   2.631e+10        2.503e+28        1.581e-05        80      80     30
  2.1175e+10        1.938e+28       1.2725e-05        78      78     30
   1.660e+10        1.425e+28        9.981e-06        72      72     28
   1.273e+10        1.048e+28        7.653e-06        84      84     34
   1.011e+10        7.702e+27        6.077e-06        84      84     34
   8.025e+09        5.662e+27        4.827e-06        84      84     34
   6.602e+09        4.362e+27        3.971e-06        84      84     34
   4.074e+09        2.356e+27        2.452e-06        68      68     28
   2.570e+09        1.272e+27        1.547e-06        68      68     28
   1.621e+09        6.860e+26        9.761e-07        68      68     28
   1.288e+09        5.036e+26        7.753e-07        68      68     28
   1.045e+09        4.129e+26        6.294e-07        64      64     28
   8.301e+08        3.029e+26        5.000e-07        64      64     28
   5.237e+08        1.629e+26        3.155e-07        64      64     28
   3.304e+08        8.738e+25        1.990e-07        64      64     28
   2.624e+08        6.676e+25        1.581e-07        64      62     28
   1.315e+08        2.604e+25        7.924e-08        62      62     28
   6.589e+07        1.006e+25        3.972e-08        62      62     28
   3.302e+07        3.833e+24        1.990e-08        62      62     28
   1.655e+07        1.435e+24        9.976e-09        62      62     28
   8.293e+06        5.259e+23        5.000e-09        62      62     28
   6.588e+06        3.911e+23        3.972e-09        56      56     26
   2.622e+06        9.755e+22        1.581e-09        56      56     26
   1.044e+06        2.318e+22        6.294e-10        56      56     26
   4.156e+05        5.266e+21        2.506e-10        56      56     26
   1.654e+05        1.151e+21        9.976e-11        56      56     26
   6.587E+04        2.431E+20        3.972E-11        56      56     26
   2.622E+04        4.968E+19        1.581E-11        56      56     26
   1.044E+04        9.744E+18        6.295E-12        56      56     26
   1.150E+03        1.900E+17        6.930E-13        56      56     26
   2.120E+02        5.820E+15        1.270E-13        56      56     26
   4.510E+01        1.700E+14        2.720E-14        56      56     26
   1.640E+01        1.400E+13        9.900E-15        56      56     26
   1.160E+01        1.210E+12        6.990E-15        56      56     26
   8.150E+00        1.010E+11        4.910E-15        56      56     26
   7.900E+00        1.010E+10        4.760E-15        56      56     26
   7.860E+00        1.010E+09        4.730E-15        56      56     26
   7.800E+00        1.010E+08        4.700E-15        56      56     26






CRUST: from "Crust_EOS_Cat_HZD-NV.dat":
             Haensel-Zdunik-Dobaczewski below neutron drip
             Negele-Vautherin above neutron drip

******************************************************************************************************************************************************

CRUST-CORE BOUNDARY:the last line in the core is:

   Rho        Press       nbar       Ye
  g/cm3     dyne/cm2     #/fm3                  [A_cell]     [A_ion]      [Z]

1.5197E+14 9.2819E+32 9.0000E-02 3.1606E-02
 3.493E+13  7.311E+31  2.096E-02                  1127.        124.        26.

This garantees good match between Ye in the core (3.1606E-02) and the last one in the crust: Z= 32 A_cell=982 => Ye = 0.0326

******************************************************************************************************************************************************

These two lines are eliminated: phase transition to Pi^- condensate

 3.4147E+14 6.2938E+33 2.0000E-01 5.3463E-02 1.2461E-02 9.3408E-01 6.5924E-02 0.0000E+00 0.0000E+00 0.0000E+00 0.0000E+00 5.7017E-01 7.6464E-01 0.0000E+00 0.0000E+00 0.0000E+00 0.0000E+00
 3.2403E+14 7.7987E+33 1.9000E-01 5.2950E-02 1.1105E-02 9.3595E-01 6.4054E-02 0.0000E+00 0.0000E+00 0.0000E+00 0.0000E+00 5.8122E-01 7.7358E-01 0.0000E+00 0.0000E+00 0.0000E+00 0.0000E+00

These are the last lines calculated by Andrew Steiner, but cut-off to match with the crust:

 1.3499E+14 6.9528E+32 8.0000E-02 2.7937E-02 0.0000E+00 9.7206E-01 2.7936E-02 0.0000E+00 0.0000E+00 0.0000E+00 0.0000E+00 7.5316E-01 8.9216E-01 0.0000E+00 0.0000E+00 0.0000E+00 0.0000E+00
 1.1803e+14 5.1444e+32 7.0000e-02 2.4017e-02 0.0000e+00 9.7598e-01 2.4016e-02 0.0000e+00 0.0000e+00 0.0000e+00 0.0000e+00 7.7587e-01 9.0461e-01 0.0000e+00 0.0000e+00 0.0000e+00 0.0000e+00 
 1.0110e+14 3.7582e+32 6.0000e-02 1.9901e-02 0.0000e+00 9.8010e-01 1.9901e-02 0.0000e+00 0.0000e+00 0.0000e+00 0.0000e+00 8.0035e-01 9.1736e-01 0.0000e+00 0.0000e+00 0.0000e+00 0.0000e+00 
 8.4192e+13 2.7001e+32 5.0000e-02 1.5680e-02 0.0000e+00 9.8432e-01 1.5680e-02 0.0000e+00 0.0000e+00 0.0000e+00 0.0000e+00 8.2683e-01 9.3040e-01 0.0000e+00 0.0000e+00 0.0000e+00 0.0000e+00 
 6.7303e+13 1.8846e+32 4.0000e-02 1.1491e-02 0.0000e+00 9.8851e-01 1.1491e-02 0.0000e+00 0.0000e+00 0.0000e+00 0.0000e+00 8.5558e-01 9.4372e-01 0.0000e+00 0.0000e+00 0.0000e+00 0.0000e+00 
 5.0435e+13 1.2400e+32 3.0000e-02 7.5179e-03 0.0000e+00 9.9248e-01 7.5179e-03 0.0000e+00 0.0000e+00 0.0000e+00 0.0000e+00 8.8690e-01 9.5731e-01 0.0000e+00 0.0000e+00 0.0000e+00 0.0000e+00 
 3.3589e+13 7.1313e+31 2.0000e-02 4.0073e-03 0.0000e+00 9.9599e-01 4.0069e-03 0.0000e+00 0.0000e+00 0.0000e+00 0.0000e+00 9.2115e-01 9.7119e-01 0.0000e+00 0.0000e+00 0.0000e+00 0.0000e+00 




