      6    418    279          Itext Imax Icore

	BM165 WITH hyperons Bednarek et al. A&A 2012

   Rho	   Press	    nbar	    Ye	    Ymu	    Yn	    Yp	    Yla	    Ysm	    Ys0	    Ysp	Yxim	Yxi0	   mstp	   mstn	   mstla	   mstsm	   msts0	   mstsp	mstxim	mstxi0
  g/cm3	 dyne/cm2	   #/fm3	  [A_cell]	   [A_ion]	    [Z]													

3.0521860E+15	1.4748409E+36	1.2368948E+00	2.5122254E-02	1.4632816E-02	5.1379903E-01	1.7021026E-01	1.8553553E-01	8.9604826E-02	0.0000000E+00	0.0000000E+00	4.0850361E-02	0.0000000E+00	4.0156721E-01	5.6005909E-01	5.5575715E-01	6.4252285E-01	0.0000000E+00	0.0000000E+00	6.5295984E-01	0.0000000E+00
3.0186938E+15	1.4414377E+36	1.2280327E+00	2.5435257E-02	1.4848448E-02	5.1473455E-01	1.7002230E-01	1.8550455E-01	8.8810631E-02	0.0000000E+00	0.0000000E+00	4.0927968E-02	0.0000000E+00	4.0074553E-01	5.5935572E-01	5.5629900E-01	6.4311958E-01	0.0000000E+00	0.0000000E+00	6.5445819E-01	0.0000000E+00
2.9855405E+15	1.4089087E+36	1.2191902E+00	2.5751039E-02	1.5065921E-02	5.1568530E-01	1.6983312E-01	1.8546541E-01	8.8008526E-02	0.0000000E+00	0.0000000E+00	4.1007637E-02	0.0000000E+00	3.9992846E-01	5.5865598E-01	5.5684475E-01	6.4371915E-01	0.0000000E+00	0.0000000E+00	6.5595981E-01	0.0000000E+00
2.9527497E+15	1.3772384E+36	1.2103756E+00	2.6068899E-02	1.5284681E-02	5.1664810E-01	1.6964322E-01	1.8541903E-01	8.7197835E-02	0.0000000E+00	0.0000000E+00	4.1091810E-02	0.0000000E+00	3.9911709E-01	5.5795967E-01	5.5739339E-01	6.4431964E-01	0.0000000E+00	0.0000000E+00	6.5746226E-01	0.0000000E+00
2.9203403E+15	1.3464085E+36	1.2015958E+00	2.6388210E-02	1.5504228E-02	5.1762018E-01	1.6945304E-01	1.8536618E-01	8.6377977E-02	0.0000000E+00	0.0000000E+00	4.1182622E-02	0.0000000E+00	3.9831234E-01	5.5726664E-01	5.5794403E-01	6.4491938E-01	0.0000000E+00	0.0000000E+00	6.5896340E-01	0.0000000E+00
2.8883265E+15	1.3163988E+36	1.1928564E+00	2.6708413E-02	1.5724117E-02	5.1859912E-01	1.6926292E-01	1.8530757E-01	8.5548463E-02	0.0000000E+00	0.0000000E+00	4.1281925E-02	0.0000000E+00	3.9751500E-01	5.5657674E-01	5.5849592E-01	6.4551695E-01	0.0000000E+00	0.0000000E+00	6.6046139E-01	0.0000000E+00
2.8567187E+15	1.2871874E+36	1.1841623E+00	2.7029020E-02	1.5943954E-02	5.1958285E-01	1.6907317E-01	1.8524379E-01	8.4708883E-02	0.0000000E+00	0.0000000E+00	4.1391308E-02	0.0000000E+00	3.9672575E-01	5.5588988E-01	5.5904841E-01	6.4611111E-01	0.0000000E+00	0.0000000E+00	6.6195464E-01	0.0000000E+00
2.8255239E+15	1.2587513E+36	1.1755174E+00	2.7349600E-02	1.6163394E-02	5.2056961E-01	1.6888402E-01	1.8517534E-01	8.3858901E-02	0.0000000E+00	0.0000000E+00	4.1512124E-02	0.0000000E+00	3.9594515E-01	5.5520595E-01	5.5960096E-01	6.4670084E-01	0.0000000E+00	0.0000000E+00	6.6344184E-01	0.0000000E+00
2.7947461E+15	1.2310670E+36	1.1669248E+00	2.7669782E-02	1.6382134E-02	5.2155794E-01	1.6869567E-01	1.8510264E-01	8.2998242E-02	0.0000000E+00	0.0000000E+00	4.1645511E-02	0.0000000E+00	3.9517361E-01	5.5452485E-01	5.6015310E-01	6.4728532E-01	0.0000000E+00	0.0000000E+00	6.6492192E-01	0.0000000E+00
2.7643867E+15	1.2041104E+36	1.1583870E+00	2.7989247E-02	1.6599913E-02	5.2254661E-01	1.6850826E-01	1.8502603E-01	8.2126689E-02	0.0000000E+00	0.0000000E+00	4.1792411E-02	0.0000000E+00	3.9441155E-01	5.5384656E-01	5.6070447E-01	6.4786384E-01	0.0000000E+00	0.0000000E+00	6.6639397E-01	0.0000000E+00
2.7344452E+15	1.1778575E+36	1.1499057E+00	2.8307723E-02	1.6816505E-02	5.2353466E-01	1.6832190E-01	1.8494577E-01	8.1244073E-02	0.0000000E+00	0.0000000E+00	4.1953597E-02	0.0000000E+00	3.9365922E-01	5.5317099E-01	5.6125478E-01	6.4843590E-01	0.0000000E+00	0.0000000E+00	6.6785731E-01	0.0000000E+00
2.7049191E+15	1.1522843E+36	1.1414823E+00	2.8624982E-02	1.7031721E-02	5.2452131E-01	1.6813665E-01	1.8486208E-01	8.0350266E-02	0.0000000E+00	0.0000000E+00	4.2129685E-02	0.0000000E+00	3.9291688E-01	5.5249816E-01	5.6180378E-01	6.4900105E-01	0.0000000E+00	0.0000000E+00	6.6931136E-01	0.0000000E+00
2.6758044E+15	1.1273670E+36	1.1331175E+00	2.8940836E-02	1.7245400E-02	5.2550599E-01	1.6795257E-01	1.8477510E-01	7.9445180E-02	0.0000000E+00	0.0000000E+00	4.2321156E-02	0.0000000E+00	3.9218466E-01	5.5182803E-01	5.6235134E-01	6.4955904E-01	0.0000000E+00	0.0000000E+00	6.7075577E-01	0.0000000E+00
2.6470958E+15	1.1030826E+36	1.1248118E+00	2.9255131E-02	1.7457411E-02	5.2648828E-01	1.6776967E-01	1.8468492E-01	7.8528756E-02	0.0000000E+00	0.0000000E+00	4.2528371E-02	0.0000000E+00	3.9146271E-01	5.5116061E-01	5.6289732E-01	6.5010965E-01	0.0000000E+00	0.0000000E+00	6.7219023E-01	0.0000000E+00
2.6187873E+15	1.0794083E+36	1.1165652E+00	2.9567747E-02	1.7667647E-02	5.2746793E-01	1.6758794E-01	1.8459159E-01	7.7600965E-02	0.0000000E+00	0.0000000E+00	4.2751582E-02	0.0000000E+00	3.9075111E-01	5.5049594E-01	5.6344168E-01	6.5065278E-01	0.0000000E+00	0.0000000E+00	6.7361459E-01	0.0000000E+00
2.5908718E+15	1.0563220E+36	1.1083775E+00	2.9878591E-02	1.7876022E-02	5.2844479E-01	1.6740736E-01	1.8449510E-01	7.6661798E-02	0.0000000E+00	0.0000000E+00	4.2990950E-02	0.0000000E+00	3.9004991E-01	5.4983403E-01	5.6398439E-01	6.5118840E-01	0.0000000E+00	0.0000000E+00	6.7502880E-01	0.0000000E+00
2.5633416E+15	1.0338024E+36	1.1002483E+00	3.0187597E-02	1.8082475E-02	5.2941888E-01	1.6722789E-01	1.8439541E-01	7.5711268E-02	0.0000000E+00	0.0000000E+00	4.3246551E-02	0.0000000E+00	3.8935912E-01	5.4917494E-01	5.6452548E-01	6.5171657E-01	0.0000000E+00	0.0000000E+00	6.7643288E-01	0.0000000E+00
2.5361885E+15	1.0118289E+36	1.0921768E+00	3.0494723E-02	1.8286958E-02	5.3039027E-01	1.6704948E-01	1.8429246E-01	7.4749406E-02	0.0000000E+00	0.0000000E+00	4.3518388E-02	0.0000000E+00	3.8867876E-01	5.4851874E-01	5.6506501E-01	6.5223737E-01	0.0000000E+00	0.0000000E+00	6.7782692E-01	0.0000000E+00
2.5094040E+15	9.9038143E+35	1.0841622E+00	3.0799947E-02	1.8489444E-02	5.3135916E-01	1.6687205E-01	1.8418613E-01	7.3776257E-02	0.0000000E+00	0.0000000E+00	4.3806403E-02	0.0000000E+00	3.8800881E-01	5.4786549E-01	5.6560307E-01	6.5275095E-01	0.0000000E+00	0.0000000E+00	6.7921107E-01	0.0000000E+00
2.4829793E+15	9.6944101E+35	1.0762035E+00	3.1103267E-02	1.8689918E-02	5.3232582E-01	1.6669554E-01	1.8407629E-01	7.2791876E-02	0.0000000E+00	0.0000000E+00	4.4110477E-02	0.0000000E+00	3.8734923E-01	5.4721527E-01	5.6613977E-01	6.5325751E-01	0.0000000E+00	0.0000000E+00	6.8058554E-01	0.0000000E+00
2.4569054E+15	9.4898920E+35	1.0682994E+00	3.1404697E-02	1.8888380E-02	5.3329060E-01	1.6651986E-01	1.8396276E-01	7.1796334E-02	0.0000000E+00	0.0000000E+00	4.4430444E-02	0.0000000E+00	3.8670002E-01	5.4656818E-01	5.6667525E-01	6.5375728E-01	0.0000000E+00	0.0000000E+00	6.8195062E-01	0.0000000E+00
2.4311732E+15	9.2900839E+35	1.0604489E+00	3.1704268E-02	1.9084843E-02	5.3425392E-01	1.6634491E-01	1.8384537E-01	7.0789706E-02	0.0000000E+00	0.0000000E+00	4.4766093E-02	0.0000000E+00	3.8606109E-01	5.4592433E-01	5.6720968E-01	6.5425054E-01	0.0000000E+00	0.0000000E+00	6.8330660E-01	0.0000000E+00
2.4057735E+15	9.0948168E+35	1.0526505E+00	3.2002022E-02	1.9279328E-02	5.3521625E-01	1.6617060E-01	1.8372390E-01	6.9772078E-02	0.0000000E+00	0.0000000E+00	4.5117172E-02	0.0000000E+00	3.8543242E-01	5.4528382E-01	5.6774323E-01	6.5473759E-01	0.0000000E+00	0.0000000E+00	6.8465384E-01	0.0000000E+00
2.3806973E+15	8.9039293E+35	1.0449028E+00	3.2298018E-02	1.9471870E-02	5.3617813E-01	1.6599683E-01	1.8359811E-01	6.8743543E-02	0.0000000E+00	0.0000000E+00	4.5483395E-02	0.0000000E+00	3.8481393E-01	5.4464679E-01	5.6827612E-01	6.5521873E-01	0.0000000E+00	0.0000000E+00	6.8599270E-01	0.0000000E+00
2.3559353E+15	8.7172668E+35	1.0372045E+00	3.2592323E-02	1.9662509E-02	5.3714013E-01	1.6582348E-01	1.8346775E-01	6.7704201E-02	0.0000000E+00	0.0000000E+00	4.5864443E-02	0.0000000E+00	3.8420561E-01	5.4401336E-01	5.6880854E-01	6.5569433E-01	0.0000000E+00	0.0000000E+00	6.8732357E-01	0.0000000E+00
2.3314785E+15	8.5346818E+35	1.0295539E+00	3.2885016E-02	1.9851297E-02	5.3810287E-01	1.6565044E-01	1.8333256E-01	6.6654155E-02	0.0000000E+00	0.0000000E+00	4.6259971E-02	0.0000000E+00	3.8360739E-01	5.4338369E-01	5.6934075E-01	6.5616474E-01	0.0000000E+00	0.0000000E+00	6.8864689E-01	0.0000000E+00
2.3073181E+15	8.3560331E+35	1.0219496E+00	3.3176187E-02	2.0038291E-02	5.3906704E-01	1.6547760E-01	1.8319225E-01	6.5593515E-02	0.0000000E+00	0.0000000E+00	4.6669604E-02	0.0000000E+00	3.8301921E-01	5.4275790E-01	5.6987297E-01	6.5663036E-01	0.0000000E+00	0.0000000E+00	6.8996312E-01	0.0000000E+00
2.2834452E+15	8.1811863E+35	1.0143900E+00	3.3465933E-02	2.0223557E-02	5.4003332E-01	1.6530483E-01	1.8304651E-01	6.4522397E-02	0.0000000E+00	0.0000000E+00	4.7092944E-02	0.0000000E+00	3.8244107E-01	5.4213618E-01	5.7040547E-01	6.5709155E-01	0.0000000E+00	0.0000000E+00	6.9127268E-01	0.0000000E+00
2.2598513E+15	8.0100128E+35	1.0068736E+00	3.3754361E-02	2.0407165E-02	5.4100246E-01	1.6513202E-01	1.8289502E-01	6.3440920E-02	0.0000000E+00	0.0000000E+00	4.7529572E-02	0.0000000E+00	3.8187288E-01	5.4151868E-01	5.7093852E-01	6.5754876E-01	0.0000000E+00	0.0000000E+00	6.9257609E-01	0.0000000E+00
2.2365276E+15	7.8423900E+35	9.9939874E-01	3.4041585E-02	2.0589194E-02	5.4197525E-01	1.6495903E-01	1.8273747E-01	6.2349208E-02	0.0000000E+00	0.0000000E+00	4.7979046E-02	0.0000000E+00	3.8131467E-01	5.4090559E-01	5.7147239E-01	6.5800238E-01	0.0000000E+00	0.0000000E+00	6.9387381E-01	0.0000000E+00
2.2134661E+15	7.6782008E+35	9.9196384E-01	3.4327726E-02	2.0769727E-02	5.4295247E-01	1.6478575E-01	1.8257349E-01	6.1247390E-02	0.0000000E+00	0.0000000E+00	4.8440905E-02	0.0000000E+00	3.8076634E-01	5.4029708E-01	5.7200737E-01	6.5845288E-01	0.0000000E+00	0.0000000E+00	6.9516638E-01	0.0000000E+00
2.1906585E+15	7.5173337E+35	9.8456733E-01	3.4612914E-02	2.0948852E-02	5.4393497E-01	1.6461203E-01	1.8240273E-01	6.0135599E-02	0.0000000E+00	0.0000000E+00	4.8914666E-02	0.0000000E+00	3.8022798E-01	5.3969336E-01	5.7254377E-01	6.5890065E-01	0.0000000E+00	0.0000000E+00	6.9645426E-01	0.0000000E+00
2.1680967E+15	7.3596821E+35	9.7720762E-01	3.4897284E-02	2.1126663E-02	5.4492363E-01	1.6443775E-01	1.8222482E-01	5.9013974E-02	0.0000000E+00	0.0000000E+00	4.9399830E-02	0.0000000E+00	3.7969950E-01	5.3909462E-01	5.7308188E-01	6.5934619E-01	0.0000000E+00	0.0000000E+00	6.9773803E-01	0.0000000E+00
2.1457731E+15	7.2051444E+35	9.6988313E-01	3.5180978E-02	2.1303258E-02	5.4591932E-01	1.6426277E-01	1.8203937E-01	5.7882657E-02	0.0000000E+00	0.0000000E+00	4.9895878E-02	0.0000000E+00	3.7918092E-01	5.3850108E-01	5.7362202E-01	6.5978992E-01	0.0000000E+00	0.0000000E+00	6.9901819E-01	0.0000000E+00
2.1236801E+15	7.0536237E+35	9.6259227E-01	3.5464145E-02	2.1478741E-02	5.4692299E-01	1.6408695E-01	1.8184599E-01	5.6741797E-02	0.0000000E+00	0.0000000E+00	5.0402271E-02	0.0000000E+00	3.7867231E-01	5.3791296E-01	5.7416454E-01	6.6023233E-01	0.0000000E+00	0.0000000E+00	7.0029526E-01	0.0000000E+00
2.1018100E+15	6.9050274E+35	9.5533348E-01	3.5746938E-02	2.1653220E-02	5.4793558E-01	1.6391016E-01	1.8164426E-01	5.5591548E-02	0.0000000E+00	0.0000000E+00	5.0918453E-02	0.0000000E+00	3.7817362E-01	5.3733049E-01	5.7470974E-01	6.6067387E-01	0.0000000E+00	0.0000000E+00	7.0156983E-01	0.0000000E+00
2.0801558E+15	6.7592674E+35	9.4810520E-01	3.6029519E-02	2.1826805E-02	5.4895807E-01	1.6373224E-01	1.8143376E-01	5.4432071E-02	0.0000000E+00	0.0000000E+00	5.1443849E-02	0.0000000E+00	3.7768492E-01	5.3675390E-01	5.7525798E-01	6.6111504E-01	0.0000000E+00	0.0000000E+00	7.0284243E-01	0.0000000E+00
2.0587104E+15	6.6162593E+35	9.4090587E-01	3.6312056E-02	2.1999615E-02	5.4999149E-01	1.6355306E-01	1.8121406E-01	5.3263531E-02	0.0000000E+00	0.0000000E+00	5.1977862E-02	0.0000000E+00	3.7720627E-01	5.3618345E-01	5.7580960E-01	6.6155630E-01	0.0000000E+00	0.0000000E+00	7.0411361E-01	0.0000000E+00
2.0374667E+15	6.4759228E+35	9.3373397E-01	3.6594720E-02	2.2171769E-02	5.5103686E-01	1.6337247E-01	1.8098469E-01	5.2086104E-02	0.0000000E+00	0.0000000E+00	5.2519876E-02	0.0000000E+00	3.7673774E-01	5.3561941E-01	5.7636498E-01	6.6199817E-01	0.0000000E+00	0.0000000E+00	7.0538394E-01	0.0000000E+00
2.0164182E+15	6.3381811E+35	9.2658796E-01	3.6877691E-02	2.2343393E-02	5.5209526E-01	1.6319031E-01	1.8074521E-01	5.0899970E-02	0.0000000E+00	0.0000000E+00	5.3069255E-02	0.0000000E+00	3.7627937E-01	5.3506203E-01	5.7692447E-01	6.6244111E-01	0.0000000E+00	0.0000000E+00	7.0665399E-01	0.0000000E+00
1.9955581E+15	6.2029611E+35	9.1946632E-01	3.7161154E-02	2.2514616E-02	5.5316779E-01	1.6300643E-01	1.8049512E-01	4.9705321E-02	0.0000000E+00	0.0000000E+00	5.3625338E-02	0.0000000E+00	3.7583126E-01	5.3451160E-01	5.7748846E-01	6.6288567E-01	0.0000000E+00	0.0000000E+00	7.0792434E-01	0.0000000E+00
1.9748802E+15	6.0701928E+35	9.1236755E-01	3.7445302E-02	2.2685572E-02	5.5425559E-01	1.6282067E-01	1.8023394E-01	4.8502355E-02	0.0000000E+00	0.0000000E+00	5.4187442E-02	0.0000000E+00	3.7539351E-01	5.3396840E-01	5.7805732E-01	6.6333233E-01	0.0000000E+00	0.0000000E+00	7.0919557E-01	0.0000000E+00
1.9543781E+15	5.9398095E+35	9.0529017E-01	3.7730333E-02	2.2856400E-02	5.5535983E-01	1.6263287E-01	1.7996115E-01	4.7291282E-02	0.0000000E+00	0.0000000E+00	5.4754860E-02	0.0000000E+00	3.7496623E-01	5.3343274E-01	5.7863146E-01	6.6378160E-01	0.0000000E+00	0.0000000E+00	7.1046828E-01	0.0000000E+00
1.9340457E+15	5.8117475E+35	8.9823268E-01	3.8016451E-02	2.3027243E-02	5.5648170E-01	1.6244287E-01	1.7967624E-01	4.6072324E-02	0.0000000E+00	0.0000000E+00	5.5326857E-02	0.0000000E+00	3.7454957E-01	5.3290495E-01	5.7921130E-01	6.6423403E-01	0.0000000E+00	0.0000000E+00	7.1174304E-01	0.0000000E+00
1.9138770E+15	5.6859460E+35	8.9119362E-01	3.8303869E-02	2.3198247E-02	5.5762246E-01	1.6225050E-01	1.7937866E-01	4.4845714E-02	0.0000000E+00	0.0000000E+00	5.5902671E-02	0.0000000E+00	3.7414365E-01	5.3238533E-01	5.7979722E-01	6.6469014E-01	0.0000000E+00	0.0000000E+00	7.1302044E-01	0.0000000E+00
1.8938663E+15	5.5623468E+35	8.8417153E-01	3.8592806E-02	2.3369567E-02	5.5878337E-01	1.6205558E-01	1.7906784E-01	4.3611698E-02	0.0000000E+00	0.0000000E+00	5.6481510E-02	0.0000000E+00	3.7374865E-01	5.3187425E-01	5.8038967E-01	6.6515046E-01	0.0000000E+00	0.0000000E+00	7.1430112E-01	0.0000000E+00
1.8740079E+15	5.4408945E+35	8.7716495E-01	3.8883488E-02	2.3541358E-02	5.5996575E-01	1.6185794E-01	1.7874323E-01	4.2370540E-02	0.0000000E+00	0.0000000E+00	5.7062550E-02	0.0000000E+00	3.7336474E-01	5.3137205E-01	5.8098909E-01	6.6561555E-01	0.0000000E+00	0.0000000E+00	7.1558573E-01	0.0000000E+00
1.8542962E+15	5.3215362E+35	8.7017245E-01	3.9176151E-02	2.3713784E-02	5.6117096E-01	1.6165738E-01	1.7840421E-01	4.1122516E-02	0.0000000E+00	0.0000000E+00	5.7644932E-02	0.0000000E+00	3.7299211E-01	5.3087910E-01	5.8159593E-01	6.6608597E-01	0.0000000E+00	0.0000000E+00	7.1687478E-01	0.0000000E+00
1.8347257E+15	5.2042213E+35	8.6319260E-01	3.9471036E-02	2.3887014E-02	5.6240041E-01	1.6145373E-01	1.7805017E-01	3.9867925E-02	0.0000000E+00	0.0000000E+00	5.8227761E-02	0.0000000E+00	3.7263099E-01	5.3039578E-01	5.8221064E-01	6.6656227E-01	0.0000000E+00	0.0000000E+00	7.1816897E-01	0.0000000E+00
1.8152911E+15	5.0889018E+35	8.5622398E-01	3.9768394E-02	2.4061221E-02	5.6365554E-01	1.6124680E-01	1.7768048E-01	3.8607082E-02	0.0000000E+00	0.0000000E+00	5.8810102E-02	0.0000000E+00	3.7228160E-01	5.2992249E-01	5.8283370E-01	6.6704503E-01	0.0000000E+00	0.0000000E+00	7.1946898E-01	0.0000000E+00
1.7959874E+15	4.9755314E+35	8.4926517E-01	4.0068486E-02	2.4236584E-02	5.6493785E-01	1.6103637E-01	1.7729447E-01	3.7340326E-02	0.0000000E+00	0.0000000E+00	5.9390977E-02	0.0000000E+00	3.7194419E-01	5.2945966E-01	5.8346561E-01	6.6753482E-01	0.0000000E+00	0.0000000E+00	7.2077535E-01	0.0000000E+00
1.7768093E+15	4.8640665E+35	8.4231476E-01	4.0371580E-02	2.4413290E-02	5.6624889E-01	1.6082226E-01	1.7689146E-01	3.6068023E-02	0.0000000E+00	0.0000000E+00	5.9969364E-02	0.0000000E+00	3.7161903E-01	5.2900770E-01	5.8410685E-01	6.6803226E-01	0.0000000E+00	0.0000000E+00	7.2208878E-01	0.0000000E+00
1.7577519E+15	4.7544652E+35	8.3537136E-01	4.0677956E-02	2.4591530E-02	5.6759026E-01	1.6060424E-01	1.7647075E-01	3.4790562E-02	0.0000000E+00	0.0000000E+00	6.0544189E-02	0.0000000E+00	3.7130642E-01	5.2856708E-01	5.8475794E-01	6.6853793E-01	0.0000000E+00	0.0000000E+00	7.2340995E-01	0.0000000E+00
1.7388104E+15	4.6466876E+35	8.2843358E-01	4.0987901E-02	2.4771503E-02	5.6896362E-01	1.6038209E-01	1.7603160E-01	3.3508366E-02	0.0000000E+00	0.0000000E+00	6.1114324E-02	0.0000000E+00	3.7100667E-01	5.2813825E-01	5.8541942E-01	6.6905246E-01	0.0000000E+00	0.0000000E+00	7.2473952E-01	0.0000000E+00
1.7199799E+15	4.5406958E+35	8.2150004E-01	4.1301715E-02	2.4953415E-02	5.7037067E-01	1.6015561E-01	1.7557324E-01	3.2221891E-02	0.0000000E+00	0.0000000E+00	6.1678586E-02	0.0000000E+00	3.7072012E-01	5.2772171E-01	5.8609182E-01	6.6957646E-01	0.0000000E+00	0.0000000E+00	7.2607814E-01	0.0000000E+00
1.7012560E+15	4.4364538E+35	8.1456936E-01	4.1619709E-02	2.5137480E-02	5.7181320E-01	1.5992455E-01	1.7509490E-01	3.0931632E-02	0.0000000E+00	0.0000000E+00	6.2235725E-02	0.0000000E+00	3.7044713E-01	5.2731796E-01	5.8677572E-01	6.7011059E-01	0.0000000E+00	0.0000000E+00	7.2742653E-01	0.0000000E+00
1.6826339E+15	4.3339273E+35	8.0764019E-01	4.1942203E-02	2.5323916E-02	5.7329304E-01	1.5968867E-01	1.7459574E-01	2.9638124E-02	0.0000000E+00	0.0000000E+00	6.2784426E-02	0.0000000E+00	3.7018808E-01	5.2692755E-01	5.8747168E-01	6.7065547E-01	0.0000000E+00	0.0000000E+00	7.2878535E-01	0.0000000E+00
1.6641093E+15	4.2330838E+35	8.0071117E-01	4.2269531E-02	2.5512952E-02	5.7481210E-01	1.5944773E-01	1.7407492E-01	2.8341952E-02	0.0000000E+00	0.0000000E+00	6.3323297E-02	0.0000000E+00	3.6994340E-01	5.2655101E-01	5.8818031E-01	6.7121178E-01	0.0000000E+00	0.0000000E+00	7.3015542E-01	0.0000000E+00
1.6456779E+15	4.1338925E+35	7.9378097E-01	4.2602039E-02	2.5704824E-02	5.7637234E-01	1.5920149E-01	1.7353155E-01	2.7043756E-02	0.0000000E+00	0.0000000E+00	6.3850867E-02	0.0000000E+00	3.6971354E-01	5.2618892E-01	5.8890221E-01	6.7178019E-01	0.0000000E+00	0.0000000E+00	7.3153732E-01	0.0000000E+00
1.6273354E+15	4.0363242E+35	7.8684825E-01	4.2940083E-02	2.5899777E-02	5.7797582E-01	1.5894967E-01	1.7296471E-01	2.5744235E-02	0.0000000E+00	0.0000000E+00	6.4365575E-02	0.0000000E+00	3.6949896E-01	5.2584188E-01	5.8963802E-01	6.7236139E-01	0.0000000E+00	0.0000000E+00	7.3293185E-01	0.0000000E+00
1.6090777E+15	3.9403516E+35	7.7991172E-01	4.3284036E-02	2.6098061E-02	5.7962462E-01	1.5869202E-01	1.7237344E-01	2.4444156E-02	0.0000000E+00	0.0000000E+00	6.4865765E-02	0.0000000E+00	3.6930016E-01	5.2551052E-01	5.9038837E-01	6.7295608E-01	0.0000000E+00	0.0000000E+00	7.3433973E-01	0.0000000E+00
1.5909009E+15	3.8459489E+35	7.7297009E-01	4.3634279E-02	2.6299938E-02	5.8132096E-01	1.5842826E-01	1.7175674E-01	2.3144367E-02	0.0000000E+00	0.0000000E+00	6.5349675E-02	0.0000000E+00	3.6911769E-01	5.2519549E-01	5.9115395E-01	6.7356497E-01	0.0000000E+00	0.0000000E+00	7.3576171E-01	0.0000000E+00
1.5728010E+15	3.7530919E+35	7.6602209E-01	4.3991210E-02	2.6505677E-02	5.8306706E-01	1.5815812E-01	1.7111359E-01	2.1845804E-02	0.0000000E+00	0.0000000E+00	6.5815426E-02	0.0000000E+00	3.6895212E-01	5.2489748E-01	5.9193544E-01	6.7418878E-01	0.0000000E+00	0.0000000E+00	7.3719858E-01	0.0000000E+00
1.5547744E+15	3.6617582E+35	7.5906652E-01	4.4355238E-02	2.6715553E-02	5.8486527E-01	1.5788131E-01	1.7044291E-01	2.0549505E-02	0.0000000E+00	0.0000000E+00	6.6261012E-02	0.0000000E+00	3.6880408E-01	5.2461720E-01	5.9273355E-01	6.7482826E-01	0.0000000E+00	0.0000000E+00	7.3865103E-01	0.0000000E+00
1.5368176E+15	3.5719271E+35	7.5210218E-01	4.4726784E-02	2.6929851E-02	5.8671797E-01	1.5759755E-01	1.6974357E-01	1.9256626E-02	0.0000000E+00	0.0000000E+00	6.6684287E-02	0.0000000E+00	3.6867416E-01	5.2435536E-01	5.9354899E-01	6.7548414E-01	0.0000000E+00	0.0000000E+00	7.4011987E-01	0.0000000E+00
1.5189271E+15	3.4835794E+35	7.4512794E-01	4.5106280E-02	2.7148863E-02	5.8862762E-01	1.5730655E-01	1.6901441E-01	1.7968462E-02	0.0000000E+00	0.0000000E+00	6.7082949E-02	0.0000000E+00	3.6856309E-01	5.2411273E-01	5.9438250E-01	6.7615717E-01	0.0000000E+00	0.0000000E+00	7.4160581E-01	0.0000000E+00
1.5011000E+15	3.3966980E+35	7.3814274E-01	4.5494170E-02	2.7372886E-02	5.9059674E-01	1.5700804E-01	1.6825423E-01	1.6686463E-02	0.0000000E+00	0.0000000E+00	6.7454523E-02	0.0000000E+00	3.6847157E-01	5.2389009E-01	5.9523484E-01	6.7684811E-01	0.0000000E+00	0.0000000E+00	7.4310964E-01	0.0000000E+00
1.4833332E+15	3.3112675E+35	7.3114559E-01	4.5890904E-02	2.7602220E-02	5.9262788E-01	1.5670173E-01	1.6746178E-01	1.5412267E-02	0.0000000E+00	0.0000000E+00	6.7796341E-02	0.0000000E+00	3.6840036E-01	5.2368827E-01	5.9610678E-01	6.7755773E-01	0.0000000E+00	0.0000000E+00	7.4463219E-01	0.0000000E+00
1.4656242E+15	3.2272746E+35	7.2413562E-01	4.6296939E-02	2.7837170E-02	5.9472364E-01	1.5638736E-01	1.6663575E-01	1.4147733E-02	0.0000000E+00	0.0000000E+00	6.8105518E-02	0.0000000E+00	3.6835028E-01	5.2350813E-01	5.9699909E-01	6.7828677E-01	0.0000000E+00	0.0000000E+00	7.4617407E-01	0.0000000E+00
1.4479708E+15	3.1447081E+35	7.1711208E-01	4.6712732E-02	2.8078038E-02	5.9688661E-01	1.5606467E-01	1.6577481E-01	1.2894979E-02	0.0000000E+00	0.0000000E+00	6.8378926E-02	0.0000000E+00	3.6832217E-01	5.2335052E-01	5.9791257E-01	6.7903598E-01	0.0000000E+00	0.0000000E+00	7.4773607E-01	0.0000000E+00
1.4303713E+15	3.0635591E+35	7.1007440E-01	4.7138735E-02	2.8325121E-02	5.9911937E-01	1.5573345E-01	1.6487758E-01	1.1656440E-02	0.0000000E+00	0.0000000E+00	6.8613157E-02	0.0000000E+00	3.6831695E-01	5.2321634E-01	5.9884799E-01	6.7980611E-01	0.0000000E+00	0.0000000E+00	7.4931886E-01	0.0000000E+00
1.4128243E+15	2.9838215E+35	7.0302221E-01	4.7575390E-02	2.8578707E-02	6.0142442E-01	1.5539351E-01	1.6394265E-01	1.0434929E-02	0.0000000E+00	0.0000000E+00	6.8804487E-02	0.0000000E+00	3.6833553E-01	5.2310652E-01	5.9980613E-01	6.8059783E-01	0.0000000E+00	0.0000000E+00	7.5092315E-01	0.0000000E+00
1.3953295E+15	2.9054922E+35	6.9595544E-01	4.8023113E-02	2.8839063E-02	6.0380414E-01	1.5504473E-01	1.6296857E-01	9.2337338E-03	0.0000000E+00	0.0000000E+00	6.8948820E-02	0.0000000E+00	3.6837895E-01	5.2302200E-01	6.0078775E-01	6.8141184E-01	0.0000000E+00	0.0000000E+00	7.5254942E-01	0.0000000E+00
1.3778872E+15	2.8285717E+35	6.8887438E-01	4.8482278E-02	2.9106422E-02	6.0626070E-01	1.5468705E-01	1.6195390E-01	8.0567262E-03	0.0000000E+00	0.0000000E+00	6.9041625E-02	0.0000000E+00	3.6844820E-01	5.2296372E-01	6.0179357E-01	6.8224873E-01	0.0000000E+00	0.0000000E+00	7.5419816E-01	0.0000000E+00
1.3604989E+15	2.7530649E+35	6.8177981E-01	4.8953199E-02	2.9380973E-02	6.0879590E-01	1.5432055E-01	1.6089718E-01	6.9085283E-03	0.0000000E+00	0.0000000E+00	6.9077847E-02	0.0000000E+00	3.6854433E-01	5.2293259E-01	6.0282424E-01	6.8310900E-01	0.0000000E+00	0.0000000E+00	7.5586975E-01	0.0000000E+00
1.3431678E+15	2.6789821E+35	6.7467318E-01	4.9436090E-02	2.9662827E-02	6.1141104E-01	1.5394545E-01	1.5979698E-01	5.7947380E-03	0.0000000E+00	0.0000000E+00	6.9051791E-02	0.0000000E+00	3.6866843E-01	5.2292952E-01	6.0388030E-01	6.8399303E-01	0.0000000E+00	0.0000000E+00	7.5756440E-01	0.0000000E+00
1.3258992E+15	2.6063406E+35	6.6755686E-01	4.9931016E-02	2.9951988E-02	6.1410660E-01	1.5356222E-01	1.5865197E-01	4.7222631E-03	0.0000000E+00	0.0000000E+00	6.8956948E-02	0.0000000E+00	3.6882158E-01	5.2295536E-01	6.0496217E-01	6.8490103E-01	0.0000000E+00	0.0000000E+00	7.5928191E-01	0.0000000E+00
1.3087013E+15	2.5351675E+35	6.6043453E-01	5.0437812E-02	3.0248286E-02	6.1688183E-01	1.5317167E-01	1.5746093E-01	3.6998370E-03	0.0000000E+00	0.0000000E+00	6.8785733E-02	0.0000000E+00	3.6900486E-01	5.2301088E-01	6.0607003E-01	6.8583290E-01	0.0000000E+00	0.0000000E+00	7.6102190E-01	0.0000000E+00
1.2915871E+15	2.4655040E+35	6.5331186E-01	5.0955946E-02	3.0551284E-02	6.1973400E-01	1.5277516E-01	1.5622291E-01	2.7388702E-03	0.0000000E+00	0.0000000E+00	6.8529059E-02	0.0000000E+00	3.6921927E-01	5.2309672E-01	6.0720368E-01	6.8678820E-01	0.0000000E+00	0.0000000E+00	7.6278335E-01	0.0000000E+00
1.2745768E+15	2.3974134E+35	6.4619767E-01	5.1484281E-02	3.0860098E-02	6.2265713E-01	1.5237492E-01	1.5493741E-01	1.8549912E-03	0.0000000E+00	0.0000000E+00	6.8175552E-02	0.0000000E+00	3.6946568E-01	5.2321325E-01	6.0836235E-01	6.8776583E-01	0.0000000E+00	0.0000000E+00	7.6456433E-01	0.0000000E+00
1.2577033E+15	2.3309985E+35	6.3910639E-01	5.2020572E-02	3.1173036E-02	6.2563930E-01	1.5197477E-01	1.5360477E-01	1.0712523E-03	0.0000000E+00	0.0000000E+00	6.7709911E-02	0.0000000E+00	3.6974464E-01	5.2336050E-01	6.0954418E-01	6.8876360E-01	0.0000000E+00	0.0000000E+00	7.6636122E-01	0.0000000E+00
1.2410276E+15	2.2664479E+35	6.3206449E-01	5.2560189E-02	3.1486659E-02	6.2865582E-01	1.5158192E-01	1.5222718E-01	4.2656379E-04	0.0000000E+00	0.0000000E+00	6.7108513E-02	0.0000000E+00	3.7005595E-01	5.2353768E-01	6.1074500E-01	6.8977722E-01	0.0000000E+00	0.0000000E+00	7.6816723E-01	0.0000000E+00
1.2247086E+15	2.2042608E+35	6.2514060E-01	5.3090212E-02	3.1791464E-02	6.3163773E-01	1.5121544E-01	1.5081306E-01	1.5760873E-05	0.0000000E+00	0.0000000E+00	6.6318002E-02	0.0000000E+00	3.7039684E-01	5.2374200E-01	6.1195279E-01	6.9079544E-01	0.0000000E+00	0.0000000E+00	7.6996402E-01	0.0000000E+00
1.2090231E+15	2.1452839E+35	6.1845494E-01	5.3587038E-02	3.2070164E-02	6.3445881E-01	1.5090929E-01	1.4937980E-01	0.0000000E+00	0.0000000E+00	0.0000000E+00	6.5252091E-02	0.0000000E+00	3.7076025E-01	5.2396724E-01	6.1314512E-01	6.9179803E-01	0.0000000E+00	0.0000000E+00	7.7171871E-01	0.0000000E+00
1.1933044E+15	2.0872729E+35	6.1172492E-01	5.4104364E-02	3.2362133E-02	6.3740475E-01	1.5058593E-01	1.4788989E-01	0.0000000E+00	0.0000000E+00	0.0000000E+00	6.4119434E-02	0.0000000E+00	3.7116181E-01	5.2422067E-01	6.1437181E-01	6.9282485E-01	0.0000000E+00	0.0000000E+00	7.7350429E-01	0.0000000E+00
1.1775168E+15	2.0301262E+35	6.0493493E-01	5.4646125E-02	3.2670172E-02	6.4049685E-01	1.5024062E-01	1.4633821E-01	0.0000000E+00	0.0000000E+00	0.0000000E+00	6.2924320E-02	0.0000000E+00	3.7160576E-01	5.2450124E-01	6.1563698E-01	6.9387559E-01	0.0000000E+00	0.0000000E+00	7.7532468E-01	0.0000000E+00
1.1616516E+15	1.9738342E+35	5.9808085E-01	5.5214179E-02	3.2995553E-02	6.4374543E-01	1.4987171E-01	1.4472089E-01	0.0000000E+00	0.0000000E+00	0.0000000E+00	6.1661974E-02	0.0000000E+00	3.7209783E-01	5.2480381E-01	6.1694295E-01	6.9494388E-01	0.0000000E+00	0.0000000E+00	7.7717984E-01	0.0000000E+00
1.1457000E+15	1.9183886E+35	5.9115837E-01	5.5810539E-02	3.3339651E-02	6.4716167E-01	1.4947741E-01	1.4303370E-01	0.0000000E+00	0.0000000E+00	0.0000000E+00	6.0327218E-02	0.0000000E+00	3.7265327E-01	5.2510324E-01	6.1829294E-01	6.9637179E-01	0.0000000E+00	0.0000000E+00	7.7906424E-01	0.0000000E+00
1.1296530E+15	1.8637823E+35	5.8416300E-01	5.6437388E-02	3.3703959E-02	6.5075769E-01	1.4905578E-01	1.4127209E-01	0.0000000E+00	0.0000000E+00	0.0000000E+00	5.8914432E-02	0.0000000E+00	3.7325998E-01	5.2543318E-01	6.1968732E-01	6.9821631E-01	0.0000000E+00	0.0000000E+00	7.8098718E-01	0.0000000E+00
1.1135009E+15	1.8100092E+35	5.7709004E-01	5.7097096E-02	3.4090094E-02	6.5454669E-01	1.4860471E-01	1.3943109E-01	0.0000000E+00	0.0000000E+00	0.0000000E+00	5.7417515E-02	0.0000000E+00	3.7391221E-01	5.2581482E-01	6.2112765E-01	7.0010964E-01	0.0000000E+00	0.0000000E+00	7.8295534E-01	0.0000000E+00
1.0972341E+15	1.7570646E+35	5.6993461E-01	5.7792237E-02	3.4499814E-02	6.5854300E-01	1.4812189E-01	1.3750528E-01	0.0000000E+00	0.0000000E+00	0.0000000E+00	5.5829835E-02	0.0000000E+00	3.7461303E-01	5.2625150E-01	6.2261660E-01	7.0205460E-01	0.0000000E+00	0.0000000E+00	7.8497110E-01	0.0000000E+00
1.0808426E+15	1.7049454E+35	5.6269161E-01	5.8525607E-02	3.4935027E-02	6.6276224E-01	1.4760482E-01	1.3548875E-01	0.0000000E+00	0.0000000E+00	0.0000000E+00	5.4144185E-02	0.0000000E+00	3.7536576E-01	5.2674688E-01	6.2415701E-01	7.0405419E-01	0.0000000E+00	0.0000000E+00	7.8703686E-01	0.0000000E+00
1.0643159E+15	1.6536499E+35	5.5535578E-01	5.9300244E-02	3.5397804E-02	6.6722142E-01	1.4705078E-01	1.3337506E-01	0.0000000E+00	0.0000000E+00	0.0000000E+00	5.2352737E-02	0.0000000E+00	3.7617392E-01	5.2730469E-01	6.2575182E-01	7.0611155E-01	0.0000000E+00	0.0000000E+00	7.8915505E-01	0.0000000E+00
1.0476437E+15	1.6031782E+35	5.4792171E-01	6.0119446E-02	3.5890392E-02	6.7193905E-01	1.4645683E-01	1.3115713E-01	0.0000000E+00	0.0000000E+00	0.0000000E+00	5.0446995E-02	0.0000000E+00	3.7704142E-01	5.2792910E-01	6.2740416E-01	7.0823000E-01	0.0000000E+00	0.0000000E+00	7.9132825E-01	0.0000000E+00
1.0308154E+15	1.5535324E+35	5.4038384E-01	6.0986787E-02	3.6415222E-02	6.7693527E-01	1.4581977E-01	1.2882720E-01	0.0000000E+00	0.0000000E+00	0.0000000E+00	4.8417759E-02	0.0000000E+00	3.7797270E-01	5.2862481E-01	6.2911736E-01	7.1041303E-01	0.0000000E+00	0.0000000E+00	7.9355888E-01	0.0000000E+00
1.0138203E+15	1.5047170E+35	5.3273657E-01	6.1906130E-02	3.6974917E-02	6.8223198E-01	1.4513615E-01	1.2637677E-01	0.0000000E+00	0.0000000E+00	0.0000000E+00	4.6255102E-02	0.0000000E+00	3.7897225E-01	5.2939644E-01	6.3089481E-01	7.1266427E-01	0.0000000E+00	0.0000000E+00	7.9584945E-01	0.0000000E+00
9.9664822E+14	1.4567390E+35	5.2497432E-01	6.2881627E-02	3.7572290E-02	6.8785287E-01	1.4440229E-01	1.2379648E-01	0.0000000E+00	0.0000000E+00	0.0000000E+00	4.3948369E-02	0.0000000E+00	3.8004520E-01	5.3024922E-01	6.3274005E-01	7.1498750E-01	0.0000000E+00	0.0000000E+00	7.9820235E-01	0.0000000E+00
9.7928922E+14	1.4096084E+35	5.1709168E-01	6.3917714E-02	3.8210336E-02	6.9382351E-01	1.4361427E-01	1.2107601E-01	0.0000000E+00	0.0000000E+00	0.0000000E+00	4.1486217E-02	0.0000000E+00	3.8119715E-01	5.3118882E-01	6.3465669E-01	7.1738653E-01	0.0000000E+00	0.0000000E+00	8.0061965E-01	0.0000000E+00
9.6173449E+14	1.3633390E+35	5.0908363E-01	6.5019072E-02	3.8892201E-02	7.0017126E-01	1.4276800E-01	1.1820401E-01	0.0000000E+00	0.0000000E+00	0.0000000E+00	3.8856730E-02	0.0000000E+00	3.8243400E-01	5.3222102E-01	6.3664827E-01	7.1986524E-01	0.0000000E+00	0.0000000E+00	8.0310319E-01	0.0000000E+00
9.4397680E+14	1.3179490E+35	5.0094581E-01	6.6190554E-02	3.9621122E-02	7.0692508E-01	1.4185932E-01	1.1516796E-01	0.0000000E+00	0.0000000E+00	0.0000000E+00	3.6047645E-02	0.0000000E+00	3.8376217E-01	5.3335194E-01	6.3871818E-01	7.2242737E-01	0.0000000E+00	0.0000000E+00	8.0565407E-01	0.0000000E+00
9.2601145E+14	1.2734620E+35	4.9267498E-01	6.7437048E-02	4.0400320E-02	7.1411505E-01	1.4088413E-01	1.1195406E-01	0.0000000E+00	0.0000000E+00	0.0000000E+00	3.3046760E-02	0.0000000E+00	3.8518859E-01	5.3458805E-01	6.4086949E-01	7.2507637E-01	0.0000000E+00	0.0000000E+00	8.0827256E-01	0.0000000E+00
9.0783769E+14	1.2299083E+35	4.8426975E-01	6.8763226E-02	4.1232809E-02	7.2177151E-01	1.3983870E-01	1.0854713E-01	0.0000000E+00	0.0000000E+00	0.0000000E+00	2.9842666E-02	0.0000000E+00	3.8672030E-01	5.3593548E-01	6.4310453E-01	7.2781514E-01	0.0000000E+00	0.0000000E+00	8.1095762E-01	0.0000000E+00
8.8946091E+14	1.1873274E+35	4.7573154E-01	7.0173111E-02	4.2121068E-02	7.2992341E-01	1.3872017E-01	1.0493042E-01	0.0000000E+00	0.0000000E+00	0.0000000E+00	2.6425994E-02	0.0000000E+00	3.8836479E-01	5.3740040E-01	6.4542454E-01	7.3064557E-01	0.0000000E+00	0.0000000E+00	8.1370607E-01	0.0000000E+00
8.7089595E+14	1.1457701E+35	4.6706629E-01	7.1669327E-02	4.3066476E-02	7.3859548E-01	1.3752738E-01	1.0108556E-01	0.0000000E+00	0.0000000E+00	0.0000000E+00	2.2791581E-02	0.0000000E+00	3.9012929E-01	5.3898801E-01	6.4782881E-01	7.3356783E-01	0.0000000E+00	0.0000000E+00	8.1651148E-01	0.0000000E+00
8.5217267E+14	1.1053042E+35	4.5828711E-01	7.3251766E-02	4.4068306E-02	7.4780297E-01	1.3626237E-01	9.6992352E-02	0.0000000E+00	0.0000000E+00	0.0000000E+00	1.8942302E-02	0.0000000E+00	3.9202067E-01	5.4070204E-01	6.5031340E-01	7.3657915E-01	0.0000000E+00	0.0000000E+00	8.1936233E-01	0.0000000E+00
8.3334548E+14	1.0660220E+35	4.4941896E-01	7.4915128E-02	4.5121885E-02	7.5754216E-01	1.3493317E-01	9.2628513E-02	0.0000000E+00	0.0000000E+00	0.0000000E+00	1.4896156E-02	0.0000000E+00	3.9404384E-01	5.4254270E-01	6.5286901E-01	7.3967191E-01	0.0000000E+00	0.0000000E+00	8.2223949E-01	0.0000000E+00
8.1451173E+14	1.0280574E+35	4.4050758E-01	7.6644015E-02	4.6214918E-02	7.6777128E-01	1.3355934E-01	8.7968973E-02	0.0000000E+00	0.0000000E+00	0.0000000E+00	1.0700408E-02	0.0000000E+00	3.9620024E-01	5.4450406E-01	6.5547690E-01	7.4282961E-01	0.0000000E+00	0.0000000E+00	8.2511029E-01	0.0000000E+00
7.9585300E+14	9.9162420E+34	4.3163959E-01	7.8401737E-02	4.7319093E-02	7.7836745E-01	1.3218494E-01	8.2983496E-02	0.0000000E+00	0.0000000E+00	0.0000000E+00	6.4641123E-03	0.0000000E+00	3.9848274E-01	5.4656737E-01	6.5810014E-01	7.4601838E-01	0.0000000E+00	0.0000000E+00	8.2791739E-01	0.0000000E+00
7.7776140E+14	9.5714410E+34	4.2300365E-01	8.0096434E-02	4.8364649E-02	7.8899844E-01	1.3091830E-01	7.7626035E-02	0.0000000E+00	0.0000000E+00	0.0000000E+00	0.0000000E+00	0.0000000E+00	4.0085949E-01	5.4868201E-01	6.6066011E-01	7.4916207E-01	0.0000000E+00	0.0000000E+00	8.3055082E-01	0.0000000E+00
7.6200195E+14	9.2653421E+34	4.1545011E-01	8.1280280E-02	4.9013779E-02	7.9801177E-01	1.3029406E-01	7.1694174E-02	0.0000000E+00	0.0000000E+00	0.0000000E+00	0.0000000E+00	0.0000000E+00	4.0310459E-01	5.5061171E-01	6.6286174E-01	7.5193027E-01	0.0000000E+00	0.0000000E+00	8.3267279E-01	0.0000000E+00
7.4974102E+14	9.0072193E+34	4.0955210E-01	8.1637644E-02	4.9033090E-02	8.0411934E-01	1.3067073E-01	6.5209930E-02	0.0000000E+00	0.0000000E+00	0.0000000E+00	0.0000000E+00	0.0000000E+00	4.0507109E-01	5.5215246E-01	6.6444651E-01	7.5407044E-01	0.0000000E+00	0.0000000E+00	8.3396681E-01	0.0000000E+00
7.3772615E+14	8.7575448E+34	4.0375320E-01	8.1989972E-02	4.9045778E-02	8.1023071E-01	1.3103575E-01	5.8733542E-02	0.0000000E+00	0.0000000E+00	0.0000000E+00	0.0000000E+00	0.0000000E+00	4.0757541E-01	5.5362640E-01	6.6547879E-01	7.5603128E-01	0.0000000E+00	0.0000000E+00	8.3585952E-01	0.0000000E+00
7.2598009E+14	8.5163288E+34	3.9806549E-01	8.2334722E-02	4.9050426E-02	8.1631670E-01	1.3138515E-01	5.2298148E-02	0.0000000E+00	0.0000000E+00	0.0000000E+00	0.0000000E+00	0.0000000E+00	4.1012263E-01	5.5511581E-01	6.6645786E-01	7.5796357E-01	0.0000000E+00	0.0000000E+00	8.3783162E-01	0.0000000E+00
7.1452638E+14	8.2835654E+34	3.9250148E-01	8.2669057E-02	4.9045473E-02	8.2234473E-01	1.3171453E-01	4.5940745E-02	0.0000000E+00	0.0000000E+00	0.0000000E+00	0.0000000E+00	0.0000000E+00	4.1267816E-01	5.5661890E-01	6.6740467E-01	7.5986928E-01	0.0000000E+00	0.0000000E+00	8.3976095E-01	0.0000000E+00
7.0338943E+14	8.0592342E+34	3.8707428E-01	8.2989817E-02	4.9029195E-02	8.2827844E-01	1.3201901E-01	3.9702551E-02	0.0000000E+00	0.0000000E+00	0.0000000E+00	0.0000000E+00	0.0000000E+00	4.1523227E-01	5.5812803E-01	6.6831296E-01	7.6174191E-01	0.0000000E+00	0.0000000E+00	8.4164011E-01	0.0000000E+00
6.9259481E+14	7.8433037E+34	3.8179763E-01	8.3293475E-02	4.8999693E-02	8.3407733E-01	1.3229317E-01	3.3629499E-02	0.0000000E+00	0.0000000E+00	0.0000000E+00	0.0000000E+00	0.0000000E+00	4.1777449E-01	5.5963518E-01	6.6917515E-01	7.6357404E-01	0.0000000E+00	0.0000000E+00	8.4346053E-01	0.0000000E+00
6.8216969E+14	7.6357350E+34	3.7668618E-01	8.3576082E-02	4.8954857E-02	8.3969608E-01	1.3253094E-01	2.7772984E-02	0.0000000E+00	0.0000000E+00	0.0000000E+00	0.0000000E+00	0.0000000E+00	4.2029300E-01	5.6113106E-01	6.6998337E-01	7.6535793E-01	0.0000000E+00	0.0000000E+00	8.4521340E-01	0.0000000E+00
6.7214361E+14	7.4364899E+34	3.7175587E-01	8.3833172E-02	4.8892325E-02	8.4508347E-01	1.3272550E-01	2.2191029E-02	0.0000000E+00	0.0000000E+00	0.0000000E+00	0.0000000E+00	0.0000000E+00	4.2277465E-01	5.6260531E-01	6.7072857E-01	7.6708496E-01	0.0000000E+00	0.0000000E+00	8.4688892E-01	0.0000000E+00
6.6254984E+14	7.2455420E+34	3.6702456E-01	8.4059615E-02	4.8809398E-02	8.5018077E-01	1.3286901E-01	1.6950218E-02	0.0000000E+00	0.0000000E+00	0.0000000E+00	0.0000000E+00	0.0000000E+00	4.2520448E-01	5.6404609E-01	6.7140038E-01	7.6874544E-01	0.0000000E+00	0.0000000E+00	8.4847620E-01	0.0000000E+00
6.5342770E+14	7.0628967E+34	3.6251324E-01	8.4249347E-02	4.8702908E-02	8.5491865E-01	1.3295226E-01	1.2129100E-02	0.0000000E+00	0.0000000E+00	0.0000000E+00	0.0000000E+00	0.0000000E+00	4.2756484E-01	5.6543939E-01	6.7198528E-01	7.7032760E-01	0.0000000E+00	0.0000000E+00	8.4996169E-01	0.0000000E+00
6.4482712E+14	6.8886277E+34	3.5824831E-01	8.4394863E-02	4.8568945E-02	8.5921143E-01	1.3296381E-01	7.8247648E-03	0.0000000E+00	0.0000000E+00	0.0000000E+00	0.0000000E+00	0.0000000E+00	4.2983401E-01	5.6676797E-01	6.7246832E-01	7.7181770E-01	0.0000000E+00	0.0000000E+00	8.5133003E-01	0.0000000E+00
6.3681877E+14	6.7229581E+34	3.5426664E-01	8.4486074E-02	4.8402246E-02	8.6294419E-01	1.3288832E-01	4.1674928E-03	0.0000000E+00	0.0000000E+00	0.0000000E+00	0.0000000E+00	0.0000000E+00	4.3198280E-01	5.6800857E-01	6.7282634E-01	7.7319606E-01	0.0000000E+00	0.0000000E+00	8.5255860E-01	0.0000000E+00
6.2952344E+14	6.5664968E+34	3.5063034E-01	8.4506990E-02	4.8194416E-02	8.6593532E-01	1.3270141E-01	0.0000000E+00	0.0000000E+00	0.0000000E+00	0.0000000E+00	0.0000000E+00	0.0000000E+00	4.3396480E-01	5.6912431E-01	6.7302169E-01	7.7443096E-01	0.0000000E+00	0.0000000E+00	8.5361076E-01	0.0000000E+00
6.2332548E+14	6.4220018E+34	3.4753364E-01	8.4411718E-02	4.7920931E-02	8.6766735E-01	1.3233265E-01	0.0000000E+00	0.0000000E+00	0.0000000E+00	0.0000000E+00	0.0000000E+00	0.0000000E+00	4.3564786E-01	5.7001180E-01	6.7293484E-01	7.7522803E-01	0.0000000E+00	0.0000000E+00	8.5400043E-01	0.0000000E+00
6.1813277E+14	6.2880240E+34	3.4493341E-01	8.4206979E-02	4.7586286E-02	8.6820674E-01	1.3179326E-01	0.0000000E+00	0.0000000E+00	0.0000000E+00	0.0000000E+00	0.0000000E+00	0.0000000E+00	4.3704795E-01	5.7068426E-01	6.7377489E-01	7.7577654E-01	0.0000000E+00	0.0000000E+00	8.5407481E-01	0.0000000E+00
6.1297591E+14	6.1561385E+34	3.4234557E-01	8.4000136E-02	4.7249269E-02	8.6875060E-01	1.3124940E-01	0.0000000E+00	0.0000000E+00	0.0000000E+00	0.0000000E+00	0.0000000E+00	0.0000000E+00	4.3846835E-01	5.7137515E-01	6.7493261E-01	7.7655900E-01	0.0000000E+00	0.0000000E+00	8.5458186E-01	0.0000000E+00
6.0785471E+14	6.0263326E+34	3.3977013E-01	8.3791204E-02	4.6909900E-02	8.6929890E-01	1.3070110E-01	0.0000000E+00	0.0000000E+00	0.0000000E+00	0.0000000E+00	0.0000000E+00	0.0000000E+00	4.3990924E-01	5.7208548E-01	6.7609825E-01	7.7734681E-01	0.0000000E+00	0.0000000E+00	8.5509235E-01	0.0000000E+00
6.0276898E+14	5.8985934E+34	3.3720710E-01	8.3580201E-02	4.6568201E-02	8.6985160E-01	1.3014840E-01	0.0000000E+00	0.0000000E+00	0.0000000E+00	0.0000000E+00	0.0000000E+00	0.0000000E+00	4.4137086E-01	5.7281559E-01	6.7727183E-01	7.7813999E-01	0.0000000E+00	0.0000000E+00	8.5560635E-01	0.0000000E+00
5.9771855E+14	5.7729076E+34	3.3465648E-01	8.3367142E-02	4.6224193E-02	8.7040867E-01	1.2959133E-01	0.0000000E+00	0.0000000E+00	0.0000000E+00	0.0000000E+00	0.0000000E+00	0.0000000E+00	4.4285322E-01	5.7356560E-01	6.7845332E-01	7.7893851E-01	0.0000000E+00	0.0000000E+00	8.5612380E-01	0.0000000E+00
5.9270323E+14	5.6492614E+34	3.3211828E-01	8.3152045E-02	4.5877901E-02	8.7097005E-01	1.2902995E-01	0.0000000E+00	0.0000000E+00	0.0000000E+00	0.0000000E+00	0.0000000E+00	0.0000000E+00	4.4435607E-01	5.7433522E-01	6.7964260E-01	7.7974230E-01	0.0000000E+00	0.0000000E+00	8.5664466E-01	0.0000000E+00
5.8772283E+14	5.5276408E+34	3.2959250E-01	8.2934928E-02	4.5529349E-02	8.7153572E-01	1.2846428E-01	0.0000000E+00	0.0000000E+00	0.0000000E+00	0.0000000E+00	0.0000000E+00	0.0000000E+00	4.4587978E-01	5.7512505E-01	6.8083973E-01	7.8055139E-01	0.0000000E+00	0.0000000E+00	8.5716898E-01	0.0000000E+00
5.8277716E+14	5.4080314E+34	3.2707915E-01	8.2715811E-02	4.5178561E-02	8.7210563E-01	1.2789437E-01	0.0000000E+00	0.0000000E+00	0.0000000E+00	0.0000000E+00	0.0000000E+00	0.0000000E+00	4.4742379E-01	5.7593440E-01	6.8204456E-01	7.8136567E-01	0.0000000E+00	0.0000000E+00	8.5769661E-01	0.0000000E+00
5.7786605E+14	5.2904187E+34	3.2457822E-01	8.2494713E-02	4.4825564E-02	8.7267972E-01	1.2732028E-01	0.0000000E+00	0.0000000E+00	0.0000000E+00	0.0000000E+00	0.0000000E+00	0.0000000E+00	4.4898865E-01	5.7676413E-01	6.8325712E-01	7.8218520E-01	0.0000000E+00	0.0000000E+00	8.5822771E-01	0.0000000E+00
5.7298930E+14	5.1747875E+34	3.2208973E-01	8.2271655E-02	4.4470383E-02	8.7325796E-01	1.2674204E-01	0.0000000E+00	0.0000000E+00	0.0000000E+00	0.0000000E+00	0.0000000E+00	0.0000000E+00	4.5057370E-01	5.7761338E-01	6.8447725E-01	7.8300983E-01	0.0000000E+00	0.0000000E+00	8.5876208E-01	0.0000000E+00
5.6814673E+14	5.0611227E+34	3.1961368E-01	8.2046657E-02	4.4113048E-02	8.7384030E-01	1.2615970E-01	0.0000000E+00	0.0000000E+00	0.0000000E+00	0.0000000E+00	0.0000000E+00	0.0000000E+00	4.5217944E-01	5.7848301E-01	6.8570499E-01	7.8383962E-01	0.0000000E+00	0.0000000E+00	8.5929983E-01	0.0000000E+00
5.6333815E+14	4.9494084E+34	3.1715007E-01	8.1819741E-02	4.3753585E-02	8.7442667E-01	1.2557333E-01	0.0000000E+00	0.0000000E+00	0.0000000E+00	0.0000000E+00	0.0000000E+00	0.0000000E+00	4.5380531E-01	5.7937225E-01	6.8694019E-01	7.8467446E-01	0.0000000E+00	0.0000000E+00	8.5984076E-01	0.0000000E+00
5.5856339E+14	4.8396287E+34	3.1469890E-01	8.1590930E-02	4.3392024E-02	8.7501705E-01	1.2498295E-01	0.0000000E+00	0.0000000E+00	0.0000000E+00	0.0000000E+00	0.0000000E+00	0.0000000E+00	4.5545161E-01	5.8028171E-01	6.8818284E-01	7.8551431E-01	0.0000000E+00	0.0000000E+00	8.6038504E-01	0.0000000E+00
5.5382225E+14	4.7317674E+34	3.1226018E-01	8.1360246E-02	4.3028394E-02	8.7561136E-01	1.2438864E-01	0.0000000E+00	0.0000000E+00	0.0000000E+00	0.0000000E+00	0.0000000E+00	0.0000000E+00	4.5711800E-01	5.8121098E-01	6.8943283E-01	7.8635912E-01	0.0000000E+00	0.0000000E+00	8.6093248E-01	0.0000000E+00
5.4911455E+14	4.6258079E+34	3.0983390E-01	8.1127712E-02	4.2662725E-02	8.7620956E-01	1.2379044E-01	0.0000000E+00	0.0000000E+00	0.0000000E+00	0.0000000E+00	0.0000000E+00	0.0000000E+00	4.5880446E-01	5.8216013E-01	6.9069009E-01	7.8720881E-01	0.0000000E+00	0.0000000E+00	8.6148315E-01	0.0000000E+00
5.4444011E+14	4.5217332E+34	3.0742007E-01	8.0893351E-02	4.2295048E-02	8.7681160E-01	1.2318840E-01	0.0000000E+00	0.0000000E+00	0.0000000E+00	0.0000000E+00	0.0000000E+00	0.0000000E+00	4.6051101E-01	5.8312940E-01	6.9195458E-01	7.8806347E-01	0.0000000E+00	0.0000000E+00	8.6203696E-01	0.0000000E+00
5.3979873E+14	4.4195263E+34	3.0501869E-01	8.0657188E-02	4.1925395E-02	8.7741742E-01	1.2258258E-01	0.0000000E+00	0.0000000E+00	0.0000000E+00	0.0000000E+00	0.0000000E+00	0.0000000E+00	4.6223716E-01	5.8411808E-01	6.9322614E-01	7.8892283E-01	0.0000000E+00	0.0000000E+00	8.6259383E-01	0.0000000E+00
5.3519024E+14	4.3191696E+34	3.0262976E-01	8.0419246E-02	4.1553796E-02	8.7802696E-01	1.2197304E-01	0.0000000E+00	0.0000000E+00	0.0000000E+00	0.0000000E+00	0.0000000E+00	0.0000000E+00	4.6398340E-01	5.8512718E-01	6.9450479E-01	7.8978702E-01	0.0000000E+00	0.0000000E+00	8.6315384E-01	0.0000000E+00
5.3061445E+14	4.2206455E+34	3.0025327E-01	8.0179550E-02	4.1180285E-02	8.7864017E-01	1.2135983E-01	0.0000000E+00	0.0000000E+00	0.0000000E+00	0.0000000E+00	0.0000000E+00	0.0000000E+00	4.6574905E-01	5.8615570E-01	6.9579035E-01	7.9065591E-01	0.0000000E+00	0.0000000E+00	8.6371686E-01	0.0000000E+00
5.2607117E+14	4.1239358E+34	2.9788923E-01	7.9938125E-02	4.0804893E-02	8.7925698E-01	1.2074302E-01	0.0000000E+00	0.0000000E+00	0.0000000E+00	0.0000000E+00	0.0000000E+00	0.0000000E+00	4.6753414E-01	5.8720387E-01	6.9708276E-01	7.9152939E-01	0.0000000E+00	0.0000000E+00	8.6428291E-01	0.0000000E+00
5.2156022E+14	4.0290224E+34	2.9553763E-01	7.9694995E-02	4.0427655E-02	8.7987735E-01	1.2012265E-01	0.0000000E+00	0.0000000E+00	0.0000000E+00	0.0000000E+00	0.0000000E+00	0.0000000E+00	4.6933871E-01	5.8827201E-01	6.9838195E-01	7.9240745E-01	0.0000000E+00	0.0000000E+00	8.6485192E-01	0.0000000E+00
5.1708142E+14	3.9358867E+34	2.9319847E-01	7.9450186E-02	4.0048603E-02	8.8050121E-01	1.1949879E-01	0.0000000E+00	0.0000000E+00	0.0000000E+00	0.0000000E+00	0.0000000E+00	0.0000000E+00	4.7116230E-01	5.8935940E-01	6.9968779E-01	7.9329001E-01	0.0000000E+00	0.0000000E+00	8.6542380E-01	0.0000000E+00
5.1263456E+14	3.8445099E+34	2.9087175E-01	7.9203722E-02	3.9667771E-02	8.8112851E-01	1.1887149E-01	0.0000000E+00	0.0000000E+00	0.0000000E+00	0.0000000E+00	0.0000000E+00	0.0000000E+00	4.7300491E-01	5.9046635E-01	7.0100019E-01	7.9417703E-01	0.0000000E+00	0.0000000E+00	8.6599862E-01	0.0000000E+00
5.0821948E+14	3.7548732E+34	2.8855745E-01	7.8955628E-02	3.9285194E-02	8.8175918E-01	1.1824082E-01	0.0000000E+00	0.0000000E+00	0.0000000E+00	0.0000000E+00	0.0000000E+00	0.0000000E+00	4.7486647E-01	5.9159293E-01	7.0231906E-01	7.9506841E-01	0.0000000E+00	0.0000000E+00	8.6657626E-01	0.0000000E+00
5.0383598E+14	3.6669571E+34	2.8625558E-01	7.8705929E-02	3.8900905E-02	8.8239317E-01	1.1760683E-01	0.0000000E+00	0.0000000E+00	0.0000000E+00	0.0000000E+00	0.0000000E+00	0.0000000E+00	4.7674658E-01	5.9273858E-01	7.0364429E-01	7.9596402E-01	0.0000000E+00	0.0000000E+00	8.6715664E-01	0.0000000E+00
4.9948387E+14	3.5807424E+34	2.8396613E-01	7.8454651E-02	3.8514940E-02	8.8303041E-01	1.1696959E-01	0.0000000E+00	0.0000000E+00	0.0000000E+00	0.0000000E+00	0.0000000E+00	0.0000000E+00	4.7864510E-01	5.9390329E-01	7.0497575E-01	7.9686390E-01	0.0000000E+00	0.0000000E+00	8.6773978E-01	0.0000000E+00
4.9516298E+14	3.4962094E+34	2.8168909E-01	7.8201817E-02	3.8127332E-02	8.8367085E-01	1.1632915E-01	0.0000000E+00	0.0000000E+00	0.0000000E+00	0.0000000E+00	0.0000000E+00	0.0000000E+00	4.8056207E-01	5.9508755E-01	7.0631337E-01	7.9776800E-01	0.0000000E+00	0.0000000E+00	8.6832562E-01	0.0000000E+00
4.9087310E+14	3.4133382E+34	2.7942446E-01	7.7947452E-02	3.7738117E-02	8.8431443E-01	1.1568557E-01	0.0000000E+00	0.0000000E+00	0.0000000E+00	0.0000000E+00	0.0000000E+00	0.0000000E+00	4.8249704E-01	5.9629059E-01	7.0765700E-01	7.9867607E-01	0.0000000E+00	0.0000000E+00	8.6891412E-01	0.0000000E+00
4.8661407E+14	3.3321090E+34	2.7717221E-01	7.7691580E-02	3.7347330E-02	8.8496109E-01	1.1503891E-01	0.0000000E+00	0.0000000E+00	0.0000000E+00	0.0000000E+00	0.0000000E+00	0.0000000E+00	4.8444981E-01	5.9751230E-01	7.0900656E-01	7.9958815E-01	0.0000000E+00	0.0000000E+00	8.6950517E-01	0.0000000E+00
4.8238568E+14	3.2525015E+34	2.7493235E-01	7.7434226E-02	3.6955006E-02	8.8561077E-01	1.1438923E-01	0.0000000E+00	0.0000000E+00	0.0000000E+00	0.0000000E+00	0.0000000E+00	0.0000000E+00	4.8642024E-01	5.9875276E-01	7.1036191E-01	8.0050418E-01	0.0000000E+00	0.0000000E+00	8.7009876E-01	0.0000000E+00
4.7818775E+14	3.1744954E+34	2.7270487E-01	7.7175412E-02	3.6561179E-02	8.8626341E-01	1.1373659E-01	0.0000000E+00	0.0000000E+00	0.0000000E+00	0.0000000E+00	0.0000000E+00	0.0000000E+00	4.8840820E-01	6.0001210E-01	7.1172293E-01	8.0142404E-01	0.0000000E+00	0.0000000E+00	8.7069486E-01	0.0000000E+00
4.7402009E+14	3.0980702E+34	2.7048974E-01	7.6915162E-02	3.6165885E-02	8.8691895E-01	1.1308105E-01	0.0000000E+00	0.0000000E+00	0.0000000E+00	0.0000000E+00	0.0000000E+00	0.0000000E+00	4.9041332E-01	6.0128974E-01	7.1308950E-01	8.0234767E-01	0.0000000E+00	0.0000000E+00	8.7129337E-01	0.0000000E+00
4.6988253E+14	3.0232055E+34	2.6828696E-01	7.6653498E-02	3.5769159E-02	8.8757734E-01	1.1242266E-01	0.0000000E+00	0.0000000E+00	0.0000000E+00	0.0000000E+00	0.0000000E+00	0.0000000E+00	4.9243538E-01	6.0258554E-01	7.1446152E-01	8.0327498E-01	0.0000000E+00	0.0000000E+00	8.7189424E-01	0.0000000E+00
4.6577486E+14	2.9498804E+34	2.6609652E-01	7.6390442E-02	3.5371036E-02	8.8823852E-01	1.1176148E-01	0.0000000E+00	0.0000000E+00	0.0000000E+00	0.0000000E+00	0.0000000E+00	0.0000000E+00	4.9447414E-01	6.0389939E-01	7.1583886E-01	8.0420589E-01	0.0000000E+00	0.0000000E+00	8.7249750E-01	0.0000000E+00
4.6169690E+14	2.8780742E+34	2.6391839E-01	7.6126017E-02	3.4971551E-02	8.8890243E-01	1.1109757E-01	0.0000000E+00	0.0000000E+00	0.0000000E+00	0.0000000E+00	0.0000000E+00	0.0000000E+00	4.9652942E-01	6.0523133E-01	7.1722137E-01	8.0514025E-01	0.0000000E+00	0.0000000E+00	8.7310296E-01	0.0000000E+00
4.5764846E+14	2.8077661E+34	2.6175257E-01	7.5860241E-02	3.4570739E-02	8.8956902E-01	1.1043098E-01	0.0000000E+00	0.0000000E+00	0.0000000E+00	0.0000000E+00	0.0000000E+00	0.0000000E+00	4.9860095E-01	6.0658119E-01	7.1860892E-01	8.0607800E-01	0.0000000E+00	0.0000000E+00	8.7371069E-01	0.0000000E+00
4.5362936E+14	2.7389349E+34	2.5959904E-01	7.5593137E-02	3.4168634E-02	8.9023823E-01	1.0976177E-01	0.0000000E+00	0.0000000E+00	0.0000000E+00	0.0000000E+00	0.0000000E+00	0.0000000E+00	5.0068845E-01	6.0794860E-01	7.2000140E-01	8.0701916E-01	0.0000000E+00	0.0000000E+00	8.7432056E-01	0.0000000E+00
4.4963941E+14	2.6715598E+34	2.5745778E-01	7.5324723E-02	3.3765272E-02	8.9091000E-01	1.0909000E-01	0.0000000E+00	0.0000000E+00	0.0000000E+00	0.0000000E+00	0.0000000E+00	0.0000000E+00	5.0279164E-01	6.0933338E-01	7.2139869E-01	8.0796356E-01	0.0000000E+00	0.0000000E+00	8.7493252E-01	0.0000000E+00
4.4567842E+14	2.6056196E+34	2.5532877E-01	7.5055019E-02	3.3360687E-02	8.9158429E-01	1.0841571E-01	0.0000000E+00	0.0000000E+00	0.0000000E+00	0.0000000E+00	0.0000000E+00	0.0000000E+00	5.0491028E-01	6.1073535E-01	7.2280064E-01	8.0891103E-01	0.0000000E+00	0.0000000E+00	8.7554652E-01	0.0000000E+00
4.4174621E+14	2.5410931E+34	2.5321199E-01	7.4784041E-02	3.2954913E-02	8.9226105E-01	1.0773895E-01	0.0000000E+00	0.0000000E+00	0.0000000E+00	0.0000000E+00	0.0000000E+00	0.0000000E+00	5.0704409E-01	6.1215433E-01	7.2420714E-01	8.0986166E-01	0.0000000E+00	0.0000000E+00	8.7616253E-01	0.0000000E+00
4.3784258E+14	2.4779593E+34	2.5110742E-01	7.4511808E-02	3.2547985E-02	8.9294021E-01	1.0705979E-01	0.0000000E+00	0.0000000E+00	0.0000000E+00	0.0000000E+00	0.0000000E+00	0.0000000E+00	5.0919280E-01	6.1359014E-01	7.2561804E-01	8.1081520E-01	0.0000000E+00	0.0000000E+00	8.7678049E-01	0.0000000E+00
4.3396736E+14	2.4161969E+34	2.4901504E-01	7.4238335E-02	3.2139936E-02	8.9362173E-01	1.0637827E-01	0.0000000E+00	0.0000000E+00	0.0000000E+00	0.0000000E+00	0.0000000E+00	0.0000000E+00	5.1135613E-01	6.1504256E-01	7.2703320E-01	8.1177164E-01	0.0000000E+00	0.0000000E+00	8.7740027E-01	0.0000000E+00
4.3012035E+14	2.3557848E+34	2.4693483E-01	7.3963638E-02	3.1730802E-02	8.9430556E-01	1.0569444E-01	0.0000000E+00	0.0000000E+00	0.0000000E+00	0.0000000E+00	0.0000000E+00	0.0000000E+00	5.1353380E-01	6.1651155E-01	7.2845246E-01	8.1273085E-01	0.0000000E+00	0.0000000E+00	8.7802183E-01	0.0000000E+00
4.2630137E+14	2.2967018E+34	2.4486677E-01	7.3687731E-02	3.1320616E-02	8.9499165E-01	1.0500835E-01	0.0000000E+00	0.0000000E+00	0.0000000E+00	0.0000000E+00	0.0000000E+00	0.0000000E+00	5.1572550E-01	6.1799676E-01	7.2987569E-01	8.1369278E-01	0.0000000E+00	0.0000000E+00	8.7864519E-01	0.0000000E+00
4.2251023E+14	2.2389268E+34	2.4281083E-01	7.3410628E-02	3.0909411E-02	8.9567996E-01	1.0432004E-01	0.0000000E+00	0.0000000E+00	0.0000000E+00	0.0000000E+00	0.0000000E+00	0.0000000E+00	5.1793096E-01	6.1949792E-01	7.3130278E-01	8.1465731E-01	0.0000000E+00	0.0000000E+00	8.7927022E-01	0.0000000E+00
4.1874674E+14	2.1824386E+34	2.4076698E-01	7.3132341E-02	3.0497222E-02	8.9637044E-01	1.0362956E-01	0.0000000E+00	0.0000000E+00	0.0000000E+00	0.0000000E+00	0.0000000E+00	0.0000000E+00	5.2014986E-01	6.2101483E-01	7.3273359E-01	8.1562431E-01	0.0000000E+00	0.0000000E+00	8.7989687E-01	0.0000000E+00
4.1501073E+14	2.1272162E+34	2.3873521E-01	7.2852882E-02	3.0084081E-02	8.9706304E-01	1.0293696E-01	0.0000000E+00	0.0000000E+00	0.0000000E+00	0.0000000E+00	0.0000000E+00	0.0000000E+00	5.2238194E-01	6.2254727E-01	7.3416797E-01	8.1659373E-01	0.0000000E+00	0.0000000E+00	8.8052507E-01	0.0000000E+00
4.1130201E+14	2.0732386E+34	2.3671548E-01	7.2572262E-02	2.9670023E-02	8.9775772E-01	1.0224228E-01	0.0000000E+00	0.0000000E+00	0.0000000E+00	0.0000000E+00	0.0000000E+00	0.0000000E+00	5.2462687E-01	6.2409499E-01	7.3560577E-01	8.1756549E-01	0.0000000E+00	0.0000000E+00	8.8115481E-01	0.0000000E+00
4.0762040E+14	2.0204848E+34	2.3470778E-01	7.2290489E-02	2.9255081E-02	8.9845443E-01	1.0154557E-01	0.0000000E+00	0.0000000E+00	0.0000000E+00	0.0000000E+00	0.0000000E+00	0.0000000E+00	5.2688437E-01	6.2565776E-01	7.3704688E-01	8.1853950E-01	0.0000000E+00	0.0000000E+00	8.8178595E-01	0.0000000E+00
4.0396570E+14	1.9689340E+34	2.3271206E-01	7.2007571E-02	2.8839288E-02	8.9915314E-01	1.0084686E-01	0.0000000E+00	0.0000000E+00	0.0000000E+00	0.0000000E+00	0.0000000E+00	0.0000000E+00	5.2915411E-01	6.2723535E-01	7.3849114E-01	8.1951560E-01	0.0000000E+00	0.0000000E+00	8.8241848E-01	0.0000000E+00
4.0033774E+14	1.9185653E+34	2.3072830E-01	7.1723518E-02	2.8422678E-02	8.9985380E-01	1.0014620E-01	0.0000000E+00	0.0000000E+00	0.0000000E+00	0.0000000E+00	0.0000000E+00	0.0000000E+00	5.3143581E-01	6.2882750E-01	7.3993841E-01	8.2049375E-01	0.0000000E+00	0.0000000E+00	8.8305236E-01	0.0000000E+00
3.9673634E+14	1.8693581E+34	2.2875648E-01	7.1438333E-02	2.8005284E-02	9.0055638E-01	9.9443617E-02	0.0000000E+00	0.0000000E+00	0.0000000E+00	0.0000000E+00	0.0000000E+00	0.0000000E+00	5.3372915E-01	6.3043397E-01	7.4138856E-01	8.2147387E-01	0.0000000E+00	0.0000000E+00	8.8368747E-01	0.0000000E+00
3.9316132E+14	1.8212919E+34	2.2679656E-01	7.1152022E-02	2.7587140E-02	9.0126084E-01	9.8739163E-02	0.0000000E+00	0.0000000E+00	0.0000000E+00	0.0000000E+00	0.0000000E+00	0.0000000E+00	5.3603382E-01	6.3205451E-01	7.4284144E-01	8.2245583E-01	0.0000000E+00	0.0000000E+00	8.8432378E-01	0.0000000E+00
3.8961249E+14	1.7743461E+34	2.2484851E-01	7.0864590E-02	2.7168279E-02	9.0196713E-01	9.8032870E-02	0.0000000E+00	0.0000000E+00	0.0000000E+00	0.0000000E+00	0.0000000E+00	0.0000000E+00	5.3834951E-01	6.3368886E-01	7.4429691E-01	8.2343951E-01	0.0000000E+00	0.0000000E+00	8.8496122E-01	0.0000000E+00
3.8608969E+14	1.7285005E+34	2.2291230E-01	7.0576039E-02	2.6748736E-02	9.0267522E-01	9.7324775E-02	0.0000000E+00	0.0000000E+00	0.0000000E+00	0.0000000E+00	0.0000000E+00	0.0000000E+00	5.4067593E-01	6.3533675E-01	7.4575485E-01	8.2442484E-01	0.0000000E+00	0.0000000E+00	8.8559973E-01	0.0000000E+00
3.8259271E+14	1.6837348E+34	2.2098791E-01	7.0286371E-02	2.6328544E-02	9.0338509E-01	9.6614915E-02	0.0000000E+00	0.0000000E+00	0.0000000E+00	0.0000000E+00	0.0000000E+00	0.0000000E+00	5.4301274E-01	6.3699793E-01	7.4721510E-01	8.2541172E-01	0.0000000E+00	0.0000000E+00	8.8623930E-01	0.0000000E+00
3.7912141E+14	1.6400289E+34	2.1907529E-01	6.9995586E-02	2.5907737E-02	9.0409668E-01	9.5903323E-02	0.0000000E+00	0.0000000E+00	0.0000000E+00	0.0000000E+00	0.0000000E+00	0.0000000E+00	5.4535953E-01	6.3867224E-01	7.4867745E-01	8.2640009E-01	0.0000000E+00	0.0000000E+00	8.8687977E-01	0.0000000E+00
3.7567558E+14	1.5973630E+34	2.1717442E-01	6.9703683E-02	2.5486351E-02	9.0480997E-01	9.5190034E-02	0.0000000E+00	0.0000000E+00	0.0000000E+00	0.0000000E+00	0.0000000E+00	0.0000000E+00	5.4771606E-01	6.4035930E-01	7.5014180E-01	8.2738984E-01	0.0000000E+00	0.0000000E+00	8.8752113E-01	0.0000000E+00
3.7225507E+14	1.5557174E+34	2.1528525E-01	6.9410661E-02	2.5064421E-02	9.0552492E-01	9.4475082E-02	0.0000000E+00	0.0000000E+00	0.0000000E+00	0.0000000E+00	0.0000000E+00	0.0000000E+00	5.5008202E-01	6.4205885E-01	7.5160805E-01	8.2838080E-01	0.0000000E+00	0.0000000E+00	8.8816330E-01	0.0000000E+00
3.6885969E+14	1.5150724E+34	2.1340777E-01	6.9116517E-02	2.4641981E-02	9.0624150E-01	9.3758498E-02	0.0000000E+00	0.0000000E+00	0.0000000E+00	0.0000000E+00	0.0000000E+00	0.0000000E+00	5.5245713E-01	6.4377062E-01	7.5307606E-01	8.2937298E-01	0.0000000E+00	0.0000000E+00	8.8880624E-01	0.0000000E+00
3.6548928E+14	1.4754086E+34	2.1154193E-01	6.8821247E-02	2.4219068E-02	9.0695968E-01	9.3040316E-02	0.0000000E+00	0.0000000E+00	0.0000000E+00	0.0000000E+00	0.0000000E+00	0.0000000E+00	5.5484107E-01	6.4549433E-01	7.5454569E-01	8.3036623E-01	0.0000000E+00	0.0000000E+00	8.8944989E-01	0.0000000E+00
3.6214365E+14	1.4367069E+34	2.0968770E-01	6.8524846E-02	2.3795720E-02	9.0767943E-01	9.2320566E-02	0.0000000E+00	0.0000000E+00	0.0000000E+00	0.0000000E+00	0.0000000E+00	0.0000000E+00	5.5723355E-01	6.4722971E-01	7.5601682E-01	8.3136048E-01	0.0000000E+00	0.0000000E+00	8.9009420E-01	0.0000000E+00
3.5882265E+14	1.3989481E+34	2.0784504E-01	6.8227308E-02	2.3371972E-02	9.0840072E-01	9.1599280E-02	0.0000000E+00	0.0000000E+00	0.0000000E+00	0.0000000E+00	0.0000000E+00	0.0000000E+00	5.5963428E-01	6.4897649E-01	7.5748932E-01	8.3235568E-01	0.0000000E+00	0.0000000E+00	8.9073910E-01	0.0000000E+00
3.5552610E+14	1.3621135E+34	2.0601392E-01	6.7928626E-02	2.2947864E-02	9.0912351E-01	9.0876490E-02	0.0000000E+00	0.0000000E+00	0.0000000E+00	0.0000000E+00	0.0000000E+00	0.0000000E+00	5.6204292E-01	6.5073440E-01	7.5896306E-01	8.3335173E-01	0.0000000E+00	0.0000000E+00	8.9138452E-01	0.0000000E+00
3.5225384E+14	1.3261844E+34	2.0419431E-01	6.7628790E-02	2.2523435E-02	9.0984778E-01	9.0152225E-02	0.0000000E+00	0.0000000E+00	0.0000000E+00	0.0000000E+00	0.0000000E+00	0.0000000E+00	5.6445876E-01	6.5250324E-01	7.6043762E-01	8.3434836E-01	0.0000000E+00	0.0000000E+00	8.9203036E-01	0.0000000E+00
3.4900569E+14	1.2911423E+34	2.0238616E-01	6.7327792E-02	2.2098724E-02	9.1057348E-01	8.9426517E-02	0.0000000E+00	0.0000000E+00	0.0000000E+00	0.0000000E+00	0.0000000E+00	0.0000000E+00	5.6688190E-01	6.5428262E-01	7.6191315E-01	8.3534563E-01	0.0000000E+00	0.0000000E+00	8.9267660E-01	0.0000000E+00
3.4578150E+14	1.2569690E+34	2.0058945E-01	6.7025622E-02	2.1673774E-02	9.1130060E-01	8.8699396E-02	0.0000000E+00	0.0000000E+00	0.0000000E+00	0.0000000E+00	0.0000000E+00	0.0000000E+00	5.6931207E-01	6.5607229E-01	7.6338953E-01	8.3634340E-01	0.0000000E+00	0.0000000E+00	8.9332323E-01	0.0000000E+00
3.4258111E+14	1.2236465E+34	1.9880413E-01	6.6722268E-02	2.1248627E-02	9.1202911E-01	8.7970894E-02	0.0000000E+00	0.0000000E+00	0.0000000E+00	0.0000000E+00	0.0000000E+00	0.0000000E+00	5.7174899E-01	6.5787197E-01	7.6486664E-01	8.3734173E-01	0.0000000E+00	0.0000000E+00	8.9397015E-01	0.0000000E+00
3.3940434E+14	1.1911570E+34	1.9703017E-01	6.6417717E-02	2.0823325E-02	9.1275896E-01	8.7241042E-02	0.0000000E+00	0.0000000E+00	0.0000000E+00	0.0000000E+00	0.0000000E+00	0.0000000E+00	5.7419228E-01	6.5968140E-01	7.6634431E-01	8.3834043E-01	0.0000000E+00	0.0000000E+00	8.9461728E-01	0.0000000E+00
3.3625104E+14	1.1594828E+34	1.9526753E-01	6.6111956E-02	2.0397916E-02	9.1349013E-01	8.6509872E-02	0.0000000E+00	0.0000000E+00	0.0000000E+00	0.0000000E+00	0.0000000E+00	0.0000000E+00	5.7664106E-01	6.6150026E-01	7.6782207E-01	8.3933919E-01	0.0000000E+00	0.0000000E+00	8.9526451E-01	0.0000000E+00
3.3312105E+14	1.1286067E+34	1.9351618E-01	6.5804971E-02	1.9972445E-02	9.1422258E-01	8.5777415E-02	0.0000000E+00	0.0000000E+00	0.0000000E+00	0.0000000E+00	0.0000000E+00	0.0000000E+00	5.7909570E-01	6.6332830E-01	7.6930018E-01	8.4033817E-01	0.0000000E+00	0.0000000E+00	8.9591189E-01	0.0000000E+00
3.3001422E+14	1.0985114E+34	1.9177608E-01	6.5496746E-02	1.9546961E-02	9.1495629E-01	8.5043707E-02	0.0000000E+00	0.0000000E+00	0.0000000E+00	0.0000000E+00	0.0000000E+00	0.0000000E+00	5.8155594E-01	6.6516524E-01	7.7077854E-01	8.4133734E-01	0.0000000E+00	0.0000000E+00	8.9655937E-01	0.0000000E+00
3.2693039E+14	1.0691801E+34	1.9004719E-01	6.5187266E-02	1.9121515E-02	9.1569122E-01	8.4308780E-02	0.0000000E+00	0.0000000E+00	0.0000000E+00	0.0000000E+00	0.0000000E+00	0.0000000E+00	5.8402138E-01	6.6701082E-01	7.7225695E-01	8.4233654E-01	0.0000000E+00	0.0000000E+00	8.9720686E-01	0.0000000E+00
3.2386941E+14	1.0405961E+34	1.8832948E-01	6.4876512E-02	1.8696158E-02	9.1642733E-01	8.3572671E-02	0.0000000E+00	0.0000000E+00	0.0000000E+00	0.0000000E+00	0.0000000E+00	0.0000000E+00	5.8649094E-01	6.6886462E-01	7.7373486E-01	8.4333541E-01	0.0000000E+00	0.0000000E+00	8.9785414E-01	0.0000000E+00
3.2083112E+14	1.0127429E+34	1.8662291E-01	6.4564468E-02	1.8270947E-02	9.1716459E-01	8.2835415E-02	0.0000000E+00	0.0000000E+00	0.0000000E+00	0.0000000E+00	0.0000000E+00	0.0000000E+00	5.8896530E-01	6.7072650E-01	7.7521268E-01	8.4433420E-01	0.0000000E+00	0.0000000E+00	8.9850140E-01	0.0000000E+00
3.1781538E+14	9.8560436E+33	1.8492745E-01	6.4251114E-02	1.7845937E-02	9.1790295E-01	8.2097051E-02	0.0000000E+00	0.0000000E+00	0.0000000E+00	0.0000000E+00	0.0000000E+00	0.0000000E+00	5.9144422E-01	6.7259622E-01	7.7669033E-01	8.4533285E-01	0.0000000E+00	0.0000000E+00	8.9914853E-01	0.0000000E+00
3.1482204E+14	9.5916443E+33	1.8324305E-01	6.3936430E-02	1.7421188E-02	9.1864238E-01	8.1357618E-02	0.0000000E+00	0.0000000E+00	0.0000000E+00	0.0000000E+00	0.0000000E+00	0.0000000E+00	5.9392637E-01	6.7447328E-01	7.7816707E-01	8.4633097E-01	0.0000000E+00	0.0000000E+00	8.9979531E-01	0.0000000E+00
3.1185096E+14	9.3340741E+33	1.8156968E-01	6.3620397E-02	1.6996763E-02	9.1938284E-01	8.0617160E-02	0.0000000E+00	0.0000000E+00	0.0000000E+00	0.0000000E+00	0.0000000E+00	0.0000000E+00	5.9641219E-01	6.7635755E-01	7.7964322E-01	8.4732861E-01	0.0000000E+00	0.0000000E+00	9.0044181E-01	0.0000000E+00
3.0890198E+14	9.0831780E+33	1.7990730E-01	6.3302993E-02	1.6572725E-02	9.2012428E-01	7.9875718E-02	0.0000000E+00	0.0000000E+00	0.0000000E+00	0.0000000E+00	0.0000000E+00	0.0000000E+00	5.9890182E-01	6.7824885E-01	7.8111888E-01	8.4832596E-01	0.0000000E+00	0.0000000E+00	9.0108810E-01	0.0000000E+00
3.0597498E+14	8.8388035E+33	1.7825589E-01	6.2984195E-02	1.6149145E-02	9.2086666E-01	7.9133340E-02	0.0000000E+00	0.0000000E+00	0.0000000E+00	0.0000000E+00	0.0000000E+00	0.0000000E+00	6.0139377E-01	6.8014661E-01	7.8259327E-01	8.4932242E-01	0.0000000E+00	0.0000000E+00	9.0173384E-01	0.0000000E+00
3.0306980E+14	8.6008004E+33	1.7661539E-01	6.2663982E-02	1.5726092E-02	9.2160993E-01	7.8390074E-02	0.0000000E+00	0.0000000E+00	0.0000000E+00	0.0000000E+00	0.0000000E+00	0.0000000E+00	6.0388853E-01	6.8205073E-01	7.8406670E-01	8.5031828E-01	0.0000000E+00	0.0000000E+00	9.0237919E-01	0.0000000E+00
3.0018632E+14	8.3690208E+33	1.7498579E-01	6.2342330E-02	1.5303642E-02	9.2235403E-01	7.7645972E-02	0.0000000E+00	0.0000000E+00	0.0000000E+00	0.0000000E+00	0.0000000E+00	0.0000000E+00	6.0638645E-01	6.8396114E-01	7.8553935E-01	8.5131353E-01	0.0000000E+00	0.0000000E+00	9.0302410E-01	0.0000000E+00
2.9732439E+14	8.1433196E+33	1.7336703E-01	6.2019214E-02	1.4881873E-02	9.2309891E-01	7.6901088E-02	0.0000000E+00	0.0000000E+00	0.0000000E+00	0.0000000E+00	0.0000000E+00	0.0000000E+00	6.0888524E-01	6.8587693E-01	7.8701007E-01	8.5230755E-01	0.0000000E+00	0.0000000E+00	9.0366828E-01	0.0000000E+00
2.9448388E+14	7.9235536E+33	1.7175909E-01	6.1694611E-02	1.4460869E-02	9.2384452E-01	7.6155480E-02	0.0000000E+00	0.0000000E+00	0.0000000E+00	0.0000000E+00	0.0000000E+00	0.0000000E+00	6.1138660E-01	6.8779846E-01	7.8847979E-01	8.5330086E-01	0.0000000E+00	0.0000000E+00	9.0431196E-01	0.0000000E+00
2.9166466E+14	7.7095824E+33	1.7016194E-01	6.1368493E-02	1.4040716E-02	9.2459079E-01	7.5409210E-02	0.0000000E+00	0.0000000E+00	0.0000000E+00	0.0000000E+00	0.0000000E+00	0.0000000E+00	6.1388953E-01	6.8972520E-01	7.8994797E-01	8.5429320E-01	0.0000000E+00	0.0000000E+00	9.0495494E-01	0.0000000E+00
2.8886661E+14	7.5012678E+33	1.6857553E-01	6.1040836E-02	1.3621507E-02	9.2533766E-01	7.4662342E-02	0.0000000E+00	0.0000000E+00	0.0000000E+00	0.0000000E+00	0.0000000E+00	0.0000000E+00	6.1639324E-01	6.9165669E-01	7.9141425E-01	8.5528419E-01	0.0000000E+00	0.0000000E+00	9.0559716E-01	0.0000000E+00
2.8608959E+14	7.2984741E+33	1.6699984E-01	6.0711612E-02	1.3203336E-02	9.2608505E-01	7.3914948E-02	0.0000000E+00	0.0000000E+00	0.0000000E+00	0.0000000E+00	0.0000000E+00	0.0000000E+00	6.1889906E-01	6.9359326E-01	7.9287935E-01	8.5627439E-01	0.0000000E+00	0.0000000E+00	9.0623879E-01	0.0000000E+00
2.8333347E+14	7.1010679E+33	1.6543482E-01	6.0380793E-02	1.2786307E-02	9.2683290E-01	7.3167100E-02	0.0000000E+00	0.0000000E+00	0.0000000E+00	0.0000000E+00	0.0000000E+00	0.0000000E+00	6.2140400E-01	6.9553360E-01	7.9434174E-01	8.5726274E-01	0.0000000E+00	0.0000000E+00	9.0687932E-01	0.0000000E+00
2.8059815E+14	6.9089182E+33	1.6388045E-01	6.0048353E-02	1.2370526E-02	9.2758112E-01	7.2418879E-02	0.0000000E+00	0.0000000E+00	0.0000000E+00	0.0000000E+00	0.0000000E+00	0.0000000E+00	6.2391067E-01	6.9747853E-01	7.9580278E-01	8.5825018E-01	0.0000000E+00	0.0000000E+00	9.0751918E-01	0.0000000E+00
2.7788349E+14	6.7218963E+33	1.6233670E-01	5.9714261E-02	1.1956106E-02	9.2832963E-01	7.1670367E-02	0.0000000E+00	0.0000000E+00	0.0000000E+00	0.0000000E+00	0.0000000E+00	0.0000000E+00	6.2641663E-01	6.9942692E-01	7.9726124E-01	8.5923591E-01	0.0000000E+00	0.0000000E+00	9.0815796E-01	0.0000000E+00
2.7518938E+14	6.5398759E+33	1.6080353E-01	5.9378488E-02	1.1543168E-02	9.2907834E-01	7.0921656E-02	0.0000000E+00	0.0000000E+00	0.0000000E+00	0.0000000E+00	0.0000000E+00	0.0000000E+00	6.2892313E-01	7.0137910E-01	7.9871780E-01	8.6022031E-01	0.0000000E+00	0.0000000E+00	9.0879586E-01	0.0000000E+00
2.7251570E+14	6.3627330E+33	1.5928091E-01	5.9041005E-02	1.1131837E-02	9.2982716E-01	7.0172841E-02	0.0000000E+00	0.0000000E+00	0.0000000E+00	0.0000000E+00	0.0000000E+00	0.0000000E+00	6.3142888E-01	7.0333439E-01	8.0017179E-01	8.6120305E-01	0.0000000E+00	0.0000000E+00	9.0943269E-01	0.0000000E+00
2.6986234E+14	6.1903459E+33	1.5776881E-01	5.8701780E-02	1.0722246E-02	9.3057597E-01	6.9424025E-02	0.0000000E+00	0.0000000E+00	0.0000000E+00	0.0000000E+00	0.0000000E+00	0.0000000E+00	6.3393425E-01	7.0529276E-01	8.0162344E-01	8.6218413E-01	0.0000000E+00	0.0000000E+00	9.1006846E-01	0.0000000E+00
2.6722918E+14	6.0225953E+33	1.5626720E-01	5.8360781E-02	1.0314537E-02	9.3132468E-01	6.8675318E-02	0.0000000E+00	0.0000000E+00	0.0000000E+00	0.0000000E+00	0.0000000E+00	0.0000000E+00	6.3643859E-01	7.0725378E-01	8.0307243E-01	8.6316349E-01	0.0000000E+00	0.0000000E+00	9.1070307E-01	0.0000000E+00
2.6461613E+14	5.8593639E+33	1.5477605E-01	5.8017976E-02	9.9088595E-03	9.3207316E-01	6.7926836E-02	0.0000000E+00	0.0000000E+00	0.0000000E+00	0.0000000E+00	0.0000000E+00	0.0000000E+00	6.3894194E-01	7.0921730E-01	8.0451879E-01	8.6414097E-01	0.0000000E+00	0.0000000E+00	9.1133651E-01	0.0000000E+00
2.6202306E+14	5.7005369E+33	1.5329533E-01	5.7673333E-02	9.5053718E-03	9.3282130E-01	6.7178705E-02	0.0000000E+00	0.0000000E+00	0.0000000E+00	0.0000000E+00	0.0000000E+00	0.0000000E+00	6.4144367E-01	7.1118289E-01	8.0596223E-01	8.6511655E-01	0.0000000E+00	0.0000000E+00	9.1196871E-01	0.0000000E+00
2.5944989E+14	5.5460017E+33	1.5182502E-01	5.7326816E-02	9.1042419E-03	9.3356894E-01	6.6431058E-02	0.0000000E+00	0.0000000E+00	0.0000000E+00	0.0000000E+00	0.0000000E+00	0.0000000E+00	6.4394414E-01	7.1315054E-01	8.0740294E-01	8.6609026E-01	0.0000000E+00	0.0000000E+00	9.1259972E-01	0.0000000E+00
2.5689650E+14	5.3956477E+33	1.5036507E-01	5.6978390E-02	8.7056481E-03	9.3431596E-01	6.5684038E-02	0.0000000E+00	0.0000000E+00	0.0000000E+00	0.0000000E+00	0.0000000E+00	0.0000000E+00	6.4644209E-01	7.1511950E-01	8.0884029E-01	8.6706173E-01	0.0000000E+00	0.0000000E+00	9.1322921E-01	0.0000000E+00
2.5436280E+14	5.2493666E+33	1.4891548E-01	5.6628019E-02	8.3097797E-03	9.3506220E-01	6.4937799E-02	0.0000000E+00	0.0000000E+00	0.0000000E+00	0.0000000E+00	0.0000000E+00	0.0000000E+00	6.4893892E-01	7.1709033E-01	8.1027501E-01	8.6803139E-01	0.0000000E+00	0.0000000E+00	9.1385759E-01	0.0000000E+00
2.5184869E+14	5.1070522E+33	1.4747620E-01	5.6275666E-02	7.9168383E-03	9.3580750E-01	6.4192505E-02	0.0000000E+00	0.0000000E+00	0.0000000E+00	0.0000000E+00	0.0000000E+00	0.0000000E+00	6.5143192E-01	7.1906149E-01	8.1170574E-01	8.6899835E-01	0.0000000E+00	0.0000000E+00	9.1448420E-01	0.0000000E+00
2.4935409E+14	4.9686006E+33	1.4604723E-01	5.5921292E-02	7.5270383E-03	9.3655167E-01	6.3448330E-02	0.0000000E+00	0.0000000E+00	0.0000000E+00	0.0000000E+00	0.0000000E+00	0.0000000E+00	6.5392397E-01	7.2103433E-01	8.1313396E-01	8.6996365E-01	0.0000000E+00	0.0000000E+00	9.1510970E-01	0.0000000E+00
2.4687889E+14	4.8339096E+33	1.4462852E-01	5.5564857E-02	7.1406084E-03	9.3729454E-01	6.2705465E-02	0.0000000E+00	0.0000000E+00	0.0000000E+00	0.0000000E+00	0.0000000E+00	0.0000000E+00	6.5641132E-01	7.2300673E-01	8.1455776E-01	8.7092593E-01	0.0000000E+00	0.0000000E+00	9.1573332E-01	0.0000000E+00
2.4442302E+14	4.7028793E+33	1.4322007E-01	5.5206318E-02	6.7577927E-03	9.3803589E-01	6.1964110E-02	0.0000000E+00	0.0000000E+00	0.0000000E+00	0.0000000E+00	0.0000000E+00	0.0000000E+00	6.5889671E-01	7.2498001E-01	8.1597855E-01	8.7188615E-01	0.0000000E+00	0.0000000E+00	9.1635555E-01	0.0000000E+00
2.4198638E+14	4.5754119E+33	1.4182185E-01	5.4845631E-02	6.3788522E-03	9.3877552E-01	6.1224483E-02	0.0000000E+00	0.0000000E+00	0.0000000E+00	0.0000000E+00	0.0000000E+00	0.0000000E+00	6.6137855E-01	7.2695316E-01	8.1739554E-01	8.7284388E-01	0.0000000E+00	0.0000000E+00	9.1697615E-01	0.0000000E+00
2.3956891E+14	4.4514113E+33	1.4043383E-01	5.4482752E-02	6.0040666E-03	9.3951318E-01	6.0486818E-02	0.0000000E+00	0.0000000E+00	0.0000000E+00	0.0000000E+00	0.0000000E+00	0.0000000E+00	6.6385618E-01	7.2892568E-01	8.1880839E-01	8.7379874E-01	0.0000000E+00	0.0000000E+00	9.1759496E-01	0.0000000E+00
2.3717052E+14	4.3307836E+33	1.3905600E-01	5.4117630E-02	5.6337359E-03	9.4024863E-01	5.9751366E-02	0.0000000E+00	0.0000000E+00	0.0000000E+00	0.0000000E+00	0.0000000E+00	0.0000000E+00	6.6633144E-01	7.3089845E-01	8.2021806E-01	8.7475148E-01	0.0000000E+00	0.0000000E+00	9.1821229E-01	0.0000000E+00
2.3479113E+14	4.2134366E+33	1.3768835E-01	5.3750216E-02	5.2681829E-03	9.4098160E-01	5.9018398E-02	0.0000000E+00	0.0000000E+00	0.0000000E+00	0.0000000E+00	0.0000000E+00	0.0000000E+00	6.6880079E-01	7.3286933E-01	8.2162273E-01	8.7570082E-01	0.0000000E+00	0.0000000E+00	9.1882752E-01	0.0000000E+00
2.3243069E+14	4.0992801E+33	1.3633086E-01	5.3380453E-02	4.9077556E-03	9.4171179E-01	5.8288209E-02	0.0000000E+00	0.0000000E+00	0.0000000E+00	0.0000000E+00	0.0000000E+00	0.0000000E+00	6.7126663E-01	7.3483953E-01	8.2302365E-01	8.7664766E-01	0.0000000E+00	0.0000000E+00	9.1944109E-01	0.0000000E+00
2.3008913E+14	3.9882255E+33	1.3498350E-01	5.3008284E-02	4.5528304E-03	9.4243889E-01	5.7561114E-02	0.0000000E+00	0.0000000E+00	0.0000000E+00	0.0000000E+00	0.0000000E+00	0.0000000E+00	6.7372908E-01	7.3680901E-01	8.2442086E-01	8.7759193E-01	0.0000000E+00	0.0000000E+00	9.2005301E-01	0.0000000E+00
2.2776638E+14	3.8801862E+33	1.3364629E-01	5.2633645E-02	4.2038155E-03	9.4316254E-01	5.6837461E-02	0.0000000E+00	0.0000000E+00	0.0000000E+00	0.0000000E+00	0.0000000E+00	0.0000000E+00	6.7618447E-01	7.3877543E-01	8.2581251E-01	8.7853256E-01	0.0000000E+00	0.0000000E+00	9.2066251E-01	0.0000000E+00
2.2546240E+14	3.7750772E+33	1.3231919E-01	5.2256469E-02	3.8611551E-03	9.4388238E-01	5.6117624E-02	0.0000000E+00	0.0000000E+00	0.0000000E+00	0.0000000E+00	0.0000000E+00	0.0000000E+00	6.7863607E-01	7.4074061E-01	8.2720025E-01	8.7947048E-01	0.0000000E+00	0.0000000E+00	9.2127033E-01	0.0000000E+00
2.2317714E+14	3.6728150E+33	1.3100222E-01	5.1876679E-02	3.5253352E-03	9.4459799E-01	5.5402015E-02	0.0000000E+00	0.0000000E+00	0.0000000E+00	0.0000000E+00	0.0000000E+00	0.0000000E+00	6.8108360E-01	7.4270423E-01	8.2858396E-01	8.8040559E-01	0.0000000E+00	0.0000000E+00	9.2187628E-01	0.0000000E+00
2.2091055E+14	3.5733179E+33	1.2969536E-01	5.1494195E-02	3.1968893E-03	9.4530892E-01	5.4691084E-02	0.0000000E+00	0.0000000E+00	0.0000000E+00	0.0000000E+00	0.0000000E+00	0.0000000E+00	6.8352320E-01	7.4466378E-01	8.2996163E-01	8.8133675E-01	0.0000000E+00	0.0000000E+00	9.2247972E-01	0.0000000E+00
2.1866260E+14	3.4765055E+33	1.2839863E-01	5.1108924E-02	2.8764067E-03	9.4601467E-01	5.3985330E-02	0.0000000E+00	0.0000000E+00	0.0000000E+00	0.0000000E+00	0.0000000E+00	0.0000000E+00	6.8595813E-01	7.4662109E-01	8.3133494E-01	8.8226496E-01	0.0000000E+00	0.0000000E+00	9.2308118E-01	0.0000000E+00
2.1643328E+14	3.3822988E+33	1.2711202E-01	5.0720763E-02	2.5645425E-03	9.4671469E-01	5.3285306E-02	0.0000000E+00	0.0000000E+00	0.0000000E+00	0.0000000E+00	0.0000000E+00	0.0000000E+00	6.8838812E-01	7.4857587E-01	8.3270374E-01	8.8319002E-01	0.0000000E+00	0.0000000E+00	9.2368062E-01	0.0000000E+00
2.1422257E+14	3.2906202E+33	1.2583555E-01	5.0329597E-02	2.2620306E-03	9.4740837E-01	5.2591628E-02	0.0000000E+00	0.0000000E+00	0.0000000E+00	0.0000000E+00	0.0000000E+00	0.0000000E+00	6.9081084E-01	7.5052646E-01	8.3406680E-01	8.8411127E-01	0.0000000E+00	0.0000000E+00	9.2427761E-01	0.0000000E+00
2.1203046E+14	3.2013929E+33	1.2456924E-01	4.9935291E-02	1.9697006E-03	9.4809501E-01	5.1904992E-02	0.0000000E+00	0.0000000E+00	0.0000000E+00	0.0000000E+00	0.0000000E+00	0.0000000E+00	6.9322668E-01	7.5247290E-01	8.3542431E-01	8.8502880E-01	0.0000000E+00	0.0000000E+00	9.2487218E-01	0.0000000E+00
2.0985699E+14	3.1145413E+33	1.2331313E-01	4.9537690E-02	1.6885004E-03	9.4877381E-01	5.1226190E-02	0.0000000E+00	0.0000000E+00	0.0000000E+00	0.0000000E+00	0.0000000E+00	0.0000000E+00	6.9563668E-01	7.5441570E-01	8.3677677E-01	8.8594283E-01	0.0000000E+00	0.0000000E+00	9.2546451E-01	0.0000000E+00
2.0770218E+14	3.0299904E+33	1.2206724E-01	4.9136609E-02	1.4195284E-03	9.4944386E-01	5.0556137E-02	0.0000000E+00	0.0000000E+00	0.0000000E+00	0.0000000E+00	0.0000000E+00	0.0000000E+00	6.9804053E-01	7.5635448E-01	8.3812401E-01	8.8685337E-01	0.0000000E+00	0.0000000E+00	9.2605454E-01	0.0000000E+00
2.0556610E+14	2.9476654E+33	1.2083165E-01	4.8731825E-02	1.1640784E-03	9.5010410E-01	4.9895904E-02	0.0000000E+00	0.0000000E+00	0.0000000E+00	0.0000000E+00	0.0000000E+00	0.0000000E+00	7.0043564E-01	7.5828725E-01	8.3946461E-01	8.8775945E-01	0.0000000E+00	0.0000000E+00	9.2664170E-01	0.0000000E+00
2.0344887E+14	2.8674915E+33	1.1960642E-01	4.8323063E-02	9.2370816E-04	9.5075323E-01	4.9246771E-02	0.0000000E+00	0.0000000E+00	0.0000000E+00	0.0000000E+00	0.0000000E+00	0.0000000E+00	7.0282307E-01	7.6021446E-01	8.4079907E-01	8.8866138E-01	0.0000000E+00	0.0000000E+00	9.2722618E-01	0.0000000E+00
2.0135064E+14	2.7893925E+33	1.1839167E-01	4.7909971E-02	7.0034724E-04	9.5138968E-01	4.8610319E-02	0.0000000E+00	0.0000000E+00	0.0000000E+00	0.0000000E+00	0.0000000E+00	0.0000000E+00	7.0520328E-01	7.6213616E-01	8.4212757E-01	8.8955924E-01	0.0000000E+00	0.0000000E+00	9.2780802E-01	0.0000000E+00
1.9927165E+14	2.7132903E+33	1.1718755E-01	4.7492081E-02	4.9648258E-04	9.5201144E-01	4.7988564E-02	0.0000000E+00	0.0000000E+00	0.0000000E+00	0.0000000E+00	0.0000000E+00	0.0000000E+00	7.0757581E-01	7.6405170E-01	8.4344973E-01	8.9045280E-01	0.0000000E+00	0.0000000E+00	9.2838708E-01	0.0000000E+00
1.9721227E+14	2.6391014E+33	1.1599430E-01	4.7068730E-02	3.1551112E-04	9.5261576E-01	4.7384241E-02	0.0000000E+00	0.0000000E+00	0.0000000E+00	0.0000000E+00	0.0000000E+00	0.0000000E+00	7.0994005E-01	7.6596021E-01	8.4476517E-01	8.9134186E-01	0.0000000E+00	0.0000000E+00	9.2896317E-01	0.0000000E+00
1.9517313E+14	2.5667318E+33	1.1481230E-01	4.6638886E-02	1.6253186E-04	9.5319858E-01	4.6801417E-02	0.0000000E+00	0.0000000E+00	0.0000000E+00	0.0000000E+00	0.0000000E+00	0.0000000E+00	7.1229297E-01	7.6785872E-01	8.4607187E-01	8.9222498E-01	0.0000000E+00	0.0000000E+00	9.2953548E-01	0.0000000E+00
1.9315549E+14	2.4960592E+33	1.1364229E-01	4.6200606E-02	0.0000000E+00	9.5375264E-01	4.6247361E-02	0.0000000E+00	0.0000000E+00	0.0000000E+00	0.0000000E+00	0.0000000E+00	0.0000000E+00	7.1463608E-01	7.6974715E-01	8.4737017E-01	8.9310248E-01	0.0000000E+00	0.0000000E+00	9.3010410E-01	0.0000000E+00
1.9116409E+14	2.4267995E+33	1.1248704E-01	4.5746842E-02	0.0000000E+00	9.5425316E-01	4.5746842E-02	0.0000000E+00	0.0000000E+00	0.0000000E+00	0.0000000E+00	0.0000000E+00	0.0000000E+00	7.1696541E-01	7.7161960E-01	8.4865667E-01	8.9397200E-01	0.0000000E+00	0.0000000E+00	9.3066757E-01	0.0000000E+00
1.8919512E+14	2.3590586E+33	1.1134435E-01	4.5283076E-02	0.0000000E+00	9.5471692E-01	4.5283076E-02	0.0000000E+00	0.0000000E+00	0.0000000E+00	0.0000000E+00	0.0000000E+00	0.0000000E+00	7.1928353E-01	7.7348005E-01	8.4993378E-01	8.9483516E-01	0.0000000E+00	0.0000000E+00	9.3122691E-01	0.0000000E+00
1.8724112E+14	2.2931239E+33	1.1020990E-01	4.4820140E-02	0.0000000E+00	9.5517986E-01	4.4820140E-02	0.0000000E+00	0.0000000E+00	0.0000000E+00	0.0000000E+00	0.0000000E+00	0.0000000E+00	7.2159546E-01	7.7533715E-01	8.5120647E-01	8.9569529E-01	0.0000000E+00	0.0000000E+00	9.3178426E-01	0.0000000E+00
1.8530199E+14	2.2289486E+33	1.0908367E-01	4.4358072E-02	0.0000000E+00	9.5564193E-01	4.4358072E-02	0.0000000E+00	0.0000000E+00	0.0000000E+00	0.0000000E+00	0.0000000E+00	0.0000000E+00	7.2390077E-01	7.7719088E-01	8.5247468E-01	8.9655238E-01	0.0000000E+00	0.0000000E+00	9.3233966E-01	0.0000000E+00
1.8337767E+14	2.1664869E+33	1.0796561E-01	4.3896912E-02	0.0000000E+00	9.5610309E-01	4.3896912E-02	0.0000000E+00	0.0000000E+00	0.0000000E+00	0.0000000E+00	0.0000000E+00	0.0000000E+00	7.2619869E-01	7.7904067E-01	8.5373805E-01	8.9740626E-01	0.0000000E+00	0.0000000E+00	9.3289302E-01	0.0000000E+00
1.8146808E+14	2.1056942E+33	1.0685569E-01	4.3436698E-02	0.0000000E+00	9.5656330E-01	4.3436698E-02	0.0000000E+00	0.0000000E+00	0.0000000E+00	0.0000000E+00	0.0000000E+00	0.0000000E+00	7.2848835E-01	7.8088586E-01	8.5499622E-01	8.9825659E-01	0.0000000E+00	0.0000000E+00	9.3344405E-01	0.0000000E+00
1.7957312E+14	2.0465269E+33	1.0575389E-01	4.2977471E-02	0.0000000E+00	9.5702253E-01	4.2977471E-02	0.0000000E+00	0.0000000E+00	0.0000000E+00	0.0000000E+00	0.0000000E+00	0.0000000E+00	7.3077097E-01	7.8272719E-01	8.5624965E-01	8.9910381E-01	0.0000000E+00	0.0000000E+00	9.3399303E-01	0.0000000E+00
1.7769273E+14	1.9889428E+33	1.0466017E-01	4.2519271E-02	0.0000000E+00	9.5748073E-01	4.2519271E-02	0.0000000E+00	0.0000000E+00	0.0000000E+00	0.0000000E+00	0.0000000E+00	0.0000000E+00	7.3304643E-01	7.8456450E-01	8.5749843E-01	8.9994779E-01	0.0000000E+00	0.0000000E+00	9.3453998E-01	0.0000000E+00
1.7582682E+14	1.9329004E+33	1.0357449E-01	4.2062142E-02	0.0000000E+00	9.5793786E-01	4.2062142E-02	0.0000000E+00	0.0000000E+00	0.0000000E+00	0.0000000E+00	0.0000000E+00	0.0000000E+00	7.3531457E-01	7.8639764E-01	8.5874244E-01	9.0078853E-01	0.0000000E+00	0.0000000E+00	9.3508484E-01	0.0000000E+00
1.7397532E+14	1.8783597E+33	1.0249682E-01	4.1606124E-02	0.0000000E+00	9.5839388E-01	4.1606124E-02	0.0000000E+00	0.0000000E+00	0.0000000E+00	0.0000000E+00	0.0000000E+00	0.0000000E+00	7.3757525E-01	7.8822643E-01	8.5998161E-01	9.0162603E-01	0.0000000E+00	0.0000000E+00	9.3562753E-01	0.0000000E+00
1.7213815E+14	1.8252812E+33	1.0142712E-01	4.1151261E-02	0.0000000E+00	9.5884874E-01	4.1151261E-02	0.0000000E+00	0.0000000E+00	0.0000000E+00	0.0000000E+00	0.0000000E+00	0.0000000E+00	7.3982834E-01	7.9005073E-01	8.6121591E-01	9.0246025E-01	0.0000000E+00	0.0000000E+00	9.3616810E-01	0.0000000E+00
1.7031523E+14	1.7736270E+33	1.0036537E-01	4.0697596E-02	0.0000000E+00	9.5930240E-01	4.0697596E-02	0.0000000E+00	0.0000000E+00	0.0000000E+00	0.0000000E+00	0.0000000E+00	0.0000000E+00	7.4207368E-01	7.9187038E-01	8.6244521E-01	9.0329113E-01	0.0000000E+00	0.0000000E+00	9.3670650E-01	0.0000000E+00
1.6850649E+14	1.7233596E+33	9.9311532E-02	4.0245174E-02	0.0000000E+00	9.5975483E-01	4.0245174E-02	0.0000000E+00	0.0000000E+00	0.0000000E+00	0.0000000E+00	0.0000000E+00	0.0000000E+00	7.4431116E-01	7.9368525E-01	8.6366953E-01	9.0411858E-01	0.0000000E+00	0.0000000E+00	9.3724270E-01	0.0000000E+00
1.6671185E+14	1.6744430E+33	9.8265569E-02	3.9794037E-02	0.0000000E+00	9.6020596E-01	3.9794037E-02	0.0000000E+00	0.0000000E+00	0.0000000E+00	0.0000000E+00	0.0000000E+00	0.0000000E+00	7.4654066E-01	7.9549517E-01	8.6488882E-01	9.0494264E-01	0.0000000E+00	0.0000000E+00	9.3777669E-01	0.0000000E+00
1.6493123E+14	1.6268418E+33	9.7227449E-02	3.9344232E-02	0.0000000E+00	9.6065577E-01	3.9344232E-02	0.0000000E+00	0.0000000E+00	0.0000000E+00	0.0000000E+00	0.0000000E+00	0.0000000E+00	7.4876204E-01	7.9730001E-01	8.6610297E-01	9.0576321E-01	0.0000000E+00	0.0000000E+00	9.3830844E-01	0.0000000E+00
1.6316456E+14	1.5805216E+33	9.6197139E-02	3.8895803E-02	0.0000000E+00	9.6110420E-01	3.8895803E-02	0.0000000E+00	0.0000000E+00	0.0000000E+00	0.0000000E+00	0.0000000E+00	0.0000000E+00	7.5097520E-01	7.9909963E-01	8.6731193E-01	9.0658031E-01	0.0000000E+00	0.0000000E+00	9.3883794E-01	0.0000000E+00
1.6141177E+14	1.5354490E+33	9.5174605E-02	3.8448796E-02	0.0000000E+00	9.6155120E-01	3.8448796E-02	0.0000000E+00	0.0000000E+00	0.0000000E+00	0.0000000E+00	0.0000000E+00	0.0000000E+00	7.5318001E-01	8.0089389E-01	8.6851572E-01	9.0739389E-01	0.0000000E+00	0.0000000E+00	9.3936515E-01	0.0000000E+00
1.5967278E+14	1.4915914E+33	9.4159814E-02	3.8003258E-02	0.0000000E+00	9.6199674E-01	3.8003258E-02	0.0000000E+00	0.0000000E+00	0.0000000E+00	0.0000000E+00	0.0000000E+00	0.0000000E+00	7.5537638E-01	8.0268267E-01	8.6971421E-01	9.0820389E-01	0.0000000E+00	0.0000000E+00	9.3989011E-01	0.0000000E+00
1.5794751E+14	1.4489169E+33	9.3152731E-02	3.7559233E-02	0.0000000E+00	9.6244077E-01	3.7559233E-02	0.0000000E+00	0.0000000E+00	0.0000000E+00	0.0000000E+00	0.0000000E+00	0.0000000E+00	7.5756419E-01	8.0446583E-01	8.7090742E-01	9.0901034E-01	0.0000000E+00	0.0000000E+00	9.4041269E-01	0.0000000E+00
1.5623589E+14	1.4073947E+33	9.2153325E-02	3.7116769E-02	0.0000000E+00	9.6288323E-01	3.7116769E-02	0.0000000E+00	0.0000000E+00	0.0000000E+00	0.0000000E+00	0.0000000E+00	0.0000000E+00	7.5974336E-01	8.0624326E-01	8.7209530E-01	9.0981316E-01	0.0000000E+00	0.0000000E+00	9.4093290E-01	0.0000000E+00
1.5453785E+14	1.3669948E+33	9.1161559E-02	3.6675912E-02	0.0000000E+00	9.6332409E-01	3.6675912E-02	0.0000000E+00	0.0000000E+00	0.0000000E+00	0.0000000E+00	0.0000000E+00	0.0000000E+00	7.6191378E-01	8.0801483E-01	8.7327782E-01	9.1061237E-01	0.0000000E+00	0.0000000E+00	9.4145079E-01	0.0000000E+00
1.5285332E+14	1.3276878E+33	9.0177402E-02	3.6236709E-02	0.0000000E+00	9.6376329E-01	3.6236709E-02	0.0000000E+00	0.0000000E+00	0.0000000E+00	0.0000000E+00	0.0000000E+00	0.0000000E+00	7.6407538E-01	8.0978044E-01	8.7445492E-01	9.1140794E-01	0.0000000E+00	0.0000000E+00	9.4196636E-01	0.0000000E+00
1.5118222E+14	1.2894451E+33	8.9200819E-02	3.5799207E-02	0.0000000E+00	9.6420079E-01	3.5799207E-02	0.0000000E+00	0.0000000E+00	0.0000000E+00	0.0000000E+00	0.0000000E+00	0.0000000E+00	7.6622808E-01	8.1153998E-01	8.7562656E-01	9.1219979E-01	0.0000000E+00	0.0000000E+00	9.4247948E-01	0.0000000E+00
1.4952447E+14	1.2522392E+33	8.8231777E-02	3.5363453E-02	0.0000000E+00	9.6463655E-01	3.5363453E-02	0.0000000E+00	0.0000000E+00	0.0000000E+00	0.0000000E+00	0.0000000E+00	0.0000000E+00	7.6837181E-01	8.1329333E-01	8.7679271E-01	9.1298794E-01	0.0000000E+00	0.0000000E+00	9.4299025E-01	0.0000000E+00
1.4788002E+14	1.2160428E+33	8.7270241E-02	3.4929494E-02	0.0000000E+00	9.6507051E-01	3.4929494E-02	0.0000000E+00	0.0000000E+00	0.0000000E+00	0.0000000E+00	0.0000000E+00	0.0000000E+00	7.7050650E-01	8.1504042E-01	8.7795339E-01	9.1377244E-01	0.0000000E+00	0.0000000E+00	9.4349862E-01	0.0000000E+00
1.4624877E+14	1.1808297E+33	8.6316178E-02	3.4497377E-02	0.0000000E+00	9.6550262E-01	3.4497377E-02	0.0000000E+00	0.0000000E+00	0.0000000E+00	0.0000000E+00	0.0000000E+00	0.0000000E+00	7.7263209E-01	8.1678115E-01	8.7910853E-01	9.1455316E-01	0.0000000E+00	0.0000000E+00	9.4400452E-01	0.0000000E+00
1.4463067E+14	1.1465743E+33	8.5369553E-02	3.4067148E-02	0.0000000E+00	9.6593285E-01	3.4067148E-02	0.0000000E+00	0.0000000E+00	0.0000000E+00	0.0000000E+00	0.0000000E+00	0.0000000E+00	7.7474852E-01	8.1851543E-01	8.8025813E-01	9.1533011E-01	0.0000000E+00	0.0000000E+00	9.4450800E-01	0.0000000E+00
1.4302564E+14	1.1132516E+33	8.4430333E-02	3.3638855E-02	0.0000000E+00	9.6636115E-01	3.3638855E-02	0.0000000E+00	0.0000000E+00	0.0000000E+00	0.0000000E+00	0.0000000E+00	0.0000000E+00	7.7685576E-01	8.2024319E-01	8.8140219E-01	9.1610334E-01	0.0000000E+00	0.0000000E+00	9.4500906E-01	0.0000000E+00
1.4143361E+14	1.0808375E+33	8.3498484E-02	3.3212544E-02	0.0000000E+00	9.6678746E-01	3.3212544E-02	0.0000000E+00	0.0000000E+00	0.0000000E+00	0.0000000E+00	0.0000000E+00	0.0000000E+00	7.7895376E-01	8.2196436E-01	8.8254069E-01	9.1687280E-01	0.0000000E+00	0.0000000E+00	9.4550769E-01	0.0000000E+00
4.681E+13		1.122E+32		2.780E-02		896		120		22
4.379E+13		1.021E+32		2.601E-02		896		122		24
4.212E+13		9.613E+31		2.502E-02		896		122		24
3.741E+13		8.011E+31		2.223E-02		896		122		24
3.523E+13		7.311E+31		2.093E-02		896		122		24
3.493E+13		7.311E+31		2.076E-02		896		124		26
3.201E+13		6.409E+31		1.903E-02		896		124		26
2.810E+13		5.278E+31		1.671E-02		896		124		26
2.784E+13		5.278E+31		1.656E-02		896		126		28
2.613E+13		4.807E+31		1.554E-02		896		126		28
2.317E+13		4.028E+31		1.378E-02		896		126		28
2.287E+13		4.028E+31		1.360E-02		448		70		16
1.954E+13		3.204E+31		1.162E-02		448		70		16
1.866E+13		2.998E+31		1.110E-02		448		70		16
1.838E+13		2.998E+31		1.094E-02		448		76		18
1.531E+13		2.304E+31		9.112E-03		448		76		18
1.506E+13		2.304E+31		8.965E-03		448		82		20
1.275E+13		1.816E+31		7.594E-03		448		82		20
1.254E+13		1.816E+31		7.464E-03		448		88		22
1.148E+13		1.602E+31		6.835E-03		448		88		22
1.077E+13		1.463E+31		6.412E-03		448		88		22
1.057E+13		1.463E+31		6.296E-03		448		94		24
1.047E+13		1.442E+31		6.234E-03		448		94		24
9.633E+12		1.282E+31		5.738E-03		448		94		24
9.345E+12		1.228E+31		5.567E-03		448		94		24
8.980E+12		1.228E+31		5.349E-03		224		54		14
8.423E+12		1.122E+31		5.018E-03		224		54		14
7.551E+12		9.613E+30		4.499E-03		224		54		14
7.342E+12		9.239E+30		4.374E-03		224		54		14
7.041E+12		9.239E+30		4.196E-03		224		60		16
6.361E+12		8.011E+30		3.791E-03		224		60		16
5.915E+12		7.233E+30		3.525E-03		224		60		16
5.665E+12		7.233E+30		3.377E-03		224		66		18
5.196E+12		6.409E+30		3.097E-03		224		66		18
4.982E+12		6.044E+30		2.970E-03		224		66		18
4.379E+12		6.044E+30		2.610E-03		112		44		12
3.708E+12		4.807E+30		2.211E-03		112		44		12
3.648E+12		4.699E+30		2.175E-03		112		44		12
3.338E+12		4.699E+30		1.990E-03		112		50		14
2.871E+12		3.825E+30		1.712E-03		112		50		14
2.634E+12		3.825E+30		1.571E-03		112		56		16
2.319E+12		3.216E+30		1.383E-03		112		56		16
2.134E+12		3.216E+30		1.273E-03		112		62		18
1.911E+12		2.771E+30		1.141E-03		112		62		18
1.766E+12		2.771E+30		1.054E-03		112		68		20
1.702E+12		2.637E+30		1.016E-03		112		68		20
1.702E+12		2.637E+30		1.016E-03		112		68		20
1.455E+12		2.637E+30		8.682E-04		56		40		12
1.358E+12		2.403E+30		8.100E-04		56		40		12
1.294E+12		2.253E+30		7.721E-04		56		40		12
1.131E+12		2.253E+30		6.748E-04		56		46		14
1.026E+12		1.980E+30		6.126E-04		56		46		14
9.075E+11		1.980E+30		5.418E-04		56		52		16
7.740E+11		1.602E+30		4.623E-04		56		52		16
7.151E+11		1.442E+30		4.272E-04		56		52		16
6.848E+11		1.361E+30		4.091E-04		56		52		16
6.110E+11		1.361E+30		3.651E-04		56		56		18
5.840E+11		1.282E+30		3.490E-04		56		56		18
5.282E+11		1.122E+30		3.158E-04		56		56		18
4.705E+11		9.613E+29		2.813E-04		56		56		18
4.102E+11		8.011E+29		2.454E-04		56		56		18
3.469E+11		6.409E+29		2.076E-04		56		56		18
2.795E+11		4.807E+29		1.673E-04		56		56		18
2.769E+11		4.747E+29		1.657E-04		56		56		18
2.496E+11		4.747E+29		1.494E-04		56		56		20
1.858E+11		3.204E+29		1.113E-04		56		56		20
1.497E+11		2.403E+29		8.971E-05		56		56		20
1.104E+11		1.602E+29		6.619E-05		56		56		20
1.020E+11		1.442E+29		6.117E-05		56		56		20
9.337E+10		1.282E+29		5.600E-05		56		56		20
8.619E+10		1.152E+29		5.170E-05		56		56		20
7.848E+10		1.152E+29		4.708E-05		56		56		22
7.691E+10		1.122E+29		4.614E-05		56		56		22
6.851E+10		9.613E+28		4.110E-05		56		56		22
5.975E+10		8.011E+28		3.585E-05		56		56		22
5.053E+10		6.409E+28		3.033E-05		56		56		22
4.072E+10		4.807E+28		2.445E-05		56		56		22
3.004E+10		3.204E+28		1.804E-05		56		56		22
2.421E+10		2.403E+28		1.455E-05		56		56		22
1.786E+10		1.602E+28		1.074E-05		56		56		22
1.651E+10		1.442E+28		9.921E-06		56		56		22
1.511E+10		1.282E+28		9.083E-06		56		56		22
1.367E+10		1.122E+28		8.219E-06		56		56		22
1.218E+10		9.613E+27		7.323E-06		56		56		22
1.214E+10		9.569E+27		7.298E-06		56		56		22
1.115E+10		9.569E+27		6.701E-06		56		56		24
9.756E+09		8.011E+27		5.866E-06		56		56		24
9.756E+09		8.011E+27		5.866E-06		56		56		24
8.254E+09		6.409E+27		4.964E-06		56		56		24
6.654E+09		4.807E+27		4.003E-06		56		56		24
4.912E+09		3.204E+27		2.956E-06		56		56		24
3.961E+09		2.403E+27		2.384E-06		56		56		24
2.925E+09		1.602E+27		1.761E-06		56		56		24
2.704E+09		1.442E+27		1.627E-06		56		56		24
2.476E+09		1.282E+27		1.490E-06		56		56		24
2.241E+09		1.122E+27		1.349E-06		56		56		24
1.997E+09		9.613E+26		1.202E-06		56		56		24
1.743E+09		8.011E+26		1.050E-06		56		56		24
1.495E+09		6.517E+26		8.999E-07		56		56		24
1.382E+09		6.517E+26		8.320E-07		56		56		26
1.365E+09		6.409E+26		8.217E-07		56		56		26
1.101E+09		4.807E+26		6.632E-07		56		56		26
8.145E+08		3.204E+26		4.905E-07		56		56		26
6.577E+08		2.403E+26		3.961E-07		56		56		26
5.573E+08		1.923E+26		3.357E-07		56		56		26
4.868E+08		1.602E+26		2.932E-07		56		56		26
4.503E+08		1.442E+26		2.712E-07		56		56		26
4.127E+08		1.282E+26		2.486E-07		56		56		26
3.738E+08		1.122E+26		2.252E-07		56		56		26
3.336E+08		9.613E+25		2.010E-07		56		56		26
2.916E+08		8.011E+25		1.757E-07		56		56		26
2.473E+08		6.409E+25		1.490E-07		56		56		26
2.001E+08		4.807E+25		1.206E-07		56		56		26
1.487E+08		3.204E+25		8.957E-08		56		56		26
1.205E+08		2.403E+25		7.259E-08		56		56		26
1.024E+08		1.923E+25		6.169E-08		56		56		26
8.966E+07		1.602E+25		5.404E-08		56		56		26
7.017E+07      1.141E+25      4.226E-08      56.       56.       26.
4.125E+07      5.446E+24      2.484E-08      56.       56.       26.
2.424E+07      2.576E+24      1.460E-08      56.       56.       26.
1.425E+07      1.205E+24      8.583E-09      56.       56.       26.
8.377E+06      5.561E+23      5.045E-09      56.       56.       26.
4.924E+06      2.529E+23      2.966E-09      56.       56.       26.
2.894E+06      1.132E+23      1.743E-09      56.       56.       26.
1.701E+06      4.983E+22      1.025E-09      56.       56.       26.
1.000E+06      2.159E+22      6.023E-10      56.       56.       26.
5.878E+05      9.218E+21      3.540E-10      56.       56.       26.
3.455E+05      3.882E+21      2.081E-10      56.       56.       26.
2.031E+05      1.615E+21      1.223E-10      56.       56.       26.
1.194E+05      6.639E+20      7.190E-11      56.       56.       26.
7.017E+04      2.700E+20      4.226E-11      56.       56.       26.
4.125E+04      1.086E+20      2.484E-11      56.       56.       26.
2.424E+04      4.319E+19      1.460E-11      56.       56.       26.
1.425E+04      1.693E+19      8.583E-12      56.       56.       26.
8.377E+03      6.528E+18      5.045E-12      56.       56.       26.
4.924E+03      2.460E+18      2.966E-12      56.       56.       26.
2.894E+03      8.985E+17      1.743E-12      56.       56.       26.
1.701E+03      3.127E+17      1.025E-12      56.       56.       26.
1.000E+03      1.003E+17      6.023E-13      56.       56.       26.
     
