      6    341    279          Itext Imax Icore

	BM165 without hyperons Bednarek et al. A&A 2012

   Rho	   Press	    nbar	    Ye	    Ymu	    Yn	    Yp	    Yla	    Ysm	    Ys0	    Ysp	Yxim	   mstp	   mstn	   mstla	   mstsm	   msts0	   mstsp	mstxim
  g/cm3	 dyne/cm2	   #/fm3	  [A_cell]	   [A_ion]	    [Z]													
																		
3.052186E+15	1.474841E+36	1.236895E+00	9.532456E-02	7.810683E-02	8.265686E-01	1.734314E-01	0.000000E+00	0.000000E+00	0.000000E+00	0.000000E+00	4.015672E-01	5.600591E-01	0.000000E+00	0.000000E+00	0.000000E+00	0.000000E+00
3.018694E+15	1.441438E+36	1.228033E+00	9.534185E-02	7.804304E-02	8.266151E-01	1.733849E-01	0.000000E+00	0.000000E+00	0.000000E+00	0.000000E+00	4.007455E-01	5.593557E-01	0.000000E+00	0.000000E+00	0.000000E+00	0.000000E+00
2.985540E+15	1.408909E+36	1.219190E+00	9.535900E-02	7.797838E-02	8.266626E-01	1.733374E-01	0.000000E+00	0.000000E+00	0.000000E+00	0.000000E+00	3.999285E-01	5.586560E-01	0.000000E+00	0.000000E+00	0.000000E+00	0.000000E+00
2.952750E+15	1.377238E+36	1.210376E+00	9.537593E-02	7.791279E-02	8.267113E-01	1.732887E-01	0.000000E+00	0.000000E+00	0.000000E+00	0.000000E+00	3.991171E-01	5.579597E-01	0.000000E+00	0.000000E+00	0.000000E+00	0.000000E+00
2.920340E+15	1.346409E+36	1.201596E+00	9.539265E-02	7.784636E-02	8.267610E-01	1.732390E-01	0.000000E+00	0.000000E+00	0.000000E+00	0.000000E+00	3.983123E-01	5.572666E-01	0.000000E+00	0.000000E+00	0.000000E+00	0.000000E+00
2.888326E+15	1.316399E+36	1.192856E+00	9.540913E-02	7.777911E-02	8.268118E-01	1.731882E-01	0.000000E+00	0.000000E+00	0.000000E+00	0.000000E+00	3.975150E-01	5.565767E-01	0.000000E+00	0.000000E+00	0.000000E+00	0.000000E+00
2.856719E+15	1.287187E+36	1.184162E+00	9.542535E-02	7.771104E-02	8.268636E-01	1.731364E-01	0.000000E+00	0.000000E+00	0.000000E+00	0.000000E+00	3.967257E-01	5.558899E-01	0.000000E+00	0.000000E+00	0.000000E+00	0.000000E+00
2.825524E+15	1.258751E+36	1.175517E+00	9.544131E-02	7.764222E-02	8.269165E-01	1.730835E-01	0.000000E+00	0.000000E+00	0.000000E+00	0.000000E+00	3.959451E-01	5.552060E-01	0.000000E+00	0.000000E+00	0.000000E+00	0.000000E+00
2.794746E+15	1.231067E+36	1.166925E+00	9.545695E-02	7.757258E-02	8.269705E-01	1.730295E-01	0.000000E+00	0.000000E+00	0.000000E+00	0.000000E+00	3.951736E-01	5.545249E-01	0.000000E+00	0.000000E+00	0.000000E+00	0.000000E+00
2.764387E+15	1.204110E+36	1.158387E+00	9.547231E-02	7.750225E-02	8.270254E-01	1.729746E-01	0.000000E+00	0.000000E+00	0.000000E+00	0.000000E+00	3.944116E-01	5.538466E-01	0.000000E+00	0.000000E+00	0.000000E+00	0.000000E+00
2.734445E+15	1.177857E+36	1.149906E+00	9.548734E-02	7.743110E-02	8.270816E-01	1.729184E-01	0.000000E+00	0.000000E+00	0.000000E+00	0.000000E+00	3.936592E-01	5.531710E-01	0.000000E+00	0.000000E+00	0.000000E+00	0.000000E+00
2.704919E+15	1.152284E+36	1.141482E+00	9.550206E-02	7.735926E-02	8.271387E-01	1.728613E-01	0.000000E+00	0.000000E+00	0.000000E+00	0.000000E+00	3.929169E-01	5.524982E-01	0.000000E+00	0.000000E+00	0.000000E+00	0.000000E+00
2.675804E+15	1.127367E+36	1.133117E+00	9.551642E-02	7.728664E-02	8.271969E-01	1.728031E-01	0.000000E+00	0.000000E+00	0.000000E+00	0.000000E+00	3.921847E-01	5.518280E-01	0.000000E+00	0.000000E+00	0.000000E+00	0.000000E+00
2.647096E+15	1.103083E+36	1.124812E+00	9.553045E-02	7.721329E-02	8.272563E-01	1.727437E-01	0.000000E+00	0.000000E+00	0.000000E+00	0.000000E+00	3.914627E-01	5.511606E-01	0.000000E+00	0.000000E+00	0.000000E+00	0.000000E+00
2.618787E+15	1.079408E+36	1.116565E+00	9.554412E-02	7.713919E-02	8.273167E-01	1.726833E-01	0.000000E+00	0.000000E+00	0.000000E+00	0.000000E+00	3.907511E-01	5.504959E-01	0.000000E+00	0.000000E+00	0.000000E+00	0.000000E+00
2.590872E+15	1.056322E+36	1.108378E+00	9.555741E-02	7.706432E-02	8.273783E-01	1.726217E-01	0.000000E+00	0.000000E+00	0.000000E+00	0.000000E+00	3.900499E-01	5.498340E-01	0.000000E+00	0.000000E+00	0.000000E+00	0.000000E+00
2.563342E+15	1.033802E+36	1.100248E+00	9.557035E-02	7.698870E-02	8.274410E-01	1.725590E-01	0.000000E+00	0.000000E+00	0.000000E+00	0.000000E+00	3.893591E-01	5.491749E-01	0.000000E+00	0.000000E+00	0.000000E+00	0.000000E+00
2.536188E+15	1.011829E+36	1.092177E+00	9.558289E-02	7.691226E-02	8.275049E-01	1.724951E-01	0.000000E+00	0.000000E+00	0.000000E+00	0.000000E+00	3.886788E-01	5.485187E-01	0.000000E+00	0.000000E+00	0.000000E+00	0.000000E+00
2.509404E+15	9.903814E+35	1.084162E+00	9.559505E-02	7.683507E-02	8.275699E-01	1.724301E-01	0.000000E+00	0.000000E+00	0.000000E+00	0.000000E+00	3.880088E-01	5.478655E-01	0.000000E+00	0.000000E+00	0.000000E+00	0.000000E+00
2.482979E+15	9.694410E+35	1.076203E+00	9.560679E-02	7.675700E-02	8.276362E-01	1.723638E-01	0.000000E+00	0.000000E+00	0.000000E+00	0.000000E+00	3.873492E-01	5.472153E-01	0.000000E+00	0.000000E+00	0.000000E+00	0.000000E+00
2.456905E+15	9.489892E+35	1.068299E+00	9.561816E-02	7.667817E-02	8.277037E-01	1.722963E-01	0.000000E+00	0.000000E+00	0.000000E+00	0.000000E+00	3.867000E-01	5.465682E-01	0.000000E+00	0.000000E+00	0.000000E+00	0.000000E+00
2.431173E+15	9.290084E+35	1.060449E+00	9.562907E-02	7.659842E-02	8.277725E-01	1.722275E-01	0.000000E+00	0.000000E+00	0.000000E+00	0.000000E+00	3.860611E-01	5.459243E-01	0.000000E+00	0.000000E+00	0.000000E+00	0.000000E+00
2.405774E+15	9.094817E+35	1.052650E+00	9.563959E-02	7.651787E-02	8.278425E-01	1.721575E-01	0.000000E+00	0.000000E+00	0.000000E+00	0.000000E+00	3.854324E-01	5.452838E-01	0.000000E+00	0.000000E+00	0.000000E+00	0.000000E+00
2.380697E+15	8.903929E+35	1.044903E+00	9.564964E-02	7.643633E-02	8.279140E-01	1.720860E-01	0.000000E+00	0.000000E+00	0.000000E+00	0.000000E+00	3.848139E-01	5.446468E-01	0.000000E+00	0.000000E+00	0.000000E+00	0.000000E+00
2.355935E+15	8.717267E+35	1.037204E+00	9.565929E-02	7.635396E-02	8.279867E-01	1.720133E-01	0.000000E+00	0.000000E+00	0.000000E+00	0.000000E+00	3.842056E-01	5.440134E-01	0.000000E+00	0.000000E+00	0.000000E+00	0.000000E+00
2.331479E+15	8.534682E+35	1.029554E+00	9.566844E-02	7.627054E-02	8.280610E-01	1.719390E-01	0.000000E+00	0.000000E+00	0.000000E+00	0.000000E+00	3.836074E-01	5.433837E-01	0.000000E+00	0.000000E+00	0.000000E+00	0.000000E+00
2.307318E+15	8.356033E+35	1.021950E+00	9.567717E-02	7.618625E-02	8.281366E-01	1.718634E-01	0.000000E+00	0.000000E+00	0.000000E+00	0.000000E+00	3.830192E-01	5.427579E-01	0.000000E+00	0.000000E+00	0.000000E+00	0.000000E+00
2.283445E+15	8.181186E+35	1.014390E+00	9.568537E-02	7.610084E-02	8.282138E-01	1.717862E-01	0.000000E+00	0.000000E+00	0.000000E+00	0.000000E+00	3.824411E-01	5.421362E-01	0.000000E+00	0.000000E+00	0.000000E+00	0.000000E+00
2.259851E+15	8.010013E+35	1.006874E+00	9.569315E-02	7.601450E-02	8.282924E-01	1.717076E-01	0.000000E+00	0.000000E+00	0.000000E+00	0.000000E+00	3.818729E-01	5.415187E-01	0.000000E+00	0.000000E+00	0.000000E+00	0.000000E+00
2.236528E+15	7.842390E+35	9.993987E-01	9.570036E-02	7.592697E-02	8.283727E-01	1.716273E-01	0.000000E+00	0.000000E+00	0.000000E+00	0.000000E+00	3.813147E-01	5.409056E-01	0.000000E+00	0.000000E+00	0.000000E+00	0.000000E+00
2.213466E+15	7.678201E+35	9.919638E-01	9.570713E-02	7.583845E-02	8.284544E-01	1.715456E-01	0.000000E+00	0.000000E+00	0.000000E+00	0.000000E+00	3.807663E-01	5.402971E-01	0.000000E+00	0.000000E+00	0.000000E+00	0.000000E+00
2.190658E+15	7.517334E+35	9.845673E-01	9.571331E-02	7.574868E-02	8.285380E-01	1.714620E-01	0.000000E+00	0.000000E+00	0.000000E+00	0.000000E+00	3.802280E-01	5.396934E-01	0.000000E+00	0.000000E+00	0.000000E+00	0.000000E+00
2.168097E+15	7.359682E+35	9.772076E-01	9.571901E-02	7.565783E-02	8.286232E-01	1.713768E-01	0.000000E+00	0.000000E+00	0.000000E+00	0.000000E+00	3.796995E-01	5.390946E-01	0.000000E+00	0.000000E+00	0.000000E+00	0.000000E+00
2.145773E+15	7.205144E+35	9.698831E-01	9.572409E-02	7.556565E-02	8.287102E-01	1.712897E-01	0.000000E+00	0.000000E+00	0.000000E+00	0.000000E+00	3.791809E-01	5.385011E-01	0.000000E+00	0.000000E+00	0.000000E+00	0.000000E+00
2.123680E+15	7.053624E+35	9.625923E-01	9.572867E-02	7.547232E-02	8.287990E-01	1.712010E-01	0.000000E+00	0.000000E+00	0.000000E+00	0.000000E+00	3.786723E-01	5.379130E-01	0.000000E+00	0.000000E+00	0.000000E+00	0.000000E+00
2.101810E+15	6.905027E+35	9.553335E-01	9.573260E-02	7.537758E-02	8.288898E-01	1.711102E-01	0.000000E+00	0.000000E+00	0.000000E+00	0.000000E+00	3.781736E-01	5.373305E-01	0.000000E+00	0.000000E+00	0.000000E+00	0.000000E+00
2.080156E+15	6.759267E+35	9.481052E-01	9.573599E-02	7.528160E-02	8.289824E-01	1.710176E-01	0.000000E+00	0.000000E+00	0.000000E+00	0.000000E+00	3.776849E-01	5.367539E-01	0.000000E+00	0.000000E+00	0.000000E+00	0.000000E+00
2.058710E+15	6.616259E+35	9.409059E-01	9.573869E-02	7.518410E-02	8.290772E-01	1.709228E-01	0.000000E+00	0.000000E+00	0.000000E+00	0.000000E+00	3.772063E-01	5.361835E-01	0.000000E+00	0.000000E+00	0.000000E+00	0.000000E+00
2.037467E+15	6.475923E+35	9.337340E-01	9.574082E-02	7.508529E-02	8.291739E-01	1.708261E-01	0.000000E+00	0.000000E+00	0.000000E+00	0.000000E+00	3.767377E-01	5.356194E-01	0.000000E+00	0.000000E+00	0.000000E+00	0.000000E+00
2.016418E+15	6.338181E+35	9.265880E-01	9.574222E-02	7.498485E-02	8.292729E-01	1.707271E-01	0.000000E+00	0.000000E+00	0.000000E+00	0.000000E+00	3.762794E-01	5.350620E-01	0.000000E+00	0.000000E+00	0.000000E+00	0.000000E+00
1.995558E+15	6.202961E+35	9.194663E-01	9.574300E-02	7.488300E-02	8.293740E-01	1.706260E-01	0.000000E+00	0.000000E+00	0.000000E+00	0.000000E+00	3.758313E-01	5.345116E-01	0.000000E+00	0.000000E+00	0.000000E+00	0.000000E+00
1.974880E+15	6.070193E+35	9.123676E-01	9.574300E-02	7.477941E-02	8.294776E-01	1.705224E-01	0.000000E+00	0.000000E+00	0.000000E+00	0.000000E+00	3.753935E-01	5.339684E-01	0.000000E+00	0.000000E+00	0.000000E+00	0.000000E+00
1.954378E+15	5.939810E+35	9.052902E-01	9.574235E-02	7.467430E-02	8.295834E-01	1.704166E-01	0.000000E+00	0.000000E+00	0.000000E+00	0.000000E+00	3.749662E-01	5.334327E-01	0.000000E+00	0.000000E+00	0.000000E+00	0.000000E+00
1.934046E+15	5.811748E+35	8.982327E-01	9.574085E-02	7.456732E-02	8.296918E-01	1.703082E-01	0.000000E+00	0.000000E+00	0.000000E+00	0.000000E+00	3.745496E-01	5.329049E-01	0.000000E+00	0.000000E+00	0.000000E+00	0.000000E+00
1.913877E+15	5.685946E+35	8.911936E-01	9.573865E-02	7.445870E-02	8.298026E-01	1.701973E-01	0.000000E+00	0.000000E+00	0.000000E+00	0.000000E+00	3.741436E-01	5.323853E-01	0.000000E+00	0.000000E+00	0.000000E+00	0.000000E+00
1.893866E+15	5.562347E+35	8.841715E-01	9.573555E-02	7.434811E-02	8.299163E-01	1.700837E-01	0.000000E+00	0.000000E+00	0.000000E+00	0.000000E+00	3.737487E-01	5.318742E-01	0.000000E+00	0.000000E+00	0.000000E+00	0.000000E+00
1.874008E+15	5.440894E+35	8.771650E-01	9.573168E-02	7.423571E-02	8.300326E-01	1.699674E-01	0.000000E+00	0.000000E+00	0.000000E+00	0.000000E+00	3.733647E-01	5.313720E-01	0.000000E+00	0.000000E+00	0.000000E+00	0.000000E+00
1.854296E+15	5.321536E+35	8.701725E-01	9.572686E-02	7.412123E-02	8.301519E-01	1.698481E-01	0.000000E+00	0.000000E+00	0.000000E+00	0.000000E+00	3.729921E-01	5.308791E-01	0.000000E+00	0.000000E+00	0.000000E+00	0.000000E+00
1.834726E+15	5.204221E+35	8.631926E-01	9.572119E-02	7.400477E-02	8.302740E-01	1.697260E-01	0.000000E+00	0.000000E+00	0.000000E+00	0.000000E+00	3.726310E-01	5.303958E-01	0.000000E+00	0.000000E+00	0.000000E+00	0.000000E+00
1.815291E+15	5.088902E+35	8.562240E-01	9.571452E-02	7.388611E-02	8.303994E-01	1.696006E-01	0.000000E+00	0.000000E+00	0.000000E+00	0.000000E+00	3.722816E-01	5.299225E-01	0.000000E+00	0.000000E+00	0.000000E+00	0.000000E+00
1.795987E+15	4.975531E+35	8.492652E-01	9.570689E-02	7.376527E-02	8.305278E-01	1.694722E-01	0.000000E+00	0.000000E+00	0.000000E+00	0.000000E+00	3.719442E-01	5.294597E-01	0.000000E+00	0.000000E+00	0.000000E+00	0.000000E+00
1.776809E+15	4.864067E+35	8.423148E-01	9.569822E-02	7.364212E-02	8.306597E-01	1.693403E-01	0.000000E+00	0.000000E+00	0.000000E+00	0.000000E+00	3.716190E-01	5.290077E-01	0.000000E+00	0.000000E+00	0.000000E+00	0.000000E+00
1.757752E+15	4.754465E+35	8.353714E-01	9.568846E-02	7.351656E-02	8.307950E-01	1.692050E-01	0.000000E+00	0.000000E+00	0.000000E+00	0.000000E+00	3.713064E-01	5.285671E-01	0.000000E+00	0.000000E+00	0.000000E+00	0.000000E+00
1.738810E+15	4.646688E+35	8.284336E-01	9.567762E-02	7.338858E-02	8.309338E-01	1.690662E-01	0.000000E+00	0.000000E+00	0.000000E+00	0.000000E+00	3.710067E-01	5.281383E-01	0.000000E+00	0.000000E+00	0.000000E+00	0.000000E+00
1.719980E+15	4.540696E+35	8.215000E-01	9.566554E-02	7.325790E-02	8.310765E-01	1.689234E-01	0.000000E+00	0.000000E+00	0.000000E+00	0.000000E+00	3.707201E-01	5.277217E-01	0.000000E+00	0.000000E+00	0.000000E+00	0.000000E+00
1.701256E+15	4.436454E+35	8.145694E-01	9.565232E-02	7.312468E-02	8.312230E-01	1.687770E-01	0.000000E+00	0.000000E+00	0.000000E+00	0.000000E+00	3.704471E-01	5.273180E-01	0.000000E+00	0.000000E+00	0.000000E+00	0.000000E+00
1.682634E+15	4.333927E+35	8.076402E-01	9.563774E-02	7.298853E-02	8.313737E-01	1.686263E-01	0.000000E+00	0.000000E+00	0.000000E+00	0.000000E+00	3.701881E-01	5.269275E-01	0.000000E+00	0.000000E+00	0.000000E+00	0.000000E+00
1.664109E+15	4.233084E+35	8.007112E-01	9.562186E-02	7.284955E-02	8.315286E-01	1.684714E-01	0.000000E+00	0.000000E+00	0.000000E+00	0.000000E+00	3.699434E-01	5.265510E-01	0.000000E+00	0.000000E+00	0.000000E+00	0.000000E+00
1.645678E+15	4.133892E+35	7.937810E-01	9.560460E-02	7.270757E-02	8.316878E-01	1.683122E-01	0.000000E+00	0.000000E+00	0.000000E+00	0.000000E+00	3.697135E-01	5.261889E-01	0.000000E+00	0.000000E+00	0.000000E+00	0.000000E+00
1.627335E+15	4.036324E+35	7.868483E-01	9.558582E-02	7.256237E-02	8.318518E-01	1.681482E-01	0.000000E+00	0.000000E+00	0.000000E+00	0.000000E+00	3.694990E-01	5.258419E-01	0.000000E+00	0.000000E+00	0.000000E+00	0.000000E+00
1.609078E+15	3.940352E+35	7.799117E-01	9.556557E-02	7.241402E-02	8.320204E-01	1.679796E-01	0.000000E+00	0.000000E+00	0.000000E+00	0.000000E+00	3.693002E-01	5.255105E-01	0.000000E+00	0.000000E+00	0.000000E+00	0.000000E+00
1.590901E+15	3.845949E+35	7.729701E-01	9.554365E-02	7.226215E-02	8.321942E-01	1.678058E-01	0.000000E+00	0.000000E+00	0.000000E+00	0.000000E+00	3.691177E-01	5.251955E-01	0.000000E+00	0.000000E+00	0.000000E+00	0.000000E+00
1.572801E+15	3.753092E+35	7.660221E-01	9.552006E-02	7.210677E-02	8.323732E-01	1.676268E-01	0.000000E+00	0.000000E+00	0.000000E+00	0.000000E+00	3.689521E-01	5.248975E-01	0.000000E+00	0.000000E+00	0.000000E+00	0.000000E+00
1.554774E+15	3.661758E+35	7.590665E-01	9.549475E-02	7.194780E-02	8.325574E-01	1.674426E-01	0.000000E+00	0.000000E+00	0.000000E+00	0.000000E+00	3.688041E-01	5.246172E-01	0.000000E+00	0.000000E+00	0.000000E+00	0.000000E+00
1.536818E+15	3.571927E+35	7.521022E-01	9.546749E-02	7.178483E-02	8.327477E-01	1.672523E-01	0.000000E+00	0.000000E+00	0.000000E+00	0.000000E+00	3.686742E-01	5.243554E-01	0.000000E+00	0.000000E+00	0.000000E+00	0.000000E+00
1.518927E+15	3.483579E+35	7.451279E-01	9.543830E-02	7.161791E-02	8.329438E-01	1.670562E-01	0.000000E+00	0.000000E+00	0.000000E+00	0.000000E+00	3.685631E-01	5.241127E-01	0.000000E+00	0.000000E+00	0.000000E+00	0.000000E+00
1.501100E+15	3.396698E+35	7.381427E-01	9.540712E-02	7.144691E-02	8.331460E-01	1.668540E-01	0.000000E+00	0.000000E+00	0.000000E+00	0.000000E+00	3.684716E-01	5.238901E-01	0.000000E+00	0.000000E+00	0.000000E+00	0.000000E+00
1.483333E+15	3.311268E+35	7.311456E-01	9.537370E-02	7.127145E-02	8.333548E-01	1.666451E-01	0.000000E+00	0.000000E+00	0.000000E+00	0.000000E+00	3.684004E-01	5.236883E-01	0.000000E+00	0.000000E+00	0.000000E+00	0.000000E+00
1.465624E+15	3.227275E+35	7.241356E-01	9.533800E-02	7.109146E-02	8.335705E-01	1.664295E-01	0.000000E+00	0.000000E+00	0.000000E+00	0.000000E+00	3.683503E-01	5.235081E-01	0.000000E+00	0.000000E+00	0.000000E+00	0.000000E+00
1.447971E+15	3.144708E+35	7.171121E-01	9.529996E-02	7.090685E-02	8.337932E-01	1.662068E-01	0.000000E+00	0.000000E+00	0.000000E+00	0.000000E+00	3.683222E-01	5.233505E-01	0.000000E+00	0.000000E+00	0.000000E+00	0.000000E+00
1.430371E+15	3.063559E+35	7.100744E-01	9.525945E-02	7.071740E-02	8.340232E-01	1.659768E-01	0.000000E+00	0.000000E+00	0.000000E+00	0.000000E+00	3.683169E-01	5.232163E-01	0.000000E+00	0.000000E+00	0.000000E+00	0.000000E+00
1.412824E+15	2.983821E+35	7.030222E-01	9.521617E-02	7.052266E-02	8.342611E-01	1.657388E-01	0.000000E+00	0.000000E+00	0.000000E+00	0.000000E+00	3.683355E-01	5.231065E-01	0.000000E+00	0.000000E+00	0.000000E+00	0.000000E+00
1.395329E+15	2.905492E+35	6.959554E-01	9.517016E-02	7.032270E-02	8.345071E-01	1.654929E-01	0.000000E+00	0.000000E+00	0.000000E+00	0.000000E+00	3.683789E-01	5.230220E-01	0.000000E+00	0.000000E+00	0.000000E+00	0.000000E+00
1.377887E+15	2.828572E+35	6.888744E-01	9.512125E-02	7.011731E-02	8.347614E-01	1.652386E-01	0.000000E+00	0.000000E+00	0.000000E+00	0.000000E+00	3.684482E-01	5.229637E-01	0.000000E+00	0.000000E+00	0.000000E+00	0.000000E+00
1.360499E+15	2.753065E+35	6.817798E-01	9.506932E-02	6.990630E-02	8.350244E-01	1.649756E-01	0.000000E+00	0.000000E+00	0.000000E+00	0.000000E+00	3.685443E-01	5.229326E-01	0.000000E+00	0.000000E+00	0.000000E+00	0.000000E+00
1.343168E+15	2.678982E+35	6.746732E-01	9.501417E-02	6.968942E-02	8.352964E-01	1.647036E-01	0.000000E+00	0.000000E+00	0.000000E+00	0.000000E+00	3.686684E-01	5.229295E-01	0.000000E+00	0.000000E+00	0.000000E+00	0.000000E+00
1.325899E+15	2.606341E+35	6.675569E-01	9.495560E-02	6.946644E-02	8.355779E-01	1.644220E-01	0.000000E+00	0.000000E+00	0.000000E+00	0.000000E+00	3.688216E-01	5.229554E-01	0.000000E+00	0.000000E+00	0.000000E+00	0.000000E+00
1.308701E+15	2.535167E+35	6.604345E-01	9.489356E-02	6.923740E-02	8.358690E-01	1.641310E-01	0.000000E+00	0.000000E+00	0.000000E+00	0.000000E+00	3.690049E-01	5.230109E-01	0.000000E+00	0.000000E+00	0.000000E+00	0.000000E+00
1.291587E+15	2.465504E+35	6.533119E-01	9.482794E-02	6.900224E-02	8.361698E-01	1.638302E-01	0.000000E+00	0.000000E+00	0.000000E+00	0.000000E+00	3.692193E-01	5.230967E-01	0.000000E+00	0.000000E+00	0.000000E+00	0.000000E+00
1.274577E+15	2.397413E+35	6.461977E-01	9.475865E-02	6.876103E-02	8.364803E-01	1.635197E-01	0.000000E+00	0.000000E+00	0.000000E+00	0.000000E+00	3.694657E-01	5.232132E-01	0.000000E+00	0.000000E+00	0.000000E+00	0.000000E+00
1.257703E+15	2.330999E+35	6.391064E-01	9.468568E-02	6.851409E-02	8.368002E-01	1.631998E-01	0.000000E+00	0.000000E+00	0.000000E+00	0.000000E+00	3.697446E-01	5.233605E-01	0.000000E+00	0.000000E+00	0.000000E+00	0.000000E+00
1.241028E+15	2.266448E+35	6.320645E-01	9.460919E-02	6.826218E-02	8.371286E-01	1.628714E-01	0.000000E+00	0.000000E+00	0.000000E+00	0.000000E+00	3.700560E-01	5.235377E-01	0.000000E+00	0.000000E+00	0.000000E+00	0.000000E+00
1.224709E+15	2.204261E+35	6.251406E-01	9.452986E-02	6.800775E-02	8.374624E-01	1.625376E-01	0.000000E+00	0.000000E+00	0.000000E+00	0.000000E+00	3.703968E-01	5.237420E-01	0.000000E+00	0.000000E+00	0.000000E+00	0.000000E+00
1.209023E+15	2.145284E+35	6.184549E-01	9.444909E-02	6.775532E-02	8.377956E-01	1.622044E-01	0.000000E+00	0.000000E+00	0.000000E+00	0.000000E+00	3.707603E-01	5.239672E-01	0.000000E+00	0.000000E+00	0.000000E+00	0.000000E+00
1.193304E+15	2.087273E+35	6.117249E-01	9.436361E-02	6.749451E-02	8.381418E-01	1.618581E-01	0.000000E+00	0.000000E+00	0.000000E+00	0.000000E+00	3.711618E-01	5.242207E-01	0.000000E+00	0.000000E+00	0.000000E+00	0.000000E+00
1.177517E+15	2.030126E+35	6.049349E-01	9.427293E-02	6.722428E-02	8.385027E-01	1.614972E-01	0.000000E+00	0.000000E+00	0.000000E+00	0.000000E+00	3.716058E-01	5.245012E-01	0.000000E+00	0.000000E+00	0.000000E+00	0.000000E+00
1.161652E+15	1.973834E+35	5.980809E-01	9.417665E-02	6.694401E-02	8.388793E-01	1.611207E-01	0.000000E+00	0.000000E+00	0.000000E+00	0.000000E+00	3.720978E-01	5.248038E-01	0.000000E+00	0.000000E+00	0.000000E+00	0.000000E+00
1.145700E+15	1.918389E+35	5.911584E-01	9.407434E-02	6.665299E-02	8.392726E-01	1.607273E-01	0.000000E+00	0.000000E+00	0.000000E+00	0.000000E+00	3.726533E-01	5.251032E-01	0.000000E+00	0.000000E+00	0.000000E+00	0.000000E+00
1.129653E+15	1.863782E+35	5.841630E-01	9.396552E-02	6.635047E-02	8.396840E-01	1.603160E-01	0.000000E+00	0.000000E+00	0.000000E+00	0.000000E+00	3.732600E-01	5.254332E-01	0.000000E+00	0.000000E+00	0.000000E+00	0.000000E+00
1.113501E+15	1.810009E+35	5.770900E-01	9.384968E-02	6.603565E-02	8.401146E-01	1.598853E-01	0.000000E+00	0.000000E+00	0.000000E+00	0.000000E+00	3.739122E-01	5.258148E-01	0.000000E+00	0.000000E+00	0.000000E+00	0.000000E+00
1.097234E+15	1.757065E+35	5.699346E-01	9.372625E-02	6.570764E-02	8.405661E-01	1.594339E-01	0.000000E+00	0.000000E+00	0.000000E+00	0.000000E+00	3.746130E-01	5.262515E-01	0.000000E+00	0.000000E+00	0.000000E+00	0.000000E+00
1.080843E+15	1.704945E+35	5.626916E-01	9.359463E-02	6.536550E-02	8.410398E-01	1.589601E-01	0.000000E+00	0.000000E+00	0.000000E+00	0.000000E+00	3.753658E-01	5.267469E-01	0.000000E+00	0.000000E+00	0.000000E+00	0.000000E+00
1.064316E+15	1.653650E+35	5.553558E-01	9.345414E-02	6.500819E-02	8.415376E-01	1.584624E-01	0.000000E+00	0.000000E+00	0.000000E+00	0.000000E+00	3.761739E-01	5.273047E-01	0.000000E+00	0.000000E+00	0.000000E+00	0.000000E+00
1.047644E+15	1.603178E+35	5.479217E-01	9.330406E-02	6.463462E-02	8.420612E-01	1.579387E-01	0.000000E+00	0.000000E+00	0.000000E+00	0.000000E+00	3.770414E-01	5.279291E-01	0.000000E+00	0.000000E+00	0.000000E+00	0.000000E+00
1.030815E+15	1.553532E+35	5.403838E-01	9.314360E-02	6.424359E-02	8.426128E-01	1.573872E-01	0.000000E+00	0.000000E+00	0.000000E+00	0.000000E+00	3.779727E-01	5.286248E-01	0.000000E+00	0.000000E+00	0.000000E+00	0.000000E+00
1.013820E+15	1.504717E+35	5.327366E-01	9.297182E-02	6.383373E-02	8.431944E-01	1.568055E-01	0.000000E+00	0.000000E+00	0.000000E+00	0.000000E+00	3.789723E-01	5.293964E-01	0.000000E+00	0.000000E+00	0.000000E+00	0.000000E+00
9.966482E+14	1.456739E+35	5.249743E-01	9.278748E-02	6.340323E-02	8.438092E-01	1.561907E-01	0.000000E+00	0.000000E+00	0.000000E+00	0.000000E+00	3.800452E-01	5.302492E-01	0.000000E+00	0.000000E+00	0.000000E+00	0.000000E+00
9.792892E+14	1.409608E+35	5.170917E-01	9.258987E-02	6.295104E-02	8.444590E-01	1.555409E-01	0.000000E+00	0.000000E+00	0.000000E+00	0.000000E+00	3.811971E-01	5.311888E-01	0.000000E+00	0.000000E+00	0.000000E+00	0.000000E+00
9.617345E+14	1.363339E+35	5.090836E-01	9.237766E-02	6.247529E-02	8.451470E-01	1.548530E-01	0.000000E+00	0.000000E+00	0.000000E+00	0.000000E+00	3.824340E-01	5.322210E-01	0.000000E+00	0.000000E+00	0.000000E+00	0.000000E+00
9.439768E+14	1.317949E+35	5.009458E-01	9.214941E-02	6.197397E-02	8.458765E-01	1.541234E-01	0.000000E+00	0.000000E+00	0.000000E+00	0.000000E+00	3.837622E-01	5.333519E-01	0.000000E+00	0.000000E+00	0.000000E+00	0.000000E+00
9.260115E+14	1.273462E+35	4.926750E-01	9.190399E-02	6.144555E-02	8.466504E-01	1.533496E-01	0.000000E+00	0.000000E+00	0.000000E+00	0.000000E+00	3.851886E-01	5.345881E-01	0.000000E+00	0.000000E+00	0.000000E+00	0.000000E+00
9.078377E+14	1.229908E+35	4.842697E-01	9.163979E-02	6.088787E-02	8.474723E-01	1.525277E-01	0.000000E+00	0.000000E+00	0.000000E+00	0.000000E+00	3.867203E-01	5.359355E-01	0.000000E+00	0.000000E+00	0.000000E+00	0.000000E+00
8.894609E+14	1.187327E+35	4.757315E-01	9.135524E-02	6.029898E-02	8.483456E-01	1.516542E-01	0.000000E+00	0.000000E+00	0.000000E+00	0.000000E+00	3.883648E-01	5.374004E-01	0.000000E+00	0.000000E+00	0.000000E+00	0.000000E+00
8.708960E+14	1.145770E+35	4.670663E-01	9.104916E-02	5.967753E-02	8.492732E-01	1.507267E-01	0.000000E+00	0.000000E+00	0.000000E+00	0.000000E+00	3.901293E-01	5.389880E-01	0.000000E+00	0.000000E+00	0.000000E+00	0.000000E+00
8.521727E+14	1.105304E+35	4.582871E-01	9.072023E-02	5.902219E-02	8.502575E-01	1.497424E-01	0.000000E+00	0.000000E+00	0.000000E+00	0.000000E+00	3.920207E-01	5.407020E-01	0.000000E+00	0.000000E+00	0.000000E+00	0.000000E+00
8.333455E+14	1.066022E+35	4.494190E-01	9.036761E-02	5.833260E-02	8.512998E-01	1.487002E-01	0.000000E+00	0.000000E+00	0.000000E+00	0.000000E+00	3.940438E-01	5.425427E-01	0.000000E+00	0.000000E+00	0.000000E+00	0.000000E+00
8.145117E+14	1.028057E+35	4.405076E-01	8.999144E-02	5.761021E-02	8.523983E-01	1.476017E-01	0.000000E+00	0.000000E+00	0.000000E+00	0.000000E+00	3.962002E-01	5.445041E-01	0.000000E+00	0.000000E+00	0.000000E+00	0.000000E+00
7.958530E+14	9.916242E+34	4.316396E-01	8.959440E-02	5.686092E-02	8.535446E-01	1.464553E-01	0.000000E+00	0.000000E+00	0.000000E+00	0.000000E+00	3.984827E-01	5.465674E-01	0.000000E+00	0.000000E+00	0.000000E+00	0.000000E+00
7.777614E+14	9.571441E+34	4.230037E-01	8.918483E-02	5.610069E-02	8.547144E-01	1.452855E-01	0.000000E+00	0.000000E+00	0.000000E+00	0.000000E+00	4.008595E-01	5.486820E-01	0.000000E+00	0.000000E+00	0.000000E+00	0.000000E+00
7.620019E+14	9.265342E+34	4.154501E-01	8.880715E-02	5.540997E-02	8.557827E-01	1.442172E-01	0.000000E+00	0.000000E+00	0.000000E+00	0.000000E+00	4.031046E-01	5.506117E-01	0.000000E+00	0.000000E+00	0.000000E+00	0.000000E+00
7.497410E+14	9.007219E+34	4.095521E-01	8.849922E-02	5.485344E-02	8.566471E-01	1.433527E-01	0.000000E+00	0.000000E+00	0.000000E+00	0.000000E+00	4.050711E-01	5.521525E-01	0.000000E+00	0.000000E+00	0.000000E+00	0.000000E+00
7.377261E+14	8.757545E+34	4.037532E-01	8.818489E-02	5.429103E-02	8.575238E-01	1.424760E-01	0.000000E+00	0.000000E+00	0.000000E+00	0.000000E+00	4.075754E-01	5.536264E-01	0.000000E+00	0.000000E+00	0.000000E+00	0.000000E+00
7.259801E+14	8.516329E+34	3.980655E-01	8.786509E-02	5.372433E-02	8.584103E-01	1.415895E-01	0.000000E+00	0.000000E+00	0.000000E+00	0.000000E+00	4.101226E-01	5.551158E-01	0.000000E+00	0.000000E+00	0.000000E+00	0.000000E+00
7.145264E+14	8.283565E+34	3.925015E-01	8.754092E-02	5.315513E-02	8.593037E-01	1.406961E-01	0.000000E+00	0.000000E+00	0.000000E+00	0.000000E+00	4.126782E-01	5.566189E-01	0.000000E+00	0.000000E+00	0.000000E+00	0.000000E+00
7.033894E+14	8.059234E+34	3.870743E-01	8.721364E-02	5.258545E-02	8.602007E-01	1.397991E-01	0.000000E+00	0.000000E+00	0.000000E+00	0.000000E+00	4.152323E-01	5.581280E-01	0.000000E+00	0.000000E+00	0.000000E+00	0.000000E+00
6.925948E+14	7.843304E+34	3.817976E-01	8.688468E-02	5.201756E-02	8.610975E-01	1.389023E-01	0.000000E+00	0.000000E+00	0.000000E+00	0.000000E+00	4.177745E-01	5.596352E-01	0.000000E+00	0.000000E+00	0.000000E+00	0.000000E+00
6.821697E+14	7.635735E+34	3.766862E-01	8.655569E-02	5.145403E-02	8.619902E-01	1.380097E-01	0.000000E+00	0.000000E+00	0.000000E+00	0.000000E+00	4.202930E-01	5.611311E-01	0.000000E+00	0.000000E+00	0.000000E+00	0.000000E+00
6.721436E+14	7.436490E+34	3.717559E-01	8.622838E-02	5.089749E-02	8.628740E-01	1.371259E-01	0.000000E+00	0.000000E+00	0.000000E+00	0.000000E+00	4.227747E-01	5.626053E-01	0.000000E+00	0.000000E+00	0.000000E+00	0.000000E+00
6.625498E+14	7.245542E+34	3.670246E-01	8.590474E-02	5.035095E-02	8.637440E-01	1.362558E-01	0.000000E+00	0.000000E+00	0.000000E+00	0.000000E+00	4.252045E-01	5.640461E-01	0.000000E+00	0.000000E+00	0.000000E+00	0.000000E+00
6.534277E+14	7.062897E+34	3.625132E-01	8.558759E-02	4.981878E-02	8.645933E-01	1.354064E-01	0.000000E+00	0.000000E+00	0.000000E+00	0.000000E+00	4.275648E-01	5.654394E-01	0.000000E+00	0.000000E+00	0.000000E+00	0.000000E+00
6.448271E+14	6.888628E+34	3.582483E-01	8.527997E-02	4.930569E-02	8.654143E-01	1.345857E-01	0.000000E+00	0.000000E+00	0.000000E+00	0.000000E+00	4.298340E-01	5.667680E-01	0.000000E+00	0.000000E+00	0.000000E+00	0.000000E+00
6.368188E+14	6.722958E+34	3.542666E-01	8.498530E-02	4.881681E-02	8.661975E-01	1.338022E-01	0.000000E+00	0.000000E+00	0.000000E+00	0.000000E+00	4.319828E-01	5.680086E-01	0.000000E+00	0.000000E+00	0.000000E+00	0.000000E+00
6.295234E+14	6.566497E+34	3.506303E-01	8.471039E-02	4.836298E-02	8.669264E-01	1.330734E-01	0.000000E+00	0.000000E+00	0.000000E+00	0.000000E+00	4.339648E-01	5.691243E-01	0.000000E+00	0.000000E+00	0.000000E+00	0.000000E+00
6.233255E+14	6.422002E+34	3.475336E-01	8.447164E-02	4.797053E-02	8.675578E-01	1.324422E-01	0.000000E+00	0.000000E+00	0.000000E+00	0.000000E+00	4.356479E-01	5.700118E-01	0.000000E+00	0.000000E+00	0.000000E+00	0.000000E+00
6.181328E+14	6.288024E+34	3.449334E-01	8.426772E-02	4.763649E-02	8.680958E-01	1.319042E-01	0.000000E+00	0.000000E+00	0.000000E+00	0.000000E+00	4.370479E-01	5.706843E-01	0.000000E+00	0.000000E+00	0.000000E+00	0.000000E+00
6.129759E+14	6.156138E+34	3.423456E-01	8.406171E-02	4.730008E-02	8.686382E-01	1.313618E-01	0.000000E+00	0.000000E+00	0.000000E+00	0.000000E+00	4.384683E-01	5.713752E-01	0.000000E+00	0.000000E+00	0.000000E+00	0.000000E+00
6.078547E+14	6.026333E+34	3.397701E-01	8.385363E-02	4.696133E-02	8.691850E-01	1.308150E-01	0.000000E+00	0.000000E+00	0.000000E+00	0.000000E+00	4.399092E-01	5.720855E-01	0.000000E+00	0.000000E+00	0.000000E+00	0.000000E+00
6.027690E+14	5.898593E+34	3.372071E-01	8.364348E-02	4.662025E-02	8.697362E-01	1.302637E-01	0.000000E+00	0.000000E+00	0.000000E+00	0.000000E+00	4.413709E-01	5.728156E-01	0.000000E+00	0.000000E+00	0.000000E+00	0.000000E+00
5.977186E+14	5.772908E+34	3.346565E-01	8.343128E-02	4.627687E-02	8.702918E-01	1.297082E-01	0.000000E+00	0.000000E+00	0.000000E+00	0.000000E+00	4.428532E-01	5.735656E-01	0.000000E+00	0.000000E+00	0.000000E+00	0.000000E+00
5.927032E+14	5.649261E+34	3.321183E-01	8.321707E-02	4.593121E-02	8.708517E-01	1.291483E-01	0.000000E+00	0.000000E+00	0.000000E+00	0.000000E+00	4.443561E-01	5.743352E-01	0.000000E+00	0.000000E+00	0.000000E+00	0.000000E+00
5.877228E+14	5.527641E+34	3.295925E-01	8.300084E-02	4.558330E-02	8.714158E-01	1.285841E-01	0.000000E+00	0.000000E+00	0.000000E+00	0.000000E+00	4.458798E-01	5.751251E-01	0.000000E+00	0.000000E+00	0.000000E+00	0.000000E+00
5.827772E+14	5.408031E+34	3.270791E-01	8.278262E-02	4.523315E-02	8.719842E-01	1.280158E-01	0.000000E+00	0.000000E+00	0.000000E+00	0.000000E+00	4.474238E-01	5.759344E-01	0.000000E+00	0.000000E+00	0.000000E+00	0.000000E+00
5.778660E+14	5.290419E+34	3.245782E-01	8.256243E-02	4.488080E-02	8.725567E-01	1.274432E-01	0.000000E+00	0.000000E+00	0.000000E+00	0.000000E+00	4.489887E-01	5.767641E-01	0.000000E+00	0.000000E+00	0.000000E+00	0.000000E+00
5.729893E+14	5.174788E+34	3.220897E-01	8.234029E-02	4.452627E-02	8.731334E-01	1.268666E-01	0.000000E+00	0.000000E+00	0.000000E+00	0.000000E+00	4.505737E-01	5.776134E-01	0.000000E+00	0.000000E+00	0.000000E+00	0.000000E+00
5.681467E+14	5.061123E+34	3.196137E-01	8.211623E-02	4.416960E-02	8.737141E-01	1.262858E-01	0.000000E+00	0.000000E+00	0.000000E+00	0.000000E+00	4.521794E-01	5.784830E-01	0.000000E+00	0.000000E+00	0.000000E+00	0.000000E+00
5.633382E+14	4.949408E+34	3.171501E-01	8.189025E-02	4.381080E-02	8.742989E-01	1.257011E-01	0.000000E+00	0.000000E+00	0.000000E+00	0.000000E+00	4.538053E-01	5.793723E-01	0.000000E+00	0.000000E+00	0.000000E+00	0.000000E+00
5.585634E+14	4.839629E+34	3.146989E-01	8.166239E-02	4.344990E-02	8.748877E-01	1.251123E-01	0.000000E+00	0.000000E+00	0.000000E+00	0.000000E+00	4.554516E-01	5.802817E-01	0.000000E+00	0.000000E+00	0.000000E+00	0.000000E+00
5.538222E+14	4.731767E+34	3.122602E-01	8.143267E-02	4.308694E-02	8.754803E-01	1.245196E-01	0.000000E+00	0.000000E+00	0.000000E+00	0.000000E+00	4.571180E-01	5.812110E-01	0.000000E+00	0.000000E+00	0.000000E+00	0.000000E+00
5.491145E+14	4.625808E+34	3.098339E-01	8.120111E-02	4.272195E-02	8.760769E-01	1.239231E-01	0.000000E+00	0.000000E+00	0.000000E+00	0.000000E+00	4.588045E-01	5.821601E-01	0.000000E+00	0.000000E+00	0.000000E+00	0.000000E+00
5.444401E+14	4.521733E+34	3.074201E-01	8.096773E-02	4.235495E-02	8.766773E-01	1.233227E-01	0.000000E+00	0.000000E+00	0.000000E+00	0.000000E+00	4.605110E-01	5.831294E-01	0.000000E+00	0.000000E+00	0.000000E+00	0.000000E+00
5.397987E+14	4.419526E+34	3.050187E-01	8.073256E-02	4.198598E-02	8.772814E-01	1.227186E-01	0.000000E+00	0.000000E+00	0.000000E+00	0.000000E+00	4.622372E-01	5.841181E-01	0.000000E+00	0.000000E+00	0.000000E+00	0.000000E+00
5.351902E+14	4.319170E+34	3.026298E-01	8.049563E-02	4.161506E-02	8.778893E-01	1.221107E-01	0.000000E+00	0.000000E+00	0.000000E+00	0.000000E+00	4.639834E-01	5.851272E-01	0.000000E+00	0.000000E+00	0.000000E+00	0.000000E+00
5.306145E+14	4.220645E+34	3.002533E-01	8.025694E-02	4.124224E-02	8.785008E-01	1.214992E-01	0.000000E+00	0.000000E+00	0.000000E+00	0.000000E+00	4.657490E-01	5.861557E-01	0.000000E+00	0.000000E+00	0.000000E+00	0.000000E+00
5.260712E+14	4.123936E+34	2.978892E-01	8.001654E-02	4.086754E-02	8.791159E-01	1.208841E-01	0.000000E+00	0.000000E+00	0.000000E+00	0.000000E+00	4.675341E-01	5.872039E-01	0.000000E+00	0.000000E+00	0.000000E+00	0.000000E+00
5.215602E+14	4.029022E+34	2.955376E-01	7.977444E-02	4.049099E-02	8.797345E-01	1.202654E-01	0.000000E+00	0.000000E+00	0.000000E+00	0.000000E+00	4.693387E-01	5.882720E-01	0.000000E+00	0.000000E+00	0.000000E+00	0.000000E+00
5.170814E+14	3.935887E+34	2.931985E-01	7.953067E-02	4.011263E-02	8.803566E-01	1.196433E-01	0.000000E+00	0.000000E+00	0.000000E+00	0.000000E+00	4.711623E-01	5.893594E-01	0.000000E+00	0.000000E+00	0.000000E+00	0.000000E+00
5.126346E+14	3.844510E+34	2.908717E-01	7.928526E-02	3.973249E-02	8.809822E-01	1.190178E-01	0.000000E+00	0.000000E+00	0.000000E+00	0.000000E+00	4.730049E-01	5.904663E-01	0.000000E+00	0.000000E+00	0.000000E+00	0.000000E+00
5.082195E+14	3.754873E+34	2.885575E-01	7.903822E-02	3.935061E-02	8.816111E-01	1.183888E-01	0.000000E+00	0.000000E+00	0.000000E+00	0.000000E+00	4.748665E-01	5.915929E-01	0.000000E+00	0.000000E+00	0.000000E+00	0.000000E+00
5.038360E+14	3.666957E+34	2.862556E-01	7.878959E-02	3.896702E-02	8.822433E-01	1.177566E-01	0.000000E+00	0.000000E+00	0.000000E+00	0.000000E+00	4.767466E-01	5.927386E-01	0.000000E+00	0.000000E+00	0.000000E+00	0.000000E+00
4.994839E+14	3.580742E+34	2.839661E-01	7.853938E-02	3.858175E-02	8.828788E-01	1.171211E-01	0.000000E+00	0.000000E+00	0.000000E+00	0.000000E+00	4.786451E-01	5.939033E-01	0.000000E+00	0.000000E+00	0.000000E+00	0.000000E+00
4.951630E+14	3.496209E+34	2.816891E-01	7.828763E-02	3.819484E-02	8.835175E-01	1.164825E-01	0.000000E+00	0.000000E+00	0.000000E+00	0.000000E+00	4.805621E-01	5.950876E-01	0.000000E+00	0.000000E+00	0.000000E+00	0.000000E+00
4.908731E+14	3.413338E+34	2.794245E-01	7.803435E-02	3.780632E-02	8.841593E-01	1.158407E-01	0.000000E+00	0.000000E+00	0.000000E+00	0.000000E+00	4.824970E-01	5.962906E-01	0.000000E+00	0.000000E+00	0.000000E+00	0.000000E+00
4.866141E+14	3.332109E+34	2.771722E-01	7.777957E-02	3.741623E-02	8.848041E-01	1.151958E-01	0.000000E+00	0.000000E+00	0.000000E+00	0.000000E+00	4.844498E-01	5.975123E-01	0.000000E+00	0.000000E+00	0.000000E+00	0.000000E+00
4.823857E+14	3.252501E+34	2.749324E-01	7.752332E-02	3.702460E-02	8.854520E-01	1.145479E-01	0.000000E+00	0.000000E+00	0.000000E+00	0.000000E+00	4.864202E-01	5.987528E-01	0.000000E+00	0.000000E+00	0.000000E+00	0.000000E+00
4.781877E+14	3.174495E+34	2.727049E-01	7.726561E-02	3.663146E-02	8.861029E-01	1.138971E-01	0.000000E+00	0.000000E+00	0.000000E+00	0.000000E+00	4.884082E-01	6.000121E-01	0.000000E+00	0.000000E+00	0.000000E+00	0.000000E+00
4.740201E+14	3.098070E+34	2.704897E-01	7.700647E-02	3.623686E-02	8.867566E-01	1.132433E-01	0.000000E+00	0.000000E+00	0.000000E+00	0.000000E+00	4.904133E-01	6.012897E-01	0.000000E+00	0.000000E+00	0.000000E+00	0.000000E+00
4.698825E+14	3.023205E+34	2.682870E-01	7.674593E-02	3.584082E-02	8.874132E-01	1.125868E-01	0.000000E+00	0.000000E+00	0.000000E+00	0.000000E+00	4.924354E-01	6.025855E-01	0.000000E+00	0.000000E+00	0.000000E+00	0.000000E+00
4.657749E+14	2.949880E+34	2.660965E-01	7.648400E-02	3.544338E-02	8.880726E-01	1.119274E-01	0.000000E+00	0.000000E+00	0.000000E+00	0.000000E+00	4.944741E-01	6.038994E-01	0.000000E+00	0.000000E+00	0.000000E+00	0.000000E+00
4.616969E+14	2.878074E+34	2.639184E-01	7.622070E-02	3.504457E-02	8.887347E-01	1.112653E-01	0.000000E+00	0.000000E+00	0.000000E+00	0.000000E+00	4.965294E-01	6.052313E-01	0.000000E+00	0.000000E+00	0.000000E+00	0.000000E+00
4.576485E+14	2.807766E+34	2.617526E-01	7.595605E-02	3.464443E-02	8.893994E-01	1.106005E-01	0.000000E+00	0.000000E+00	0.000000E+00	0.000000E+00	4.986010E-01	6.065812E-01	0.000000E+00	0.000000E+00	0.000000E+00	0.000000E+00
4.536294E+14	2.738935E+34	2.595990E-01	7.569008E-02	3.424300E-02	8.900668E-01	1.099331E-01	0.000000E+00	0.000000E+00	0.000000E+00	0.000000E+00	5.006884E-01	6.079486E-01	0.000000E+00	0.000000E+00	0.000000E+00	0.000000E+00
4.496394E+14	2.671560E+34	2.574578E-01	7.542281E-02	3.384030E-02	8.907368E-01	1.092631E-01	0.000000E+00	0.000000E+00	0.000000E+00	0.000000E+00	5.027916E-01	6.093334E-01	0.000000E+00	0.000000E+00	0.000000E+00	0.000000E+00
4.456784E+14	2.605620E+34	2.553288E-01	7.515424E-02	3.343637E-02	8.914093E-01	1.085906E-01	0.000000E+00	0.000000E+00	0.000000E+00	0.000000E+00	5.049103E-01	6.107353E-01	0.000000E+00	0.000000E+00	0.000000E+00	0.000000E+00
4.417462E+14	2.541093E+34	2.532120E-01	7.488441E-02	3.303125E-02	8.920843E-01	1.079157E-01	0.000000E+00	0.000000E+00	0.000000E+00	0.000000E+00	5.070441E-01	6.121543E-01	0.000000E+00	0.000000E+00	0.000000E+00	0.000000E+00
4.378426E+14	2.477959E+34	2.511074E-01	7.461332E-02	3.262497E-02	8.927616E-01	1.072383E-01	0.000000E+00	0.000000E+00	0.000000E+00	0.000000E+00	5.091928E-01	6.135901E-01	0.000000E+00	0.000000E+00	0.000000E+00	0.000000E+00
4.339674E+14	2.416197E+34	2.490150E-01	7.434099E-02	3.221755E-02	8.934414E-01	1.065586E-01	0.000000E+00	0.000000E+00	0.000000E+00	0.000000E+00	5.113561E-01	6.150426E-01	0.000000E+00	0.000000E+00	0.000000E+00	0.000000E+00
4.301203E+14	2.355785E+34	2.469348E-01	7.406744E-02	3.180905E-02	8.941234E-01	1.058765E-01	0.000000E+00	0.000000E+00	0.000000E+00	0.000000E+00	5.135338E-01	6.165116E-01	0.000000E+00	0.000000E+00	0.000000E+00	0.000000E+00
4.263014E+14	2.296702E+34	2.448668E-01	7.379267E-02	3.139948E-02	8.948078E-01	1.051922E-01	0.000000E+00	0.000000E+00	0.000000E+00	0.000000E+00	5.157255E-01	6.179968E-01	0.000000E+00	0.000000E+00	0.000000E+00	0.000000E+00
4.225102E+14	2.238927E+34	2.428108E-01	7.351671E-02	3.098888E-02	8.954943E-01	1.045056E-01	0.000000E+00	0.000000E+00	0.000000E+00	0.000000E+00	5.179310E-01	6.194979E-01	0.000000E+00	0.000000E+00	0.000000E+00	0.000000E+00
4.187467E+14	2.182439E+34	2.407670E-01	7.323957E-02	3.057729E-02	8.961830E-01	1.038169E-01	0.000000E+00	0.000000E+00	0.000000E+00	0.000000E+00	5.201499E-01	6.210148E-01	0.000000E+00	0.000000E+00	0.000000E+00	0.000000E+00
4.150107E+14	2.127216E+34	2.387352E-01	7.296125E-02	3.016474E-02	8.968739E-01	1.031260E-01	0.000000E+00	0.000000E+00	0.000000E+00	0.000000E+00	5.223819E-01	6.225473E-01	0.000000E+00	0.000000E+00	0.000000E+00	0.000000E+00
4.113020E+14	2.073239E+34	2.367155E-01	7.268177E-02	2.975125E-02	8.975669E-01	1.024330E-01	0.000000E+00	0.000000E+00	0.000000E+00	0.000000E+00	5.246269E-01	6.240950E-01	0.000000E+00	0.000000E+00	0.000000E+00	0.000000E+00
4.076204E+14	2.020485E+34	2.347078E-01	7.240113E-02	2.933687E-02	8.982619E-01	1.017380E-01	0.000000E+00	0.000000E+00	0.000000E+00	0.000000E+00	5.268844E-01	6.256578E-01	0.000000E+00	0.000000E+00	0.000000E+00	0.000000E+00
4.039657E+14	1.968934E+34	2.327121E-01	7.211934E-02	2.892163E-02	8.989589E-01	1.010410E-01	0.000000E+00	0.000000E+00	0.000000E+00	0.000000E+00	5.291541E-01	6.272353E-01	0.000000E+00	0.000000E+00	0.000000E+00	0.000000E+00
4.003377E+14	1.918565E+34	2.307283E-01	7.183641E-02	2.850555E-02	8.996579E-01	1.003420E-01	0.000000E+00	0.000000E+00	0.000000E+00	0.000000E+00	5.314358E-01	6.288275E-01	0.000000E+00	0.000000E+00	0.000000E+00	0.000000E+00
3.967363E+14	1.869358E+34	2.287565E-01	7.155234E-02	2.808868E-02	9.003589E-01	9.964105E-02	0.000000E+00	0.000000E+00	0.000000E+00	0.000000E+00	5.337291E-01	6.304340E-01	0.000000E+00	0.000000E+00	0.000000E+00	0.000000E+00
3.931613E+14	1.821292E+34	2.267966E-01	7.126714E-02	2.767104E-02	9.010617E-01	9.893821E-02	0.000000E+00	0.000000E+00	0.000000E+00	0.000000E+00	5.360338E-01	6.320545E-01	0.000000E+00	0.000000E+00	0.000000E+00	0.000000E+00
3.896125E+14	1.774346E+34	2.248485E-01	7.098081E-02	2.725266E-02	9.017664E-01	9.823351E-02	0.000000E+00	0.000000E+00	0.000000E+00	0.000000E+00	5.383495E-01	6.336889E-01	0.000000E+00	0.000000E+00	0.000000E+00	0.000000E+00
3.860897E+14	1.728500E+34	2.229123E-01	7.069336E-02	2.683359E-02	9.024729E-01	9.752698E-02	0.000000E+00	0.000000E+00	0.000000E+00	0.000000E+00	5.406759E-01	6.353368E-01	0.000000E+00	0.000000E+00	0.000000E+00	0.000000E+00
3.825927E+14	1.683735E+34	2.209879E-01	7.040478E-02	2.641385E-02	9.031813E-01	9.681867E-02	0.000000E+00	0.000000E+00	0.000000E+00	0.000000E+00	5.430127E-01	6.369979E-01	0.000000E+00	0.000000E+00	0.000000E+00	0.000000E+00
3.791214E+14	1.640029E+34	2.190753E-01	7.011507E-02	2.599348E-02	9.038913E-01	9.610859E-02	0.000000E+00	0.000000E+00	0.000000E+00	0.000000E+00	5.453595E-01	6.386722E-01	0.000000E+00	0.000000E+00	0.000000E+00	0.000000E+00
3.756756E+14	1.597363E+34	2.171744E-01	6.982424E-02	2.557251E-02	9.046031E-01	9.539678E-02	0.000000E+00	0.000000E+00	0.000000E+00	0.000000E+00	5.477161E-01	6.403593E-01	0.000000E+00	0.000000E+00	0.000000E+00	0.000000E+00
3.722551E+14	1.555717E+34	2.152853E-01	6.953227E-02	2.515097E-02	9.053166E-01	9.468329E-02	0.000000E+00	0.000000E+00	0.000000E+00	0.000000E+00	5.500820E-01	6.420589E-01	0.000000E+00	0.000000E+00	0.000000E+00	0.000000E+00
3.688597E+14	1.515072E+34	2.134078E-01	6.923918E-02	2.472890E-02	9.060318E-01	9.396812E-02	0.000000E+00	0.000000E+00	0.000000E+00	0.000000E+00	5.524571E-01	6.437706E-01	0.000000E+00	0.000000E+00	0.000000E+00	0.000000E+00
3.654893E+14	1.475409E+34	2.115419E-01	6.894494E-02	2.430634E-02	9.067486E-01	9.325133E-02	0.000000E+00	0.000000E+00	0.000000E+00	0.000000E+00	5.548411E-01	6.454943E-01	0.000000E+00	0.000000E+00	0.000000E+00	0.000000E+00
3.621437E+14	1.436707E+34	2.096877E-01	6.864956E-02	2.388332E-02	9.074670E-01	9.253293E-02	0.000000E+00	0.000000E+00	0.000000E+00	0.000000E+00	5.572336E-01	6.472297E-01	0.000000E+00	0.000000E+00	0.000000E+00	0.000000E+00
3.588227E+14	1.398948E+34	2.078450E-01	6.835303E-02	2.345988E-02	9.081870E-01	9.181296E-02	0.000000E+00	0.000000E+00	0.000000E+00	0.000000E+00	5.596343E-01	6.489765E-01	0.000000E+00	0.000000E+00	0.000000E+00	0.000000E+00
3.555261E+14	1.362114E+34	2.060139E-01	6.805534E-02	2.303606E-02	9.089085E-01	9.109144E-02	0.000000E+00	0.000000E+00	0.000000E+00	0.000000E+00	5.620429E-01	6.507344E-01	0.000000E+00	0.000000E+00	0.000000E+00	0.000000E+00
3.522538E+14	1.326184E+34	2.041943E-01	6.775648E-02	2.261189E-02	9.096315E-01	9.036841E-02	0.000000E+00	0.000000E+00	0.000000E+00	0.000000E+00	5.644588E-01	6.525032E-01	0.000000E+00	0.000000E+00	0.000000E+00	0.000000E+00
3.490057E+14	1.291142E+34	2.023862E-01	6.745644E-02	2.218741E-02	9.103560E-01	8.964390E-02	0.000000E+00	0.000000E+00	0.000000E+00	0.000000E+00	5.668819E-01	6.542826E-01	0.000000E+00	0.000000E+00	0.000000E+00	0.000000E+00
3.457815E+14	1.256969E+34	2.005894E-01	6.715521E-02	2.176266E-02	9.110820E-01	8.891793E-02	0.000000E+00	0.000000E+00	0.000000E+00	0.000000E+00	5.693121E-01	6.560723E-01	0.000000E+00	0.000000E+00	0.000000E+00	0.000000E+00
3.425811E+14	1.223647E+34	1.988041E-01	6.685278E-02	2.133769E-02	9.118094E-01	8.819053E-02	0.000000E+00	0.000000E+00	0.000000E+00	0.000000E+00	5.717490E-01	6.578720E-01	0.000000E+00	0.000000E+00	0.000000E+00	0.000000E+00
3.394043E+14	1.191157E+34	1.970302E-01	6.654914E-02	2.091254E-02	9.125382E-01	8.746174E-02	0.000000E+00	0.000000E+00	0.000000E+00	0.000000E+00	5.741923E-01	6.596814E-01	0.000000E+00	0.000000E+00	0.000000E+00	0.000000E+00
3.362510E+14	1.159483E+34	1.952675E-01	6.624426E-02	2.048726E-02	9.132683E-01	8.673158E-02	0.000000E+00	0.000000E+00	0.000000E+00	0.000000E+00	5.766411E-01	6.615003E-01	0.000000E+00	0.000000E+00	0.000000E+00	0.000000E+00
3.331211E+14	1.128607E+34	1.935162E-01	6.593814E-02	2.006188E-02	9.139998E-01	8.600008E-02	0.000000E+00	0.000000E+00	0.000000E+00	0.000000E+00	5.790957E-01	6.633283E-01	0.000000E+00	0.000000E+00	0.000000E+00	0.000000E+00
3.300142E+14	1.098511E+34	1.917761E-01	6.563076E-02	1.963646E-02	9.147326E-01	8.526728E-02	0.000000E+00	0.000000E+00	0.000000E+00	0.000000E+00	5.815559E-01	6.651652E-01	0.000000E+00	0.000000E+00	0.000000E+00	0.000000E+00
3.269304E+14	1.069180E+34	1.900472E-01	6.532210E-02	1.921104E-02	9.154667E-01	8.453321E-02	0.000000E+00	0.000000E+00	0.000000E+00	0.000000E+00	5.840214E-01	6.670108E-01	0.000000E+00	0.000000E+00	0.000000E+00	0.000000E+00
3.238694E+14	1.040596E+34	1.883295E-01	6.501215E-02	1.878569E-02	9.162020E-01	8.379790E-02	0.000000E+00	0.000000E+00	0.000000E+00	0.000000E+00	5.864909E-01	6.688646E-01	0.000000E+00	0.000000E+00	0.000000E+00	0.000000E+00
3.208311E+14	1.012743E+34	1.866229E-01	6.470088E-02	1.836044E-02	9.169385E-01	8.306139E-02	0.000000E+00	0.000000E+00	0.000000E+00	0.000000E+00	5.889653E-01	6.707265E-01	0.000000E+00	0.000000E+00	0.000000E+00	0.000000E+00
3.178154E+14	9.856044E+33	1.849274E-01	6.438828E-02	1.793537E-02	9.176762E-01	8.232371E-02	0.000000E+00	0.000000E+00	0.000000E+00	0.000000E+00	5.914442E-01	6.725962E-01	0.000000E+00	0.000000E+00	0.000000E+00	0.000000E+00
3.148220E+14	9.591644E+33	1.832430E-01	6.407432E-02	1.751052E-02	9.184150E-01	8.158491E-02	0.000000E+00	0.000000E+00	0.000000E+00	0.000000E+00	5.939264E-01	6.744733E-01	0.000000E+00	0.000000E+00	0.000000E+00	0.000000E+00
3.118510E+14	9.334074E+33	1.815697E-01	6.375899E-02	1.708596E-02	9.191549E-01	8.084502E-02	0.000000E+00	0.000000E+00	0.000000E+00	0.000000E+00	5.964122E-01	6.763576E-01	0.000000E+00	0.000000E+00	0.000000E+00	0.000000E+00
3.089020E+14	9.083178E+33	1.799073E-01	6.344226E-02	1.666175E-02	9.198958E-01	8.010409E-02	0.000000E+00	0.000000E+00	0.000000E+00	0.000000E+00	5.989018E-01	6.782488E-01	0.000000E+00	0.000000E+00	0.000000E+00	0.000000E+00
3.059750E+14	8.838804E+33	1.782559E-01	6.312411E-02	1.623796E-02	9.206377E-01	7.936215E-02	0.000000E+00	0.000000E+00	0.000000E+00	0.000000E+00	6.013938E-01	6.801466E-01	0.000000E+00	0.000000E+00	0.000000E+00	0.000000E+00
3.030698E+14	8.600800E+33	1.766154E-01	6.280451E-02	1.581466E-02	9.213806E-01	7.861926E-02	0.000000E+00	0.000000E+00	0.000000E+00	0.000000E+00	6.038885E-01	6.820507E-01	0.000000E+00	0.000000E+00	0.000000E+00	0.000000E+00
3.001863E+14	8.369021E+33	1.749858E-01	6.248345E-02	1.539193E-02	9.221244E-01	7.787547E-02	0.000000E+00	0.000000E+00	0.000000E+00	0.000000E+00	6.063864E-01	6.839611E-01	0.000000E+00	0.000000E+00	0.000000E+00	0.000000E+00
2.973244E+14	8.143320E+33	1.733670E-01	6.216089E-02	1.496984E-02	9.228691E-01	7.713083E-02	0.000000E+00	0.000000E+00	0.000000E+00	0.000000E+00	6.088852E-01	6.858769E-01	0.000000E+00	0.000000E+00	0.000000E+00	0.000000E+00
2.944839E+14	7.923554E+33	1.717591E-01	6.183682E-02	1.454848E-02	9.236145E-01	7.638540E-02	0.000000E+00	0.000000E+00	0.000000E+00	0.000000E+00	6.113866E-01	6.877985E-01	0.000000E+00	0.000000E+00	0.000000E+00	0.000000E+00
2.916647E+14	7.709582E+33	1.701619E-01	6.151120E-02	1.412793E-02	9.243607E-01	7.563923E-02	0.000000E+00	0.000000E+00	0.000000E+00	0.000000E+00	6.138895E-01	6.897252E-01	0.000000E+00	0.000000E+00	0.000000E+00	0.000000E+00
2.888666E+14	7.501268E+33	1.685755E-01	6.118402E-02	1.370828E-02	9.251075E-01	7.489240E-02	0.000000E+00	0.000000E+00	0.000000E+00	0.000000E+00	6.163932E-01	6.916567E-01	0.000000E+00	0.000000E+00	0.000000E+00	0.000000E+00
2.860896E+14	7.298474E+33	1.669998E-01	6.085523E-02	1.328963E-02	9.258549E-01	7.414497E-02	0.000000E+00	0.000000E+00	0.000000E+00	0.000000E+00	6.188991E-01	6.935933E-01	0.000000E+00	0.000000E+00	0.000000E+00	0.000000E+00
2.833335E+14	7.101068E+33	1.654348E-01	6.052482E-02	1.287208E-02	9.266029E-01	7.339700E-02	0.000000E+00	0.000000E+00	0.000000E+00	0.000000E+00	6.214040E-01	6.955336E-01	0.000000E+00	0.000000E+00	0.000000E+00	0.000000E+00
2.805981E+14	6.908918E+33	1.638805E-01	6.019275E-02	1.245573E-02	9.273513E-01	7.264859E-02	0.000000E+00	0.000000E+00	0.000000E+00	0.000000E+00	6.239107E-01	6.974785E-01	0.000000E+00	0.000000E+00	0.000000E+00	0.000000E+00
2.778835E+14	6.721896E+33	1.623367E-01	5.985900E-02	1.204070E-02	9.281001E-01	7.189982E-02	0.000000E+00	0.000000E+00	0.000000E+00	0.000000E+00	6.264166E-01	6.994269E-01	0.000000E+00	0.000000E+00	0.000000E+00	0.000000E+00
2.751894E+14	6.539876E+33	1.608035E-01	5.952353E-02	1.162711E-02	9.288491E-01	7.115076E-02	0.000000E+00	0.000000E+00	0.000000E+00	0.000000E+00	6.289231E-01	7.013791E-01	0.000000E+00	0.000000E+00	0.000000E+00	0.000000E+00
2.725157E+14	6.362733E+33	1.592809E-01	5.918632E-02	1.121508E-02	9.295984E-01	7.040153E-02	0.000000E+00	0.000000E+00	0.000000E+00	0.000000E+00	6.314289E-01	7.033344E-01	0.000000E+00	0.000000E+00	0.000000E+00	0.000000E+00
2.698623E+14	6.190346E+33	1.577688E-01	5.884733E-02	1.080475E-02	9.303477E-01	6.965221E-02	0.000000E+00	0.000000E+00	0.000000E+00	0.000000E+00	6.339343E-01	7.052928E-01	0.000000E+00	0.000000E+00	0.000000E+00	0.000000E+00
2.672292E+14	6.022595E+33	1.562672E-01	5.850653E-02	1.039625E-02	9.310970E-01	6.890292E-02	0.000000E+00	0.000000E+00	0.000000E+00	0.000000E+00	6.364386E-01	7.072538E-01	0.000000E+00	0.000000E+00	0.000000E+00	0.000000E+00
2.646161E+14	5.859364E+33	1.547761E-01	5.816390E-02	9.989736E-03	9.318461E-01	6.815378E-02	0.000000E+00	0.000000E+00	0.000000E+00	0.000000E+00	6.389419E-01	7.092173E-01	0.000000E+00	0.000000E+00	0.000000E+00	0.000000E+00
2.620231E+14	5.700537E+33	1.532953E-01	5.781939E-02	9.585364E-03	9.325950E-01	6.740490E-02	0.000000E+00	0.000000E+00	0.000000E+00	0.000000E+00	6.414437E-01	7.111829E-01	0.000000E+00	0.000000E+00	0.000000E+00	0.000000E+00
2.594499E+14	5.546002E+33	1.518250E-01	5.747296E-02	9.183301E-03	9.333435E-01	6.665642E-02	0.000000E+00	0.000000E+00	0.000000E+00	0.000000E+00	6.439441E-01	7.131505E-01	0.000000E+00	0.000000E+00	0.000000E+00	0.000000E+00
2.568965E+14	5.395648E+33	1.503651E-01	5.712460E-02	8.783725E-03	9.340914E-01	6.590848E-02	0.000000E+00	0.000000E+00	0.000000E+00	0.000000E+00	6.464421E-01	7.151195E-01	0.000000E+00	0.000000E+00	0.000000E+00	0.000000E+00
2.543628E+14	5.249367E+33	1.489155E-01	5.677425E-02	8.386823E-03	9.348386E-01	6.516124E-02	0.000000E+00	0.000000E+00	0.000000E+00	0.000000E+00	6.489389E-01	7.170903E-01	0.000000E+00	0.000000E+00	0.000000E+00	0.000000E+00
2.518487E+14	5.107052E+33	1.474762E-01	5.642189E-02	7.992797E-03	9.355850E-01	6.441486E-02	0.000000E+00	0.000000E+00	0.000000E+00	0.000000E+00	6.514319E-01	7.190615E-01	0.000000E+00	0.000000E+00	0.000000E+00	0.000000E+00
2.493541E+14	4.968601E+33	1.460472E-01	5.606747E-02	7.601859E-03	9.363304E-01	6.366950E-02	0.000000E+00	0.000000E+00	0.000000E+00	0.000000E+00	6.539240E-01	7.210343E-01	0.000000E+00	0.000000E+00	0.000000E+00	0.000000E+00
2.468789E+14	4.833910E+33	1.446285E-01	5.571095E-02	7.214238E-03	9.370745E-01	6.292537E-02	0.000000E+00	0.000000E+00	0.000000E+00	0.000000E+00	6.564113E-01	7.230067E-01	0.000000E+00	0.000000E+00	0.000000E+00	0.000000E+00
2.444230E+14	4.702879E+33	1.432201E-01	5.535229E-02	6.830176E-03	9.378172E-01	6.218266E-02	0.000000E+00	0.000000E+00	0.000000E+00	0.000000E+00	6.588967E-01	7.249800E-01	0.000000E+00	0.000000E+00	0.000000E+00	0.000000E+00
2.419864E+14	4.575412E+33	1.418218E-01	5.499145E-02	6.449932E-03	9.385583E-01	6.144158E-02	0.000000E+00	0.000000E+00	0.000000E+00	0.000000E+00	6.613786E-01	7.269532E-01	0.000000E+00	0.000000E+00	0.000000E+00	0.000000E+00
2.395689E+14	4.451411E+33	1.404338E-01	5.462838E-02	6.073785E-03	9.392975E-01	6.070237E-02	0.000000E+00	0.000000E+00	0.000000E+00	0.000000E+00	6.638562E-01	7.289257E-01	0.000000E+00	0.000000E+00	0.000000E+00	0.000000E+00
2.371705E+14	4.330784E+33	1.390560E-01	5.426303E-02	5.702034E-03	9.400346E-01	5.996528E-02	0.000000E+00	0.000000E+00	0.000000E+00	0.000000E+00	6.663314E-01	7.308984E-01	0.000000E+00	0.000000E+00	0.000000E+00	0.000000E+00
2.347911E+14	4.213437E+33	1.376884E-01	5.389535E-02	5.334998E-03	9.407693E-01	5.923058E-02	0.000000E+00	0.000000E+00	0.000000E+00	0.000000E+00	6.688008E-01	7.328693E-01	0.000000E+00	0.000000E+00	0.000000E+00	0.000000E+00
2.324307E+14	4.099280E+33	1.363309E-01	5.352530E-02	4.973023E-03	9.415013E-01	5.849856E-02	0.000000E+00	0.000000E+00	0.000000E+00	0.000000E+00	6.712666E-01	7.348395E-01	0.000000E+00	0.000000E+00	0.000000E+00	0.000000E+00
2.300891E+14	3.988225E+33	1.349835E-01	5.315280E-02	4.616484E-03	9.422304E-01	5.776953E-02	0.000000E+00	0.000000E+00	0.000000E+00	0.000000E+00	6.737291E-01	7.368090E-01	0.000000E+00	0.000000E+00	0.000000E+00	0.000000E+00
2.277664E+14	3.880186E+33	1.336463E-01	5.277780E-02	4.265785E-03	9.429560E-01	5.704385E-02	0.000000E+00	0.000000E+00	0.000000E+00	0.000000E+00	6.761845E-01	7.387754E-01	0.000000E+00	0.000000E+00	0.000000E+00	0.000000E+00
2.254624E+14	3.775077E+33	1.323192E-01	5.240023E-02	3.921366E-03	9.436780E-01	5.632187E-02	0.000000E+00	0.000000E+00	0.000000E+00	0.000000E+00	6.786361E-01	7.407406E-01	0.000000E+00	0.000000E+00	0.000000E+00	0.000000E+00
2.231771E+14	3.672815E+33	1.310022E-01	5.202001E-02	3.583710E-03	9.443959E-01	5.560402E-02	0.000000E+00	0.000000E+00	0.000000E+00	0.000000E+00	6.810836E-01	7.427042E-01	0.000000E+00	0.000000E+00	0.000000E+00	0.000000E+00
2.209105E+14	3.573318E+33	1.296954E-01	5.163708E-02	3.253345E-03	9.451092E-01	5.489073E-02	0.000000E+00	0.000000E+00	0.000000E+00	0.000000E+00	6.835232E-01	7.446638E-01	0.000000E+00	0.000000E+00	0.000000E+00	0.000000E+00
2.186626E+14	3.476506E+33	1.283986E-01	5.125132E-02	2.930853E-03	9.458174E-01	5.418250E-02	0.000000E+00	0.000000E+00	0.000000E+00	0.000000E+00	6.859581E-01	7.466211E-01	0.000000E+00	0.000000E+00	0.000000E+00	0.000000E+00
2.164333E+14	3.382299E+33	1.271120E-01	5.086266E-02	2.616882E-03	9.465200E-01	5.347988E-02	0.000000E+00	0.000000E+00	0.000000E+00	0.000000E+00	6.883881E-01	7.485759E-01	0.000000E+00	0.000000E+00	0.000000E+00	0.000000E+00
2.142226E+14	3.290620E+33	1.258356E-01	5.047096E-02	2.312156E-03	9.472164E-01	5.278348E-02	0.000000E+00	0.000000E+00	0.000000E+00	0.000000E+00	6.908108E-01	7.505265E-01	0.000000E+00	0.000000E+00	0.000000E+00	0.000000E+00
2.120305E+14	3.201393E+33	1.245692E-01	5.007610E-02	2.017493E-03	9.479059E-01	5.209399E-02	0.000000E+00	0.000000E+00	0.000000E+00	0.000000E+00	6.932267E-01	7.524729E-01	0.000000E+00	0.000000E+00	0.000000E+00	0.000000E+00
2.098570E+14	3.114541E+33	1.233131E-01	4.967793E-02	1.733823E-03	9.485877E-01	5.141218E-02	0.000000E+00	0.000000E+00	0.000000E+00	0.000000E+00	6.956367E-01	7.544157E-01	0.000000E+00	0.000000E+00	0.000000E+00	0.000000E+00
2.077022E+14	3.029990E+33	1.220672E-01	4.927627E-02	1.462225E-03	9.492609E-01	5.073896E-02	0.000000E+00	0.000000E+00	0.000000E+00	0.000000E+00	6.980405E-01	7.563545E-01	0.000000E+00	0.000000E+00	0.000000E+00	0.000000E+00
2.055661E+14	2.947665E+33	1.208316E-01	4.887091E-02	1.203963E-03	9.499245E-01	5.007538E-02	0.000000E+00	0.000000E+00	0.000000E+00	0.000000E+00	7.004356E-01	7.582872E-01	0.000000E+00	0.000000E+00	0.000000E+00	0.000000E+00
2.034489E+14	2.867491E+33	1.196064E-01	4.846157E-02	9.605540E-04	9.505772E-01	4.942268E-02	0.000000E+00	0.000000E+00	0.000000E+00	0.000000E+00	7.028231E-01	7.602145E-01	0.000000E+00	0.000000E+00	0.000000E+00	0.000000E+00
2.013506E+14	2.789393E+33	1.183917E-01	4.804792E-02	7.338643E-04	9.512175E-01	4.878241E-02	0.000000E+00	0.000000E+00	0.000000E+00	0.000000E+00	7.052033E-01	7.621362E-01	0.000000E+00	0.000000E+00	0.000000E+00	0.000000E+00
1.992716E+14	2.713290E+33	1.171876E-01	4.762951E-02	5.262800E-04	9.518434E-01	4.815653E-02	0.000000E+00	0.000000E+00	0.000000E+00	0.000000E+00	7.075758E-01	7.640517E-01	0.000000E+00	0.000000E+00	0.000000E+00	0.000000E+00
1.972123E+14	2.639101E+33	1.159943E-01	4.720572E-02	3.410107E-04	9.524523E-01	4.754764E-02	0.000000E+00	0.000000E+00	0.000000E+00	0.000000E+00	7.099401E-01	7.659602E-01	0.000000E+00	0.000000E+00	0.000000E+00	0.000000E+00
1.951731E+14	2.566732E+33	1.148123E-01	4.677559E-02	1.827051E-04	9.530403E-01	4.695960E-02	0.000000E+00	0.000000E+00	0.000000E+00	0.000000E+00	7.122930E-01	7.678587E-01	0.000000E+00	0.000000E+00	0.000000E+00	0.000000E+00
1.931555E+14	2.496059E+33	1.136423E-01	4.633737E-02	0.000000E+00	9.536008E-01	4.639912E-02	0.000000E+00	0.000000E+00	0.000000E+00	0.000000E+00	7.146361E-01	7.697472E-01	0.000000E+00	0.000000E+00	0.000000E+00	0.000000E+00
1.911641E+14	2.426800E+33	1.124870E-01	4.588583E-02	0.000000E+00	9.541141E-01	4.588583E-02	0.000000E+00	0.000000E+00	0.000000E+00	0.000000E+00	7.169654E-01	7.716196E-01	0.000000E+00	0.000000E+00	0.000000E+00	0.000000E+00
1.891951E+14	2.359059E+33	1.113443E-01	4.542019E-02	0.000000E+00	9.545798E-01	4.542019E-02	0.000000E+00	0.000000E+00	0.000000E+00	0.000000E+00	7.192835E-01	7.734800E-01	0.000000E+00	0.000000E+00	0.000000E+00	0.000000E+00
1.872411E+14	2.293124E+33	1.102099E-01	4.495537E-02	0.000000E+00	9.550446E-01	4.495537E-02	0.000000E+00	0.000000E+00	0.000000E+00	0.000000E+00	7.215955E-01	7.753372E-01	0.000000E+00	0.000000E+00	0.000000E+00	0.000000E+00
1.853020E+14	2.228949E+33	1.090837E-01	4.449141E-02	0.000000E+00	9.555086E-01	4.449141E-02	0.000000E+00	0.000000E+00	0.000000E+00	0.000000E+00	7.239008E-01	7.771909E-01	0.000000E+00	0.000000E+00	0.000000E+00	0.000000E+00
1.833777E+14	2.166487E+33	1.079656E-01	4.402833E-02	0.000000E+00	9.559716E-01	4.402833E-02	0.000000E+00	0.000000E+00	0.000000E+00	0.000000E+00	7.261987E-01	7.790407E-01	0.000000E+00	0.000000E+00	0.000000E+00	0.000000E+00
1.814681E+14	2.105694E+33	1.068557E-01	4.356619E-02	0.000000E+00	9.564338E-01	4.356619E-02	0.000000E+00	0.000000E+00	0.000000E+00	0.000000E+00	7.284883E-01	7.808859E-01	0.000000E+00	0.000000E+00	0.000000E+00	0.000000E+00
1.795731E+14	2.046527E+33	1.057539E-01	4.310502E-02	0.000000E+00	9.568949E-01	4.310502E-02	0.000000E+00	0.000000E+00	0.000000E+00	0.000000E+00	7.307710E-01	7.827272E-01	0.000000E+00	0.000000E+00	0.000000E+00	0.000000E+00
1.776927E+14	1.988943E+33	1.046602E-01	4.264487E-02	0.000000E+00	9.573551E-01	4.264487E-02	0.000000E+00	0.000000E+00	0.000000E+00	0.000000E+00	7.330464E-01	7.845645E-01	0.000000E+00	0.000000E+00	0.000000E+00	0.000000E+00
1.758268E+14	1.932900E+33	1.035745E-01	4.218578E-02	0.000000E+00	9.578142E-01	4.218578E-02	0.000000E+00	0.000000E+00	0.000000E+00	0.000000E+00	7.353146E-01	7.863976E-01	0.000000E+00	0.000000E+00	0.000000E+00	0.000000E+00
1.739753E+14	1.878360E+33	1.024968E-01	4.172779E-02	0.000000E+00	9.582722E-01	4.172779E-02	0.000000E+00	0.000000E+00	0.000000E+00	0.000000E+00	7.375753E-01	7.882264E-01	0.000000E+00	0.000000E+00	0.000000E+00	0.000000E+00
1.721381E+14	1.825281E+33	1.014271E-01	4.127096E-02	0.000000E+00	9.587290E-01	4.127096E-02	0.000000E+00	0.000000E+00	0.000000E+00	0.000000E+00	7.398283E-01	7.900507E-01	0.000000E+00	0.000000E+00	0.000000E+00	0.000000E+00
1.703152E+14	1.773627E+33	1.003654E-01	4.081531E-02	0.000000E+00	9.591847E-01	4.081531E-02	0.000000E+00	0.000000E+00	0.000000E+00	0.000000E+00	7.420737E-01	7.918704E-01	0.000000E+00	0.000000E+00	0.000000E+00	0.000000E+00
1.685065E+14	1.723360E+33	9.931153E-02	4.036090E-02	0.000000E+00	9.596391E-01	4.036090E-02	0.000000E+00	0.000000E+00	0.000000E+00	0.000000E+00	7.443112E-01	7.936853E-01	0.000000E+00	0.000000E+00	0.000000E+00	0.000000E+00
1.667118E+14	1.674443E+33	9.826557E-02	3.990778E-02	0.000000E+00	9.600922E-01	3.990778E-02	0.000000E+00	0.000000E+00	0.000000E+00	0.000000E+00	7.465407E-01	7.954952E-01	0.000000E+00	0.000000E+00	0.000000E+00	0.000000E+00
1.649312E+14	1.626842E+33	9.722745E-02	3.945598E-02	0.000000E+00	9.605440E-01	3.945598E-02	0.000000E+00	0.000000E+00	0.000000E+00	0.000000E+00	7.487620E-01	7.973000E-01	0.000000E+00	0.000000E+00	0.000000E+00	0.000000E+00
1.631646E+14	1.580522E+33	9.619714E-02	3.900556E-02	0.000000E+00	9.609944E-01	3.900556E-02	0.000000E+00	0.000000E+00	0.000000E+00	0.000000E+00	7.509752E-01	7.990996E-01	0.000000E+00	0.000000E+00	0.000000E+00	0.000000E+00
1.614118E+14	1.535449E+33	9.517460E-02	3.855657E-02	0.000000E+00	9.614434E-01	3.855657E-02	0.000000E+00	0.000000E+00	0.000000E+00	0.000000E+00	7.531800E-01	8.008939E-01	0.000000E+00	0.000000E+00	0.000000E+00	0.000000E+00
1.596728E+14	1.491591E+33	9.415981E-02	3.810904E-02	0.000000E+00	9.618909E-01	3.810904E-02	0.000000E+00	0.000000E+00	0.000000E+00	0.000000E+00	7.553764E-01	8.026827E-01	0.000000E+00	0.000000E+00	0.000000E+00	0.000000E+00
1.579475E+14	1.448917E+33	9.315273E-02	3.766303E-02	0.000000E+00	9.623369E-01	3.766303E-02	0.000000E+00	0.000000E+00	0.000000E+00	0.000000E+00	7.575642E-01	8.044658E-01	0.000000E+00	0.000000E+00	0.000000E+00	0.000000E+00
1.562359E+14	1.407395E+33	9.215332E-02	3.721858E-02	0.000000E+00	9.627814E-01	3.721858E-02	0.000000E+00	0.000000E+00	0.000000E+00	0.000000E+00	7.597434E-01	8.062433E-01	0.000000E+00	0.000000E+00	0.000000E+00	0.000000E+00
1.545379E+14	1.366995E+33	9.116156E-02	3.677575E-02	0.000000E+00	9.632242E-01	3.677575E-02	0.000000E+00	0.000000E+00	0.000000E+00	0.000000E+00	7.619138E-01	8.080148E-01	0.000000E+00	0.000000E+00	0.000000E+00	0.000000E+00
1.528533E+14	1.327688E+33	9.017740E-02	3.633457E-02	0.000000E+00	9.636654E-01	3.633457E-02	0.000000E+00	0.000000E+00	0.000000E+00	0.000000E+00	7.640754E-01	8.097804E-01	0.000000E+00	0.000000E+00	0.000000E+00	0.000000E+00
1.511822E+14	1.289445E+33	8.920082E-02	3.589511E-02	0.000000E+00	9.641049E-01	3.589511E-02	0.000000E+00	0.000000E+00	0.000000E+00	0.000000E+00	7.662281E-01	8.115400E-01	0.000000E+00	0.000000E+00	0.000000E+00	0.000000E+00
1.495245E+14	1.252239E+33	8.823178E-02	3.545740E-02	0.000000E+00	9.645426E-01	3.545740E-02	0.000000E+00	0.000000E+00	0.000000E+00	0.000000E+00	7.683718E-01	8.132933E-01	0.000000E+00	0.000000E+00	0.000000E+00	0.000000E+00
1.478800E+14	1.216043E+33	8.727024E-02	3.502149E-02	0.000000E+00	9.649785E-01	3.502149E-02	0.000000E+00	0.000000E+00	0.000000E+00	0.000000E+00	7.705065E-01	8.150404E-01	0.000000E+00	0.000000E+00	0.000000E+00	0.000000E+00
1.462488E+14	1.180830E+33	8.631618E-02	3.458744E-02	0.000000E+00	9.654125E-01	3.458744E-02	0.000000E+00	0.000000E+00	0.000000E+00	0.000000E+00	7.726321E-01	8.167811E-01	0.000000E+00	0.000000E+00	0.000000E+00	0.000000E+00
1.446307E+14	1.146574E+33	8.536955E-02	3.415529E-02	0.000000E+00	9.658447E-01	3.415529E-02	0.000000E+00	0.000000E+00	0.000000E+00	0.000000E+00	7.747485E-01	8.185154E-01	0.000000E+00	0.000000E+00	0.000000E+00	0.000000E+00
1.430256E+14	1.113252E+33	8.443033E-02	3.372508E-02	0.000000E+00	9.662749E-01	3.372508E-02	0.000000E+00	0.000000E+00	0.000000E+00	0.000000E+00	7.768558E-01	8.202432E-01	0.000000E+00	0.000000E+00	0.000000E+00	0.000000E+00
1.414336E+14	1.080837E+33	8.349848E-02	3.329687E-02	0.000000E+00	9.667031E-01	3.329687E-02	0.000000E+00	0.000000E+00	0.000000E+00	0.000000E+00	7.789538E-01	8.219644E-01	0.000000E+00	0.000000E+00	0.000000E+00	0.000000E+00
   1.334E+14        6.349E+32        7.890E-02	     982     232     32
   8.011E+13        2.745E+32        4.750E-02	    1500     183     40
   3.432E+13        7.426E+31        2.040E-02	    1800     193     50
   1.496E+13        2.096E+31        8.910E-03	    1350     164     50 
   9.685E+12        1.107E+31        5.770E-03	    1100     161     50 
   6.257E+12        6.193E+30        3.730E-03	     950     159     50 
   2.665E+12        2.637E+30        1.590E-03	     500     117     40
   1.472E+12        1.695E+30        8.790E-04       320     116     40 
   1.004E+12        1.261E+30        6.000E-04	     250     116     40 
   6.692E+11        8.740E+29        4.000E-04	     200     116     40 
   5.409E+11        7.000E+29        3.234E-04	     180     116     40   \ Phase transition to the outer crust:
   3.935e+11        6.999e+29        2.355e-04       130     130     40   / pressure continuous but density jumps
   3.285e+11        5.816e+29        1.966e-04        88      88     28
   2.635e+11        4.473e+29        1.578e-04        86      86     28
   2.044e+11        3.290e+29        1.224e-04        84      84     28
   1.855e+11        2.892e+29       1.1115e-04        84      84     28
   1.711e+11        2.597e+29        1.025e-04        84      84     28
   1.390e+11        2.033e+29        8.331e-05        82      82     28
   1.076e+11        1.495e+29        6.455e-05        80      80     28
   8.335e+10        1.100e+29       5.0014e-05        78      78     28
   6.617e+10        8.089e+28        3.971e-05        78      78     28
   5.255e+10        5.949e+28       3.1545e-05        78      78     28
   4.172e+10        4.628e+28        2.506e-05        80      80     30
   3.314e+10        3.404e+28        1.990e-05        80      80     30
   2.631e+10        2.503e+28        1.581e-05        80      80     30
  2.1175e+10        1.938e+28       1.2725e-05        78      78     30
   1.660e+10        1.425e+28        9.981e-06        72      72     28
   1.273e+10        1.048e+28        7.653e-06        84      84     34
   1.011e+10        7.702e+27        6.077e-06        84      84     34
   8.025e+09        5.662e+27        4.827e-06        84      84     34
   6.602e+09        4.362e+27        3.971e-06        84      84     34
   4.074e+09        2.356e+27        2.452e-06        68      68     28
   2.570e+09        1.272e+27        1.547e-06        68      68     28
   1.621e+09        6.860e+26        9.761e-07        68      68     28
   1.288e+09        5.036e+26        7.753e-07        68      68     28
   1.045e+09        4.129e+26        6.294e-07        64      64     28
   8.301e+08        3.029e+26        5.000e-07        64      64     28
   5.237e+08        1.629e+26        3.155e-07        64      64     28
   3.304e+08        8.738e+25        1.990e-07        64      64     28
   2.624e+08        6.676e+25        1.581e-07        64      62     28
   1.315e+08        2.604e+25        7.924e-08        62      62     28
   6.589e+07        1.006e+25        3.972e-08        62      62     28
   3.302e+07        3.833e+24        1.990e-08        62      62     28
   1.655e+07        1.435e+24        9.976e-09        62      62     28
   8.293e+06        5.259e+23        5.000e-09        62      62     28
   6.588e+06        3.911e+23        3.972e-09        56      56     26
   2.622e+06        9.755e+22        1.581e-09        56      56     26
   1.044e+06        2.318e+22        6.294e-10        56      56     26
   4.156e+05        5.266e+21        2.506e-10        56      56     26
   1.654e+05        1.151e+21        9.976e-11        56      56     26
   6.587E+04        2.431E+20        3.972E-11        56      56     26
   2.622E+04        4.968E+19        1.581E-11        56      56     26
   1.044E+04        9.744E+18        6.295E-12        56      56     26
   1.150E+03        1.900E+17        6.930E-13        56      56     26
   2.120E+02        5.820E+15        1.270E-13        56      56     26
   4.510E+01        1.700E+14        2.720E-14        56      56     26
   1.640E+01        1.400E+13        9.900E-15        56      56     26
   1.160E+01        1.210E+12        6.990E-15        56      56     26
   8.150E+00        1.010E+11        4.910E-15        56      56     26
   7.900E+00        1.010E+10        4.760E-15        56      56     26
   7.860E+00        1.010E+09        4.730E-15        56      56     26
   7.800E+00        1.010E+08        4.700E-15        56      56     26

     
