      6    418    279          Itext Imax Icore

	BM165 without hyperons Bednarek et al. A&A 2012

   Rho	   Press	    nbar	    Ye	    Ymu	    Yn	    Yp	    Yla	    Ysm	    Ys0	    Ysp	Yxim	Yxi0	   mstp	   mstn	   mstla	   mstsm	   msts0	   mstsp	mstxim	mstxi0
  g/cm3	 dyne/cm2	   #/fm3	  [A_cell]	   [A_ion]	    [Z]													
																		
3.0521860E+15	1.4748409E+36	1.2368948E+00	9.5324556E-02	7.8106833E-02	8.2656861E-01	1.7343139E-01	0.0000000E+00	0.0000000E+00	0.0000000E+00	0.0000000E+00	0.0000000E+00	0.0000000E+00	4.0156721E-01	5.6005909E-01	0.0000000E+00	0.0000000E+00	0.0000000E+00	0.0000000E+00	0.0000000E+00	0.0000000E+00
3.0186938E+15	1.4414377E+36	1.2280327E+00	9.5341853E-02	7.8043045E-02	8.2661510E-01	1.7338490E-01	0.0000000E+00	0.0000000E+00	0.0000000E+00	0.0000000E+00	0.0000000E+00	0.0000000E+00	4.0074553E-01	5.5935572E-01	0.0000000E+00	0.0000000E+00	0.0000000E+00	0.0000000E+00	0.0000000E+00	0.0000000E+00
2.9855405E+15	1.4089087E+36	1.2191902E+00	9.5358998E-02	7.7978379E-02	8.2666262E-01	1.7333738E-01	0.0000000E+00	0.0000000E+00	0.0000000E+00	0.0000000E+00	0.0000000E+00	0.0000000E+00	3.9992846E-01	5.5865598E-01	0.0000000E+00	0.0000000E+00	0.0000000E+00	0.0000000E+00	0.0000000E+00	0.0000000E+00
2.9527497E+15	1.3772384E+36	1.2103756E+00	9.5375931E-02	7.7912787E-02	8.2671128E-01	1.7328872E-01	0.0000000E+00	0.0000000E+00	0.0000000E+00	0.0000000E+00	0.0000000E+00	0.0000000E+00	3.9911709E-01	5.5795967E-01	0.0000000E+00	0.0000000E+00	0.0000000E+00	0.0000000E+00	0.0000000E+00	0.0000000E+00
2.9203403E+15	1.3464085E+36	1.2015958E+00	9.5392653E-02	7.7846360E-02	8.2676098E-01	1.7323901E-01	0.0000000E+00	0.0000000E+00	0.0000000E+00	0.0000000E+00	0.0000000E+00	0.0000000E+00	3.9831234E-01	5.5726664E-01	0.0000000E+00	0.0000000E+00	0.0000000E+00	0.0000000E+00	0.0000000E+00	0.0000000E+00
2.8883265E+15	1.3163988E+36	1.1928564E+00	9.5409133E-02	7.7779106E-02	8.2681176E-01	1.7318824E-01	0.0000000E+00	0.0000000E+00	0.0000000E+00	0.0000000E+00	0.0000000E+00	0.0000000E+00	3.9751500E-01	5.5657674E-01	0.0000000E+00	0.0000000E+00	0.0000000E+00	0.0000000E+00	0.0000000E+00	0.0000000E+00
2.8567187E+15	1.2871874E+36	1.1841623E+00	9.5425349E-02	7.7711035E-02	8.2686361E-01	1.7313639E-01	0.0000000E+00	0.0000000E+00	0.0000000E+00	0.0000000E+00	0.0000000E+00	0.0000000E+00	3.9672575E-01	5.5588988E-01	0.0000000E+00	0.0000000E+00	0.0000000E+00	0.0000000E+00	0.0000000E+00	0.0000000E+00
2.8255239E+15	1.2587513E+36	1.1755174E+00	9.5441305E-02	7.7642218E-02	8.2691648E-01	1.7308352E-01	0.0000000E+00	0.0000000E+00	0.0000000E+00	0.0000000E+00	0.0000000E+00	0.0000000E+00	3.9594515E-01	5.5520595E-01	0.0000000E+00	0.0000000E+00	0.0000000E+00	0.0000000E+00	0.0000000E+00	0.0000000E+00
2.7947461E+15	1.2310670E+36	1.1669248E+00	9.5456949E-02	7.7572580E-02	8.2697047E-01	1.7302953E-01	0.0000000E+00	0.0000000E+00	0.0000000E+00	0.0000000E+00	0.0000000E+00	0.0000000E+00	3.9517361E-01	5.5452485E-01	0.0000000E+00	0.0000000E+00	0.0000000E+00	0.0000000E+00	0.0000000E+00	0.0000000E+00
2.7643867E+15	1.2041104E+36	1.1583870E+00	9.5472315E-02	7.7502247E-02	8.2702544E-01	1.7297456E-01	0.0000000E+00	0.0000000E+00	0.0000000E+00	0.0000000E+00	0.0000000E+00	0.0000000E+00	3.9441155E-01	5.5384656E-01	0.0000000E+00	0.0000000E+00	0.0000000E+00	0.0000000E+00	0.0000000E+00	0.0000000E+00
2.7344452E+15	1.1778575E+36	1.1499057E+00	9.5487338E-02	7.7431101E-02	8.2708156E-01	1.7291844E-01	0.0000000E+00	0.0000000E+00	0.0000000E+00	0.0000000E+00	0.0000000E+00	0.0000000E+00	3.9365922E-01	5.5317099E-01	0.0000000E+00	0.0000000E+00	0.0000000E+00	0.0000000E+00	0.0000000E+00	0.0000000E+00
2.7049191E+15	1.1522843E+36	1.1414823E+00	9.5502055E-02	7.7359259E-02	8.2713868E-01	1.7286132E-01	0.0000000E+00	0.0000000E+00	0.0000000E+00	0.0000000E+00	0.0000000E+00	0.0000000E+00	3.9291688E-01	5.5249816E-01	0.0000000E+00	0.0000000E+00	0.0000000E+00	0.0000000E+00	0.0000000E+00	0.0000000E+00
2.6758044E+15	1.1273670E+36	1.1331175E+00	9.5516421E-02	7.7286641E-02	8.2719694E-01	1.7280306E-01	0.0000000E+00	0.0000000E+00	0.0000000E+00	0.0000000E+00	0.0000000E+00	0.0000000E+00	3.9218466E-01	5.5182803E-01	0.0000000E+00	0.0000000E+00	0.0000000E+00	0.0000000E+00	0.0000000E+00	0.0000000E+00
2.6470958E+15	1.1030826E+36	1.1248118E+00	9.5530447E-02	7.7213293E-02	8.2725626E-01	1.7274374E-01	0.0000000E+00	0.0000000E+00	0.0000000E+00	0.0000000E+00	0.0000000E+00	0.0000000E+00	3.9146271E-01	5.5116061E-01	0.0000000E+00	0.0000000E+00	0.0000000E+00	0.0000000E+00	0.0000000E+00	0.0000000E+00
2.6187873E+15	1.0794083E+36	1.1165652E+00	9.5544116E-02	7.7139190E-02	8.2731669E-01	1.7268331E-01	0.0000000E+00	0.0000000E+00	0.0000000E+00	0.0000000E+00	0.0000000E+00	0.0000000E+00	3.9075111E-01	5.5049594E-01	0.0000000E+00	0.0000000E+00	0.0000000E+00	0.0000000E+00	0.0000000E+00	0.0000000E+00
2.5908718E+15	1.0563220E+36	1.1083775E+00	9.5557415E-02	7.7064317E-02	8.2737826E-01	1.7262173E-01	0.0000000E+00	0.0000000E+00	0.0000000E+00	0.0000000E+00	0.0000000E+00	0.0000000E+00	3.9004991E-01	5.4983403E-01	0.0000000E+00	0.0000000E+00	0.0000000E+00	0.0000000E+00	0.0000000E+00	0.0000000E+00
2.5633416E+15	1.0338024E+36	1.1002483E+00	9.5570350E-02	7.6988696E-02	8.2744095E-01	1.7255905E-01	0.0000000E+00	0.0000000E+00	0.0000000E+00	0.0000000E+00	0.0000000E+00	0.0000000E+00	3.8935912E-01	5.4917494E-01	0.0000000E+00	0.0000000E+00	0.0000000E+00	0.0000000E+00	0.0000000E+00	0.0000000E+00
2.5361885E+15	1.0118289E+36	1.0921768E+00	9.5582886E-02	7.6912256E-02	8.2750485E-01	1.7249515E-01	0.0000000E+00	0.0000000E+00	0.0000000E+00	0.0000000E+00	0.0000000E+00	0.0000000E+00	3.8867876E-01	5.4851874E-01	0.0000000E+00	0.0000000E+00	0.0000000E+00	0.0000000E+00	0.0000000E+00	0.0000000E+00
2.5094040E+15	9.9038143E+35	1.0841622E+00	9.5595053E-02	7.6835065E-02	8.2756988E-01	1.7243012E-01	0.0000000E+00	0.0000000E+00	0.0000000E+00	0.0000000E+00	0.0000000E+00	0.0000000E+00	3.8800881E-01	5.4786549E-01	0.0000000E+00	0.0000000E+00	0.0000000E+00	0.0000000E+00	0.0000000E+00	0.0000000E+00
2.4829793E+15	9.6944101E+35	1.0762035E+00	9.5606793E-02	7.6757003E-02	8.2763620E-01	1.7236380E-01	0.0000000E+00	0.0000000E+00	0.0000000E+00	0.0000000E+00	0.0000000E+00	0.0000000E+00	3.8734923E-01	5.4721527E-01	0.0000000E+00	0.0000000E+00	0.0000000E+00	0.0000000E+00	0.0000000E+00	0.0000000E+00
2.4569054E+15	9.4898920E+35	1.0682994E+00	9.5618157E-02	7.6678174E-02	8.2770367E-01	1.7229633E-01	0.0000000E+00	0.0000000E+00	0.0000000E+00	0.0000000E+00	0.0000000E+00	0.0000000E+00	3.8670002E-01	5.4656818E-01	0.0000000E+00	0.0000000E+00	0.0000000E+00	0.0000000E+00	0.0000000E+00	0.0000000E+00
2.4311732E+15	9.2900839E+35	1.0604489E+00	9.5629068E-02	7.6598417E-02	8.2777251E-01	1.7222749E-01	0.0000000E+00	0.0000000E+00	0.0000000E+00	0.0000000E+00	0.0000000E+00	0.0000000E+00	3.8606109E-01	5.4592433E-01	0.0000000E+00	0.0000000E+00	0.0000000E+00	0.0000000E+00	0.0000000E+00	0.0000000E+00
2.4057735E+15	9.0948168E+35	1.0526505E+00	9.5639593E-02	7.6517866E-02	8.2784254E-01	1.7215746E-01	0.0000000E+00	0.0000000E+00	0.0000000E+00	0.0000000E+00	0.0000000E+00	0.0000000E+00	3.8543242E-01	5.4528382E-01	0.0000000E+00	0.0000000E+00	0.0000000E+00	0.0000000E+00	0.0000000E+00	0.0000000E+00
2.3806973E+15	8.9039293E+35	1.0449028E+00	9.5649641E-02	7.6436328E-02	8.2791403E-01	1.7208597E-01	0.0000000E+00	0.0000000E+00	0.0000000E+00	0.0000000E+00	0.0000000E+00	0.0000000E+00	3.8481393E-01	5.4464679E-01	0.0000000E+00	0.0000000E+00	0.0000000E+00	0.0000000E+00	0.0000000E+00	0.0000000E+00
2.3559353E+15	8.7172668E+35	1.0372045E+00	9.5659290E-02	7.6353960E-02	8.2798675E-01	1.7201325E-01	0.0000000E+00	0.0000000E+00	0.0000000E+00	0.0000000E+00	0.0000000E+00	0.0000000E+00	3.8420561E-01	5.4401336E-01	0.0000000E+00	0.0000000E+00	0.0000000E+00	0.0000000E+00	0.0000000E+00	0.0000000E+00
2.3314785E+15	8.5346818E+35	1.0295539E+00	9.5668437E-02	7.6270543E-02	8.2806102E-01	1.7193898E-01	0.0000000E+00	0.0000000E+00	0.0000000E+00	0.0000000E+00	0.0000000E+00	0.0000000E+00	3.8360739E-01	5.4338369E-01	0.0000000E+00	0.0000000E+00	0.0000000E+00	0.0000000E+00	0.0000000E+00	0.0000000E+00
2.3073181E+15	8.3560331E+35	1.0219496E+00	9.5677169E-02	7.6186248E-02	8.2813658E-01	1.7186342E-01	0.0000000E+00	0.0000000E+00	0.0000000E+00	0.0000000E+00	0.0000000E+00	0.0000000E+00	3.8301921E-01	5.4275790E-01	0.0000000E+00	0.0000000E+00	0.0000000E+00	0.0000000E+00	0.0000000E+00	0.0000000E+00
2.2834452E+15	8.1811863E+35	1.0143900E+00	9.5685374E-02	7.6100839E-02	8.2821378E-01	1.7178622E-01	0.0000000E+00	0.0000000E+00	0.0000000E+00	0.0000000E+00	0.0000000E+00	0.0000000E+00	3.8244107E-01	5.4213618E-01	0.0000000E+00	0.0000000E+00	0.0000000E+00	0.0000000E+00	0.0000000E+00	0.0000000E+00
2.2598513E+15	8.0100128E+35	1.0068736E+00	9.5693146E-02	7.6014497E-02	8.2829236E-01	1.7170764E-01	0.0000000E+00	0.0000000E+00	0.0000000E+00	0.0000000E+00	0.0000000E+00	0.0000000E+00	3.8187288E-01	5.4151868E-01	0.0000000E+00	0.0000000E+00	0.0000000E+00	0.0000000E+00	0.0000000E+00	0.0000000E+00
2.2365276E+15	7.8423900E+35	9.9939874E-01	9.5700363E-02	7.5926973E-02	8.2837266E-01	1.7162734E-01	0.0000000E+00	0.0000000E+00	0.0000000E+00	0.0000000E+00	0.0000000E+00	0.0000000E+00	3.8131467E-01	5.4090559E-01	0.0000000E+00	0.0000000E+00	0.0000000E+00	0.0000000E+00	0.0000000E+00	0.0000000E+00
2.2134661E+15	7.6782008E+35	9.9196384E-01	9.5707126E-02	7.5838452E-02	8.2845442E-01	1.7154558E-01	0.0000000E+00	0.0000000E+00	0.0000000E+00	0.0000000E+00	0.0000000E+00	0.0000000E+00	3.8076634E-01	5.4029708E-01	0.0000000E+00	0.0000000E+00	0.0000000E+00	0.0000000E+00	0.0000000E+00	0.0000000E+00
2.1906585E+15	7.5173337E+35	9.8456733E-01	9.5713306E-02	7.5748675E-02	8.2853801E-01	1.7146199E-01	0.0000000E+00	0.0000000E+00	0.0000000E+00	0.0000000E+00	0.0000000E+00	0.0000000E+00	3.8022798E-01	5.3969336E-01	0.0000000E+00	0.0000000E+00	0.0000000E+00	0.0000000E+00	0.0000000E+00	0.0000000E+00
2.1680967E+15	7.3596821E+35	9.7720762E-01	9.5719006E-02	7.5657830E-02	8.2862316E-01	1.7137684E-01	0.0000000E+00	0.0000000E+00	0.0000000E+00	0.0000000E+00	0.0000000E+00	0.0000000E+00	3.7969950E-01	5.3909462E-01	0.0000000E+00	0.0000000E+00	0.0000000E+00	0.0000000E+00	0.0000000E+00	0.0000000E+00
2.1457731E+15	7.2051444E+35	9.6988313E-01	9.5724093E-02	7.5565650E-02	8.2871025E-01	1.7128975E-01	0.0000000E+00	0.0000000E+00	0.0000000E+00	0.0000000E+00	0.0000000E+00	0.0000000E+00	3.7918092E-01	5.3850108E-01	0.0000000E+00	0.0000000E+00	0.0000000E+00	0.0000000E+00	0.0000000E+00	0.0000000E+00
2.1236801E+15	7.0536237E+35	9.6259227E-01	9.5728671E-02	7.5472323E-02	8.2879901E-01	1.7120099E-01	0.0000000E+00	0.0000000E+00	0.0000000E+00	0.0000000E+00	0.0000000E+00	0.0000000E+00	3.7867231E-01	5.3791296E-01	0.0000000E+00	0.0000000E+00	0.0000000E+00	0.0000000E+00	0.0000000E+00	0.0000000E+00
2.1018100E+15	6.9050274E+35	9.5533348E-01	9.5732602E-02	7.5377576E-02	8.2888981E-01	1.7111018E-01	0.0000000E+00	0.0000000E+00	0.0000000E+00	0.0000000E+00	0.0000000E+00	0.0000000E+00	3.7817362E-01	5.3733049E-01	0.0000000E+00	0.0000000E+00	0.0000000E+00	0.0000000E+00	0.0000000E+00	0.0000000E+00
2.0801558E+15	6.7592674E+35	9.4810520E-01	9.5735991E-02	7.5281596E-02	8.2898241E-01	1.7101759E-01	0.0000000E+00	0.0000000E+00	0.0000000E+00	0.0000000E+00	0.0000000E+00	0.0000000E+00	3.7768492E-01	5.3675390E-01	0.0000000E+00	0.0000000E+00	0.0000000E+00	0.0000000E+00	0.0000000E+00	0.0000000E+00
2.0587104E+15	6.6162593E+35	9.4090587E-01	9.5738694E-02	7.5184104E-02	8.2907719E-01	1.7092280E-01	0.0000000E+00	0.0000000E+00	0.0000000E+00	0.0000000E+00	0.0000000E+00	0.0000000E+00	3.7720627E-01	5.3618345E-01	0.0000000E+00	0.0000000E+00	0.0000000E+00	0.0000000E+00	0.0000000E+00	0.0000000E+00
2.0374667E+15	6.4759228E+35	9.3373397E-01	9.5740821E-02	7.5085286E-02	8.2917389E-01	1.7082611E-01	0.0000000E+00	0.0000000E+00	0.0000000E+00	0.0000000E+00	0.0000000E+00	0.0000000E+00	3.7673774E-01	5.3561941E-01	0.0000000E+00	0.0000000E+00	0.0000000E+00	0.0000000E+00	0.0000000E+00	0.0000000E+00
2.0164182E+15	6.3381811E+35	9.2658796E-01	9.5742218E-02	7.4984852E-02	8.2927292E-01	1.7072707E-01	0.0000000E+00	0.0000000E+00	0.0000000E+00	0.0000000E+00	0.0000000E+00	0.0000000E+00	3.7627937E-01	5.3506203E-01	0.0000000E+00	0.0000000E+00	0.0000000E+00	0.0000000E+00	0.0000000E+00	0.0000000E+00
1.9955581E+15	6.2029611E+35	9.1946632E-01	9.5743000E-02	7.4882997E-02	8.2937400E-01	1.7062600E-01	0.0000000E+00	0.0000000E+00	0.0000000E+00	0.0000000E+00	0.0000000E+00	0.0000000E+00	3.7583126E-01	5.3451160E-01	0.0000000E+00	0.0000000E+00	0.0000000E+00	0.0000000E+00	0.0000000E+00	0.0000000E+00
1.9748802E+15	6.0701928E+35	9.1236755E-01	9.5743000E-02	7.4779408E-02	8.2947758E-01	1.7052241E-01	0.0000000E+00	0.0000000E+00	0.0000000E+00	0.0000000E+00	0.0000000E+00	0.0000000E+00	3.7539351E-01	5.3396840E-01	0.0000000E+00	0.0000000E+00	0.0000000E+00	0.0000000E+00	0.0000000E+00	0.0000000E+00
1.9543781E+15	5.9398095E+35	9.0529017E-01	9.5742345E-02	7.4674297E-02	8.2958336E-01	1.7041664E-01	0.0000000E+00	0.0000000E+00	0.0000000E+00	0.0000000E+00	0.0000000E+00	0.0000000E+00	3.7496623E-01	5.3343274E-01	0.0000000E+00	0.0000000E+00	0.0000000E+00	0.0000000E+00	0.0000000E+00	0.0000000E+00
1.9340457E+15	5.8117475E+35	8.9823268E-01	9.5740850E-02	7.4567322E-02	8.2969182E-01	1.7030818E-01	0.0000000E+00	0.0000000E+00	0.0000000E+00	0.0000000E+00	0.0000000E+00	0.0000000E+00	3.7454957E-01	5.3290495E-01	0.0000000E+00	0.0000000E+00	0.0000000E+00	0.0000000E+00	0.0000000E+00	0.0000000E+00
1.9138770E+15	5.6859460E+35	8.9119362E-01	9.5738646E-02	7.4458703E-02	8.2980265E-01	1.7019735E-01	0.0000000E+00	0.0000000E+00	0.0000000E+00	0.0000000E+00	0.0000000E+00	0.0000000E+00	3.7414365E-01	5.3238533E-01	0.0000000E+00	0.0000000E+00	0.0000000E+00	0.0000000E+00	0.0000000E+00	0.0000000E+00
1.8938663E+15	5.5623468E+35	8.8417153E-01	9.5735552E-02	7.4348106E-02	8.2991633E-01	1.7008366E-01	0.0000000E+00	0.0000000E+00	0.0000000E+00	0.0000000E+00	0.0000000E+00	0.0000000E+00	3.7374865E-01	5.3187425E-01	0.0000000E+00	0.0000000E+00	0.0000000E+00	0.0000000E+00	0.0000000E+00	0.0000000E+00
1.8740079E+15	5.4408945E+35	8.7716495E-01	9.5731678E-02	7.4235713E-02	8.3003261E-01	1.6996739E-01	0.0000000E+00	0.0000000E+00	0.0000000E+00	0.0000000E+00	0.0000000E+00	0.0000000E+00	3.7336474E-01	5.3137205E-01	0.0000000E+00	0.0000000E+00	0.0000000E+00	0.0000000E+00	0.0000000E+00	0.0000000E+00
1.8542962E+15	5.3215362E+35	8.7017245E-01	9.5726865E-02	7.4121228E-02	8.3015190E-01	1.6984810E-01	0.0000000E+00	0.0000000E+00	0.0000000E+00	0.0000000E+00	0.0000000E+00	0.0000000E+00	3.7299211E-01	5.3087910E-01	0.0000000E+00	0.0000000E+00	0.0000000E+00	0.0000000E+00	0.0000000E+00	0.0000000E+00
1.8347257E+15	5.2042213E+35	8.6319260E-01	9.5721187E-02	7.4004772E-02	8.3027404E-01	1.6972596E-01	0.0000000E+00	0.0000000E+00	0.0000000E+00	0.0000000E+00	0.0000000E+00	0.0000000E+00	3.7263099E-01	5.3039578E-01	0.0000000E+00	0.0000000E+00	0.0000000E+00	0.0000000E+00	0.0000000E+00	0.0000000E+00
1.8152911E+15	5.0889018E+35	8.5622398E-01	9.5714520E-02	7.3886111E-02	8.3039936E-01	1.6960064E-01	0.0000000E+00	0.0000000E+00	0.0000000E+00	0.0000000E+00	0.0000000E+00	0.0000000E+00	3.7228160E-01	5.2992249E-01	0.0000000E+00	0.0000000E+00	0.0000000E+00	0.0000000E+00	0.0000000E+00	0.0000000E+00
1.7959874E+15	4.9755314E+35	8.4926517E-01	9.5706886E-02	7.3765273E-02	8.3052783E-01	1.6947216E-01	0.0000000E+00	0.0000000E+00	0.0000000E+00	0.0000000E+00	0.0000000E+00	0.0000000E+00	3.7194419E-01	5.2945966E-01	0.0000000E+00	0.0000000E+00	0.0000000E+00	0.0000000E+00	0.0000000E+00	0.0000000E+00
1.7768093E+15	4.8640665E+35	8.4231476E-01	9.5698217E-02	7.3642124E-02	8.3065965E-01	1.6934034E-01	0.0000000E+00	0.0000000E+00	0.0000000E+00	0.0000000E+00	0.0000000E+00	0.0000000E+00	3.7161903E-01	5.2900770E-01	0.0000000E+00	0.0000000E+00	0.0000000E+00	0.0000000E+00	0.0000000E+00	0.0000000E+00
1.7577519E+15	4.7544652E+35	8.3537136E-01	9.5688456E-02	7.3516557E-02	8.3079498E-01	1.6920502E-01	0.0000000E+00	0.0000000E+00	0.0000000E+00	0.0000000E+00	0.0000000E+00	0.0000000E+00	3.7130642E-01	5.2856708E-01	0.0000000E+00	0.0000000E+00	0.0000000E+00	0.0000000E+00	0.0000000E+00	0.0000000E+00
1.7388104E+15	4.6466876E+35	8.2843358E-01	9.5677618E-02	7.3388580E-02	8.3093380E-01	1.6906620E-01	0.0000000E+00	0.0000000E+00	0.0000000E+00	0.0000000E+00	0.0000000E+00	0.0000000E+00	3.7100667E-01	5.2813825E-01	0.0000000E+00	0.0000000E+00	0.0000000E+00	0.0000000E+00	0.0000000E+00	0.0000000E+00
1.7199799E+15	4.5406958E+35	8.2150004E-01	9.5665539E-02	7.3257904E-02	8.3107654E-01	1.6892345E-01	0.0000000E+00	0.0000000E+00	0.0000000E+00	0.0000000E+00	0.0000000E+00	0.0000000E+00	3.7072012E-01	5.2772171E-01	0.0000000E+00	0.0000000E+00	0.0000000E+00	0.0000000E+00	0.0000000E+00	0.0000000E+00
1.7012560E+15	4.4364538E+35	8.1456936E-01	9.5652317E-02	7.3124678E-02	8.3122300E-01	1.6877700E-01	0.0000000E+00	0.0000000E+00	0.0000000E+00	0.0000000E+00	0.0000000E+00	0.0000000E+00	3.7044713E-01	5.2731796E-01	0.0000000E+00	0.0000000E+00	0.0000000E+00	0.0000000E+00	0.0000000E+00	0.0000000E+00
1.6826339E+15	4.3339273E+35	8.0764019E-01	9.5637735E-02	7.2988529E-02	8.3137372E-01	1.6862627E-01	0.0000000E+00	0.0000000E+00	0.0000000E+00	0.0000000E+00	0.0000000E+00	0.0000000E+00	3.7018808E-01	5.2692755E-01	0.0000000E+00	0.0000000E+00	0.0000000E+00	0.0000000E+00	0.0000000E+00	0.0000000E+00
1.6641093E+15	4.2330838E+35	8.0071117E-01	9.5621862E-02	7.2849553E-02	8.3152857E-01	1.6847142E-01	0.0000000E+00	0.0000000E+00	0.0000000E+00	0.0000000E+00	0.0000000E+00	0.0000000E+00	3.6994340E-01	5.2655101E-01	0.0000000E+00	0.0000000E+00	0.0000000E+00	0.0000000E+00	0.0000000E+00	0.0000000E+00
1.6456779E+15	4.1338925E+35	7.9378097E-01	9.5604598E-02	7.2707574E-02	8.3168782E-01	1.6831218E-01	0.0000000E+00	0.0000000E+00	0.0000000E+00	0.0000000E+00	0.0000000E+00	0.0000000E+00	3.6971354E-01	5.2618892E-01	0.0000000E+00	0.0000000E+00	0.0000000E+00	0.0000000E+00	0.0000000E+00	0.0000000E+00
1.6273354E+15	4.0363242E+35	7.8684825E-01	9.5585818E-02	7.2562371E-02	8.3185180E-01	1.6814819E-01	0.0000000E+00	0.0000000E+00	0.0000000E+00	0.0000000E+00	0.0000000E+00	0.0000000E+00	3.6949896E-01	5.2584188E-01	0.0000000E+00	0.0000000E+00	0.0000000E+00	0.0000000E+00	0.0000000E+00	0.0000000E+00
1.6090777E+15	3.9403516E+35	7.7991172E-01	9.5565575E-02	7.2414019E-02	8.3202040E-01	1.6797960E-01	0.0000000E+00	0.0000000E+00	0.0000000E+00	0.0000000E+00	0.0000000E+00	0.0000000E+00	3.6930016E-01	5.2551052E-01	0.0000000E+00	0.0000000E+00	0.0000000E+00	0.0000000E+00	0.0000000E+00	0.0000000E+00
1.5909009E+15	3.8459489E+35	7.7297009E-01	9.5543653E-02	7.2262154E-02	8.3219418E-01	1.6780581E-01	0.0000000E+00	0.0000000E+00	0.0000000E+00	0.0000000E+00	0.0000000E+00	0.0000000E+00	3.6911769E-01	5.2519549E-01	0.0000000E+00	0.0000000E+00	0.0000000E+00	0.0000000E+00	0.0000000E+00	0.0000000E+00
1.5728010E+15	3.7530919E+35	7.6602209E-01	9.5520057E-02	7.2106769E-02	8.3237316E-01	1.6762683E-01	0.0000000E+00	0.0000000E+00	0.0000000E+00	0.0000000E+00	0.0000000E+00	0.0000000E+00	3.6895212E-01	5.2489748E-01	0.0000000E+00	0.0000000E+00	0.0000000E+00	0.0000000E+00	0.0000000E+00	0.0000000E+00
1.5547744E+15	3.6617582E+35	7.5906652E-01	9.5494755E-02	7.1947801E-02	8.3255744E-01	1.6744256E-01	0.0000000E+00	0.0000000E+00	0.0000000E+00	0.0000000E+00	0.0000000E+00	0.0000000E+00	3.6880408E-01	5.2461720E-01	0.0000000E+00	0.0000000E+00	0.0000000E+00	0.0000000E+00	0.0000000E+00	0.0000000E+00
1.5368176E+15	3.5719271E+35	7.5210218E-01	9.5467487E-02	7.1784826E-02	8.3274767E-01	1.6725232E-01	0.0000000E+00	0.0000000E+00	0.0000000E+00	0.0000000E+00	0.0000000E+00	0.0000000E+00	3.6867416E-01	5.2435536E-01	0.0000000E+00	0.0000000E+00	0.0000000E+00	0.0000000E+00	0.0000000E+00	0.0000000E+00
1.5189271E+15	3.4835794E+35	7.4512794E-01	9.5438300E-02	7.1617906E-02	8.3294378E-01	1.6705621E-01	0.0000000E+00	0.0000000E+00	0.0000000E+00	0.0000000E+00	0.0000000E+00	0.0000000E+00	3.6856309E-01	5.2411273E-01	0.0000000E+00	0.0000000E+00	0.0000000E+00	0.0000000E+00	0.0000000E+00	0.0000000E+00
1.5011000E+15	3.3966980E+35	7.3814274E-01	9.5407116E-02	7.1446908E-02	8.3314597E-01	1.6685403E-01	0.0000000E+00	0.0000000E+00	0.0000000E+00	0.0000000E+00	0.0000000E+00	0.0000000E+00	3.6847157E-01	5.2389009E-01	0.0000000E+00	0.0000000E+00	0.0000000E+00	0.0000000E+00	0.0000000E+00	0.0000000E+00
1.4833332E+15	3.3112675E+35	7.3114559E-01	9.5373695E-02	7.1271449E-02	8.3335484E-01	1.6664515E-01	0.0000000E+00	0.0000000E+00	0.0000000E+00	0.0000000E+00	0.0000000E+00	0.0000000E+00	3.6840036E-01	5.2368827E-01	0.0000000E+00	0.0000000E+00	0.0000000E+00	0.0000000E+00	0.0000000E+00	0.0000000E+00
1.4656242E+15	3.2272746E+35	7.2413562E-01	9.5337999E-02	7.1091464E-02	8.3357051E-01	1.6642947E-01	0.0000000E+00	0.0000000E+00	0.0000000E+00	0.0000000E+00	0.0000000E+00	0.0000000E+00	3.6835028E-01	5.2350813E-01	0.0000000E+00	0.0000000E+00	0.0000000E+00	0.0000000E+00	0.0000000E+00	0.0000000E+00
1.4479708E+15	3.1447081E+35	7.1711208E-01	9.5299962E-02	7.0906846E-02	8.3379317E-01	1.6620681E-01	0.0000000E+00	0.0000000E+00	0.0000000E+00	0.0000000E+00	0.0000000E+00	0.0000000E+00	3.6832217E-01	5.2335052E-01	0.0000000E+00	0.0000000E+00	0.0000000E+00	0.0000000E+00	0.0000000E+00	0.0000000E+00
1.4303713E+15	3.0635591E+35	7.1007440E-01	9.5259453E-02	7.0717396E-02	8.3402315E-01	1.6597685E-01	0.0000000E+00	0.0000000E+00	0.0000000E+00	0.0000000E+00	0.0000000E+00	0.0000000E+00	3.6831695E-01	5.2321634E-01	0.0000000E+00	0.0000000E+00	0.0000000E+00	0.0000000E+00	0.0000000E+00	0.0000000E+00
1.4128243E+15	2.9838215E+35	7.0302221E-01	9.5216175E-02	7.0522660E-02	8.3426115E-01	1.6573884E-01	0.0000000E+00	0.0000000E+00	0.0000000E+00	0.0000000E+00	0.0000000E+00	0.0000000E+00	3.6833553E-01	5.2310652E-01	0.0000000E+00	0.0000000E+00	0.0000000E+00	0.0000000E+00	0.0000000E+00	0.0000000E+00
1.3953295E+15	2.9054922E+35	6.9595544E-01	9.5170156E-02	7.0322696E-02	8.3450712E-01	1.6549286E-01	0.0000000E+00	0.0000000E+00	0.0000000E+00	0.0000000E+00	0.0000000E+00	0.0000000E+00	3.6837895E-01	5.2302200E-01	0.0000000E+00	0.0000000E+00	0.0000000E+00	0.0000000E+00	0.0000000E+00	0.0000000E+00
1.3778872E+15	2.8285717E+35	6.8887438E-01	9.5121255E-02	7.0117306E-02	8.3476141E-01	1.6523857E-01	0.0000000E+00	0.0000000E+00	0.0000000E+00	0.0000000E+00	0.0000000E+00	0.0000000E+00	3.6844820E-01	5.2296372E-01	0.0000000E+00	0.0000000E+00	0.0000000E+00	0.0000000E+00	0.0000000E+00	0.0000000E+00
1.3604989E+15	2.7530649E+35	6.8177981E-01	9.5069323E-02	6.9906295E-02	8.3502437E-01	1.6497562E-01	0.0000000E+00	0.0000000E+00	0.0000000E+00	0.0000000E+00	0.0000000E+00	0.0000000E+00	3.6854433E-01	5.2293259E-01	0.0000000E+00	0.0000000E+00	0.0000000E+00	0.0000000E+00	0.0000000E+00	0.0000000E+00
1.3431678E+15	2.6789821E+35	6.7467318E-01	9.5014172E-02	6.9689423E-02	8.3529640E-01	1.6470360E-01	0.0000000E+00	0.0000000E+00	0.0000000E+00	0.0000000E+00	0.0000000E+00	0.0000000E+00	3.6866843E-01	5.2292952E-01	0.0000000E+00	0.0000000E+00	0.0000000E+00	0.0000000E+00	0.0000000E+00	0.0000000E+00
1.3258992E+15	2.6063406E+35	6.6755686E-01	9.4955595E-02	6.9466444E-02	8.3557794E-01	1.6442205E-01	0.0000000E+00	0.0000000E+00	0.0000000E+00	0.0000000E+00	0.0000000E+00	0.0000000E+00	3.6882158E-01	5.2295536E-01	0.0000000E+00	0.0000000E+00	0.0000000E+00	0.0000000E+00	0.0000000E+00	0.0000000E+00
1.3087013E+15	2.5351675E+35	6.6043453E-01	9.4893557E-02	6.9237398E-02	8.3586901E-01	1.6413096E-01	0.0000000E+00	0.0000000E+00	0.0000000E+00	0.0000000E+00	0.0000000E+00	0.0000000E+00	3.6900486E-01	5.2301088E-01	0.0000000E+00	0.0000000E+00	0.0000000E+00	0.0000000E+00	0.0000000E+00	0.0000000E+00
1.2915871E+15	2.4655040E+35	6.5331186E-01	9.4827937E-02	6.9002237E-02	8.3616979E-01	1.6383019E-01	0.0000000E+00	0.0000000E+00	0.0000000E+00	0.0000000E+00	0.0000000E+00	0.0000000E+00	3.6921927E-01	5.2309672E-01	0.0000000E+00	0.0000000E+00	0.0000000E+00	0.0000000E+00	0.0000000E+00	0.0000000E+00
1.2745768E+15	2.3974134E+35	6.4619767E-01	9.4758651E-02	6.8761034E-02	8.3648028E-01	1.6351970E-01	0.0000000E+00	0.0000000E+00	0.0000000E+00	0.0000000E+00	0.0000000E+00	0.0000000E+00	3.6946568E-01	5.2321325E-01	0.0000000E+00	0.0000000E+00	0.0000000E+00	0.0000000E+00	0.0000000E+00	0.0000000E+00
1.2577033E+15	2.3309985E+35	6.3910639E-01	9.4685684E-02	6.8514087E-02	8.3680020E-01	1.6319978E-01	0.0000000E+00	0.0000000E+00	0.0000000E+00	0.0000000E+00	0.0000000E+00	0.0000000E+00	3.6974464E-01	5.2336050E-01	0.0000000E+00	0.0000000E+00	0.0000000E+00	0.0000000E+00	0.0000000E+00	0.0000000E+00
1.2410276E+15	2.2664479E+35	6.3206449E-01	9.4609189E-02	6.8262180E-02	8.3712861E-01	1.6287137E-01	0.0000000E+00	0.0000000E+00	0.0000000E+00	0.0000000E+00	0.0000000E+00	0.0000000E+00	3.7005595E-01	5.2353768E-01	0.0000000E+00	0.0000000E+00	0.0000000E+00	0.0000000E+00	0.0000000E+00	0.0000000E+00
1.2247086E+15	2.2042608E+35	6.2514060E-01	9.4529859E-02	6.8007749E-02	8.3746239E-01	1.6253761E-01	0.0000000E+00	0.0000000E+00	0.0000000E+00	0.0000000E+00	0.0000000E+00	0.0000000E+00	3.7039684E-01	5.2374200E-01	0.0000000E+00	0.0000000E+00	0.0000000E+00	0.0000000E+00	0.0000000E+00	0.0000000E+00
1.2090231E+15	2.1452839E+35	6.1845494E-01	9.4449088E-02	6.7755321E-02	8.3779556E-01	1.6220442E-01	0.0000000E+00	0.0000000E+00	0.0000000E+00	0.0000000E+00	0.0000000E+00	0.0000000E+00	3.7076025E-01	5.2396724E-01	0.0000000E+00	0.0000000E+00	0.0000000E+00	0.0000000E+00	0.0000000E+00	0.0000000E+00
1.1933044E+15	2.0872729E+35	6.1172492E-01	9.4363612E-02	6.7494507E-02	8.3814184E-01	1.6185813E-01	0.0000000E+00	0.0000000E+00	0.0000000E+00	0.0000000E+00	0.0000000E+00	0.0000000E+00	3.7116181E-01	5.2422067E-01	0.0000000E+00	0.0000000E+00	0.0000000E+00	0.0000000E+00	0.0000000E+00	0.0000000E+00
1.1775168E+15	2.0301262E+35	6.0493493E-01	9.4272931E-02	6.7224283E-02	8.3850274E-01	1.6149723E-01	0.0000000E+00	0.0000000E+00	0.0000000E+00	0.0000000E+00	0.0000000E+00	0.0000000E+00	3.7160576E-01	5.2450124E-01	0.0000000E+00	0.0000000E+00	0.0000000E+00	0.0000000E+00	0.0000000E+00	0.0000000E+00
1.1616516E+15	1.9738342E+35	5.9808085E-01	9.4176650E-02	6.6944007E-02	8.3887930E-01	1.6112067E-01	0.0000000E+00	0.0000000E+00	0.0000000E+00	0.0000000E+00	0.0000000E+00	0.0000000E+00	3.7209783E-01	5.2480381E-01	0.0000000E+00	0.0000000E+00	0.0000000E+00	0.0000000E+00	0.0000000E+00	0.0000000E+00
1.1457000E+15	1.9183886E+35	5.9115837E-01	9.4074336E-02	6.6652987E-02	8.3927263E-01	1.6072733E-01	0.0000000E+00	0.0000000E+00	0.0000000E+00	0.0000000E+00	0.0000000E+00	0.0000000E+00	3.7265327E-01	5.2510324E-01	0.0000000E+00	0.0000000E+00	0.0000000E+00	0.0000000E+00	0.0000000E+00	0.0000000E+00
1.1296530E+15	1.8637823E+35	5.8416300E-01	9.3965516E-02	6.6350471E-02	8.3968397E-01	1.6031600E-01	0.0000000E+00	0.0000000E+00	0.0000000E+00	0.0000000E+00	0.0000000E+00	0.0000000E+00	3.7325998E-01	5.2543318E-01	0.0000000E+00	0.0000000E+00	0.0000000E+00	0.0000000E+00	0.0000000E+00	0.0000000E+00
1.1135009E+15	1.8100092E+35	5.7709004E-01	9.3849675E-02	6.6035648E-02	8.4011463E-01	1.5988533E-01	0.0000000E+00	0.0000000E+00	0.0000000E+00	0.0000000E+00	0.0000000E+00	0.0000000E+00	3.7391221E-01	5.2581482E-01	0.0000000E+00	0.0000000E+00	0.0000000E+00	0.0000000E+00	0.0000000E+00	0.0000000E+00
1.0972341E+15	1.7570646E+35	5.6993461E-01	9.3726251E-02	6.5707640E-02	8.4056606E-01	1.5943390E-01	0.0000000E+00	0.0000000E+00	0.0000000E+00	0.0000000E+00	0.0000000E+00	0.0000000E+00	3.7461303E-01	5.2625150E-01	0.0000000E+00	0.0000000E+00	0.0000000E+00	0.0000000E+00	0.0000000E+00	0.0000000E+00
1.0808426E+15	1.7049454E+35	5.6269161E-01	9.3594630E-02	6.5365495E-02	8.4103982E-01	1.5896014E-01	0.0000000E+00	0.0000000E+00	0.0000000E+00	0.0000000E+00	0.0000000E+00	0.0000000E+00	3.7536576E-01	5.2674688E-01	0.0000000E+00	0.0000000E+00	0.0000000E+00	0.0000000E+00	0.0000000E+00	0.0000000E+00
1.0643159E+15	1.6536499E+35	5.5535578E-01	9.3454143E-02	6.5008190E-02	8.4153760E-01	1.5846235E-01	0.0000000E+00	0.0000000E+00	0.0000000E+00	0.0000000E+00	0.0000000E+00	0.0000000E+00	3.7617392E-01	5.2730469E-01	0.0000000E+00	0.0000000E+00	0.0000000E+00	0.0000000E+00	0.0000000E+00	0.0000000E+00
1.0476437E+15	1.6031782E+35	5.4792171E-01	9.3304063E-02	6.4634618E-02	8.4206125E-01	1.5793870E-01	0.0000000E+00	0.0000000E+00	0.0000000E+00	0.0000000E+00	0.0000000E+00	0.0000000E+00	3.7704142E-01	5.2792910E-01	0.0000000E+00	0.0000000E+00	0.0000000E+00	0.0000000E+00	0.0000000E+00	0.0000000E+00
1.0308154E+15	1.5535324E+35	5.4038384E-01	9.3143598E-02	6.4243592E-02	8.4261276E-01	1.5738720E-01	0.0000000E+00	0.0000000E+00	0.0000000E+00	0.0000000E+00	0.0000000E+00	0.0000000E+00	3.7797270E-01	5.2862481E-01	0.0000000E+00	0.0000000E+00	0.0000000E+00	0.0000000E+00	0.0000000E+00	0.0000000E+00
1.0138203E+15	1.5047170E+35	5.3273657E-01	9.2971815E-02	6.3833728E-02	8.4319444E-01	1.5680555E-01	0.0000000E+00	0.0000000E+00	0.0000000E+00	0.0000000E+00	0.0000000E+00	0.0000000E+00	3.7897225E-01	5.2939644E-01	0.0000000E+00	0.0000000E+00	0.0000000E+00	0.0000000E+00	0.0000000E+00	0.0000000E+00
9.9664822E+14	1.4567390E+35	5.2497432E-01	9.2787481E-02	6.3403227E-02	8.4380921E-01	1.5619073E-01	0.0000000E+00	0.0000000E+00	0.0000000E+00	0.0000000E+00	0.0000000E+00	0.0000000E+00	3.8004520E-01	5.3024922E-01	0.0000000E+00	0.0000000E+00	0.0000000E+00	0.0000000E+00	0.0000000E+00	0.0000000E+00
9.7928922E+14	1.4096084E+35	5.1709168E-01	9.2589870E-02	6.2951043E-02	8.4445901E-01	1.5554093E-01	0.0000000E+00	0.0000000E+00	0.0000000E+00	0.0000000E+00	0.0000000E+00	0.0000000E+00	3.8119715E-01	5.3118882E-01	0.0000000E+00	0.0000000E+00	0.0000000E+00	0.0000000E+00	0.0000000E+00	0.0000000E+00
9.6173449E+14	1.3633390E+35	5.0908363E-01	9.2377660E-02	6.2475295E-02	8.4514699E-01	1.5485297E-01	0.0000000E+00	0.0000000E+00	0.0000000E+00	0.0000000E+00	0.0000000E+00	0.0000000E+00	3.8243400E-01	5.3222102E-01	0.0000000E+00	0.0000000E+00	0.0000000E+00	0.0000000E+00	0.0000000E+00	0.0000000E+00
9.4397680E+14	1.3179490E+35	5.0094581E-01	9.2149410E-02	6.1973966E-02	8.4587652E-01	1.5412340E-01	0.0000000E+00	0.0000000E+00	0.0000000E+00	0.0000000E+00	0.0000000E+00	0.0000000E+00	3.8376217E-01	5.3335194E-01	0.0000000E+00	0.0000000E+00	0.0000000E+00	0.0000000E+00	0.0000000E+00	0.0000000E+00
9.2601145E+14	1.2734620E+35	4.9267498E-01	9.1903994E-02	6.1445549E-02	8.4665038E-01	1.5334956E-01	0.0000000E+00	0.0000000E+00	0.0000000E+00	0.0000000E+00	0.0000000E+00	0.0000000E+00	3.8518859E-01	5.3458805E-01	0.0000000E+00	0.0000000E+00	0.0000000E+00	0.0000000E+00	0.0000000E+00	0.0000000E+00
9.0783769E+14	1.2299083E+35	4.8426975E-01	9.1639786E-02	6.0887873E-02	8.4747227E-01	1.5252767E-01	0.0000000E+00	0.0000000E+00	0.0000000E+00	0.0000000E+00	0.0000000E+00	0.0000000E+00	3.8672030E-01	5.3593548E-01	0.0000000E+00	0.0000000E+00	0.0000000E+00	0.0000000E+00	0.0000000E+00	0.0000000E+00
8.8946091E+14	1.1873274E+35	4.7573154E-01	9.1355242E-02	6.0298978E-02	8.4834565E-01	1.5165425E-01	0.0000000E+00	0.0000000E+00	0.0000000E+00	0.0000000E+00	0.0000000E+00	0.0000000E+00	3.8836479E-01	5.3740040E-01	0.0000000E+00	0.0000000E+00	0.0000000E+00	0.0000000E+00	0.0000000E+00	0.0000000E+00
8.7089595E+14	1.1457701E+35	4.6706629E-01	9.1049162E-02	5.9677529E-02	8.4927319E-01	1.5072671E-01	0.0000000E+00	0.0000000E+00	0.0000000E+00	0.0000000E+00	0.0000000E+00	0.0000000E+00	3.9012929E-01	5.3898801E-01	0.0000000E+00	0.0000000E+00	0.0000000E+00	0.0000000E+00	0.0000000E+00	0.0000000E+00
8.5217267E+14	1.1053042E+35	4.5828711E-01	9.0720228E-02	5.9022194E-02	8.5025752E-01	1.4974243E-01	0.0000000E+00	0.0000000E+00	0.0000000E+00	0.0000000E+00	0.0000000E+00	0.0000000E+00	3.9202067E-01	5.4070204E-01	0.0000000E+00	0.0000000E+00	0.0000000E+00	0.0000000E+00	0.0000000E+00	0.0000000E+00
8.3334548E+14	1.0660220E+35	4.4941896E-01	9.0367607E-02	5.8332604E-02	8.5129978E-01	1.4870021E-01	0.0000000E+00	0.0000000E+00	0.0000000E+00	0.0000000E+00	0.0000000E+00	0.0000000E+00	3.9404384E-01	5.4254270E-01	0.0000000E+00	0.0000000E+00	0.0000000E+00	0.0000000E+00	0.0000000E+00	0.0000000E+00
8.1451173E+14	1.0280574E+35	4.4050758E-01	8.9991441E-02	5.7610211E-02	8.5239830E-01	1.4760166E-01	0.0000000E+00	0.0000000E+00	0.0000000E+00	0.0000000E+00	0.0000000E+00	0.0000000E+00	3.9620024E-01	5.4450406E-01	0.0000000E+00	0.0000000E+00	0.0000000E+00	0.0000000E+00	0.0000000E+00	0.0000000E+00
7.9585300E+14	9.9162420E+34	4.3163959E-01	8.9594404E-02	5.6860922E-02	8.5354460E-01	1.4645534E-01	0.0000000E+00	0.0000000E+00	0.0000000E+00	0.0000000E+00	0.0000000E+00	0.0000000E+00	3.9848274E-01	5.4656737E-01	0.0000000E+00	0.0000000E+00	0.0000000E+00	0.0000000E+00	0.0000000E+00	0.0000000E+00
7.7776140E+14	9.5714410E+34	4.2300365E-01	8.9184829E-02	5.6100690E-02	8.5471435E-01	1.4528554E-01	0.0000000E+00	0.0000000E+00	0.0000000E+00	0.0000000E+00	0.0000000E+00	0.0000000E+00	4.0085949E-01	5.4868201E-01	0.0000000E+00	0.0000000E+00	0.0000000E+00	0.0000000E+00	0.0000000E+00	0.0000000E+00
7.6200195E+14	9.2653421E+34	4.1545011E-01	8.8807154E-02	5.5409968E-02	8.5578266E-01	1.4421716E-01	0.0000000E+00	0.0000000E+00	0.0000000E+00	0.0000000E+00	0.0000000E+00	0.0000000E+00	4.0310459E-01	5.5061171E-01	0.0000000E+00	0.0000000E+00	0.0000000E+00	0.0000000E+00	0.0000000E+00	0.0000000E+00
7.4974102E+14	9.0072193E+34	4.0955210E-01	8.8499220E-02	5.4853438E-02	8.5664711E-01	1.4335270E-01	0.0000000E+00	0.0000000E+00	0.0000000E+00	0.0000000E+00	0.0000000E+00	0.0000000E+00	4.0507109E-01	5.5215246E-01	0.0000000E+00	0.0000000E+00	0.0000000E+00	0.0000000E+00	0.0000000E+00	0.0000000E+00
7.3772615E+14	8.7575448E+34	4.0375320E-01	8.8184886E-02	5.4291030E-02	8.5752384E-01	1.4247596E-01	0.0000000E+00	0.0000000E+00	0.0000000E+00	0.0000000E+00	0.0000000E+00	0.0000000E+00	4.0757541E-01	5.5362640E-01	0.0000000E+00	0.0000000E+00	0.0000000E+00	0.0000000E+00	0.0000000E+00	0.0000000E+00
7.2598009E+14	8.5163288E+34	3.9806549E-01	8.7865090E-02	5.3724329E-02	8.5841033E-01	1.4158947E-01	0.0000000E+00	0.0000000E+00	0.0000000E+00	0.0000000E+00	0.0000000E+00	0.0000000E+00	4.1012263E-01	5.5511581E-01	0.0000000E+00	0.0000000E+00	0.0000000E+00	0.0000000E+00	0.0000000E+00	0.0000000E+00
7.1452638E+14	8.2835654E+34	3.9250148E-01	8.7540923E-02	5.3155128E-02	8.5930369E-01	1.4069610E-01	0.0000000E+00	0.0000000E+00	0.0000000E+00	0.0000000E+00	0.0000000E+00	0.0000000E+00	4.1267816E-01	5.5661890E-01	0.0000000E+00	0.0000000E+00	0.0000000E+00	0.0000000E+00	0.0000000E+00	0.0000000E+00
7.0338943E+14	8.0592342E+34	3.8707428E-01	8.7213642E-02	5.2585448E-02	8.6020065E-01	1.3979914E-01	0.0000000E+00	0.0000000E+00	0.0000000E+00	0.0000000E+00	0.0000000E+00	0.0000000E+00	4.1523227E-01	5.5812803E-01	0.0000000E+00	0.0000000E+00	0.0000000E+00	0.0000000E+00	0.0000000E+00	0.0000000E+00
6.9259481E+14	7.8433037E+34	3.8179763E-01	8.6884684E-02	5.2017561E-02	8.6109753E-01	1.3890229E-01	0.0000000E+00	0.0000000E+00	0.0000000E+00	0.0000000E+00	0.0000000E+00	0.0000000E+00	4.1777449E-01	5.5963518E-01	0.0000000E+00	0.0000000E+00	0.0000000E+00	0.0000000E+00	0.0000000E+00	0.0000000E+00
6.8216969E+14	7.6357350E+34	3.7668618E-01	8.6555691E-02	5.1454029E-02	8.6199015E-01	1.3800975E-01	0.0000000E+00	0.0000000E+00	0.0000000E+00	0.0000000E+00	0.0000000E+00	0.0000000E+00	4.2029300E-01	5.6113106E-01	0.0000000E+00	0.0000000E+00	0.0000000E+00	0.0000000E+00	0.0000000E+00	0.0000000E+00
6.7214361E+14	7.4364899E+34	3.7175587E-01	8.6228381E-02	5.0897485E-02	8.6287404E-01	1.3712588E-01	0.0000000E+00	0.0000000E+00	0.0000000E+00	0.0000000E+00	0.0000000E+00	0.0000000E+00	4.2277465E-01	5.6260531E-01	0.0000000E+00	0.0000000E+00	0.0000000E+00	0.0000000E+00	0.0000000E+00	0.0000000E+00
6.6254984E+14	7.2455420E+34	3.6702456E-01	8.5904744E-02	5.0350951E-02	8.6374401E-01	1.3625575E-01	0.0000000E+00	0.0000000E+00	0.0000000E+00	0.0000000E+00	0.0000000E+00	0.0000000E+00	4.2520448E-01	5.6404609E-01	0.0000000E+00	0.0000000E+00	0.0000000E+00	0.0000000E+00	0.0000000E+00	0.0000000E+00
6.5342770E+14	7.0628967E+34	3.6251324E-01	8.5587588E-02	4.9818782E-02	8.6459332E-01	1.3540643E-01	0.0000000E+00	0.0000000E+00	0.0000000E+00	0.0000000E+00	0.0000000E+00	0.0000000E+00	4.2756484E-01	5.6543939E-01	0.0000000E+00	0.0000000E+00	0.0000000E+00	0.0000000E+00	0.0000000E+00	0.0000000E+00
6.4482712E+14	6.8886277E+34	3.5824831E-01	8.5279970E-02	4.9305689E-02	8.6541427E-01	1.3458567E-01	0.0000000E+00	0.0000000E+00	0.0000000E+00	0.0000000E+00	0.0000000E+00	0.0000000E+00	4.2983401E-01	5.6676797E-01	0.0000000E+00	0.0000000E+00	0.0000000E+00	0.0000000E+00	0.0000000E+00	0.0000000E+00
6.3681877E+14	6.7229581E+34	3.5426664E-01	8.4985298E-02	4.8816805E-02	8.6619753E-01	1.3380218E-01	0.0000000E+00	0.0000000E+00	0.0000000E+00	0.0000000E+00	0.0000000E+00	0.0000000E+00	4.3198280E-01	5.6800857E-01	0.0000000E+00	0.0000000E+00	0.0000000E+00	0.0000000E+00	0.0000000E+00	0.0000000E+00
6.2952344E+14	6.5664968E+34	3.5063034E-01	8.4710385E-02	4.8362977E-02	8.6692643E-01	1.3307340E-01	0.0000000E+00	0.0000000E+00	0.0000000E+00	0.0000000E+00	0.0000000E+00	0.0000000E+00	4.3396480E-01	5.6912431E-01	0.0000000E+00	0.0000000E+00	0.0000000E+00	0.0000000E+00	0.0000000E+00	0.0000000E+00
6.2332548E+14	6.4220018E+34	3.4753364E-01	8.4471642E-02	4.7970532E-02	8.6755780E-01	1.3244218E-01	0.0000000E+00	0.0000000E+00	0.0000000E+00	0.0000000E+00	0.0000000E+00	0.0000000E+00	4.3564786E-01	5.7001180E-01	0.0000000E+00	0.0000000E+00	0.0000000E+00	0.0000000E+00	0.0000000E+00	0.0000000E+00
6.1813277E+14	6.2880240E+34	3.4493341E-01	8.4267724E-02	4.7636491E-02	8.6809576E-01	1.3190422E-01	0.0000000E+00	0.0000000E+00	0.0000000E+00	0.0000000E+00	0.0000000E+00	0.0000000E+00	4.3704795E-01	5.7068426E-01	0.0000000E+00	0.0000000E+00	0.0000000E+00	0.0000000E+00	0.0000000E+00	0.0000000E+00
6.1297591E+14	6.1561385E+34	3.4234557E-01	8.4061714E-02	4.7300084E-02	8.6863817E-01	1.3136180E-01	0.0000000E+00	0.0000000E+00	0.0000000E+00	0.0000000E+00	0.0000000E+00	0.0000000E+00	4.3846835E-01	5.7137515E-01	0.0000000E+00	0.0000000E+00	0.0000000E+00	0.0000000E+00	0.0000000E+00	0.0000000E+00
6.0785471E+14	6.0263326E+34	3.3977013E-01	8.3853627E-02	4.6961330E-02	8.6918501E-01	1.3081496E-01	0.0000000E+00	0.0000000E+00	0.0000000E+00	0.0000000E+00	0.0000000E+00	0.0000000E+00	4.3990924E-01	5.7208548E-01	0.0000000E+00	0.0000000E+00	0.0000000E+00	0.0000000E+00	0.0000000E+00	0.0000000E+00
6.0276898E+14	5.8985934E+34	3.3720710E-01	8.3643478E-02	4.6620251E-02	8.6973624E-01	1.3026374E-01	0.0000000E+00	0.0000000E+00	0.0000000E+00	0.0000000E+00	0.0000000E+00	0.0000000E+00	4.4137086E-01	5.7281559E-01	0.0000000E+00	0.0000000E+00	0.0000000E+00	0.0000000E+00	0.0000000E+00	0.0000000E+00
5.9771855E+14	5.7729076E+34	3.3465648E-01	8.3431285E-02	4.6276871E-02	8.7029181E-01	1.2970816E-01	0.0000000E+00	0.0000000E+00	0.0000000E+00	0.0000000E+00	0.0000000E+00	0.0000000E+00	4.4285322E-01	5.7356560E-01	0.0000000E+00	0.0000000E+00	0.0000000E+00	0.0000000E+00	0.0000000E+00	0.0000000E+00
5.9270323E+14	5.6492614E+34	3.3211828E-01	8.3217065E-02	4.5931211E-02	8.7085169E-01	1.2914828E-01	0.0000000E+00	0.0000000E+00	0.0000000E+00	0.0000000E+00	0.0000000E+00	0.0000000E+00	4.4435607E-01	5.7433522E-01	0.0000000E+00	0.0000000E+00	0.0000000E+00	0.0000000E+00	0.0000000E+00	0.0000000E+00
5.8772283E+14	5.5276408E+34	3.2959250E-01	8.3000837E-02	4.5583296E-02	8.7141583E-01	1.2858414E-01	0.0000000E+00	0.0000000E+00	0.0000000E+00	0.0000000E+00	0.0000000E+00	0.0000000E+00	4.4587978E-01	5.7512505E-01	0.0000000E+00	0.0000000E+00	0.0000000E+00	0.0000000E+00	0.0000000E+00	0.0000000E+00
5.8277716E+14	5.4080314E+34	3.2707915E-01	8.2782619E-02	4.5233151E-02	8.7198419E-01	1.2801578E-01	0.0000000E+00	0.0000000E+00	0.0000000E+00	0.0000000E+00	0.0000000E+00	0.0000000E+00	4.4742379E-01	5.7593440E-01	0.0000000E+00	0.0000000E+00	0.0000000E+00	0.0000000E+00	0.0000000E+00	0.0000000E+00
5.7786605E+14	5.2904187E+34	3.2457822E-01	8.2562431E-02	4.4880802E-02	8.7255673E-01	1.2744324E-01	0.0000000E+00	0.0000000E+00	0.0000000E+00	0.0000000E+00	0.0000000E+00	0.0000000E+00	4.4898865E-01	5.7676413E-01	0.0000000E+00	0.0000000E+00	0.0000000E+00	0.0000000E+00	0.0000000E+00	0.0000000E+00
5.7298930E+14	5.1747875E+34	3.2208973E-01	8.2340293E-02	4.4526275E-02	8.7313339E-01	1.2686658E-01	0.0000000E+00	0.0000000E+00	0.0000000E+00	0.0000000E+00	0.0000000E+00	0.0000000E+00	4.5057370E-01	5.7761338E-01	0.0000000E+00	0.0000000E+00	0.0000000E+00	0.0000000E+00	0.0000000E+00	0.0000000E+00
5.6814673E+14	5.0611227E+34	3.1961368E-01	8.2116227E-02	4.4169597E-02	8.7371414E-01	1.2628583E-01	0.0000000E+00	0.0000000E+00	0.0000000E+00	0.0000000E+00	0.0000000E+00	0.0000000E+00	4.5217944E-01	5.7848301E-01	0.0000000E+00	0.0000000E+00	0.0000000E+00	0.0000000E+00	0.0000000E+00	0.0000000E+00
5.6333815E+14	4.9494084E+34	3.1715007E-01	8.1890253E-02	4.3810796E-02	8.7429891E-01	1.2570106E-01	0.0000000E+00	0.0000000E+00	0.0000000E+00	0.0000000E+00	0.0000000E+00	0.0000000E+00	4.5380531E-01	5.7937225E-01	0.0000000E+00	0.0000000E+00	0.0000000E+00	0.0000000E+00	0.0000000E+00	0.0000000E+00
5.5856339E+14	4.8396287E+34	3.1469890E-01	8.1662394E-02	4.3449902E-02	8.7488766E-01	1.2511231E-01	0.0000000E+00	0.0000000E+00	0.0000000E+00	0.0000000E+00	0.0000000E+00	0.0000000E+00	4.5545161E-01	5.8028171E-01	0.0000000E+00	0.0000000E+00	0.0000000E+00	0.0000000E+00	0.0000000E+00	0.0000000E+00
5.5382225E+14	4.7317674E+34	3.1226018E-01	8.1432673E-02	4.3086942E-02	8.7548034E-01	1.2451962E-01	0.0000000E+00	0.0000000E+00	0.0000000E+00	0.0000000E+00	0.0000000E+00	0.0000000E+00	4.5711800E-01	5.8121098E-01	0.0000000E+00	0.0000000E+00	0.0000000E+00	0.0000000E+00	0.0000000E+00	0.0000000E+00
5.4911455E+14	4.6258079E+34	3.0983390E-01	8.1201112E-02	4.2721948E-02	8.7607690E-01	1.2392307E-01	0.0000000E+00	0.0000000E+00	0.0000000E+00	0.0000000E+00	0.0000000E+00	0.0000000E+00	4.5880446E-01	5.8216013E-01	0.0000000E+00	0.0000000E+00	0.0000000E+00	0.0000000E+00	0.0000000E+00	0.0000000E+00
5.4444011E+14	4.5217332E+34	3.0742007E-01	8.0967735E-02	4.2354949E-02	8.7667727E-01	1.2332269E-01	0.0000000E+00	0.0000000E+00	0.0000000E+00	0.0000000E+00	0.0000000E+00	0.0000000E+00	4.6051101E-01	5.8312940E-01	0.0000000E+00	0.0000000E+00	0.0000000E+00	0.0000000E+00	0.0000000E+00	0.0000000E+00
5.3979873E+14	4.4195263E+34	3.0501869E-01	8.0732564E-02	4.1985976E-02	8.7728141E-01	1.2271855E-01	0.0000000E+00	0.0000000E+00	0.0000000E+00	0.0000000E+00	0.0000000E+00	0.0000000E+00	4.6223716E-01	5.8411808E-01	0.0000000E+00	0.0000000E+00	0.0000000E+00	0.0000000E+00	0.0000000E+00	0.0000000E+00
5.3519024E+14	4.3191696E+34	3.0262976E-01	8.0495626E-02	4.1615062E-02	8.7788926E-01	1.2211070E-01	0.0000000E+00	0.0000000E+00	0.0000000E+00	0.0000000E+00	0.0000000E+00	0.0000000E+00	4.6398340E-01	5.8512718E-01	0.0000000E+00	0.0000000E+00	0.0000000E+00	0.0000000E+00	0.0000000E+00	0.0000000E+00
5.3061445E+14	4.2206455E+34	3.0025327E-01	8.0256942E-02	4.1242238E-02	8.7850077E-01	1.2149919E-01	0.0000000E+00	0.0000000E+00	0.0000000E+00	0.0000000E+00	0.0000000E+00	0.0000000E+00	4.6574905E-01	5.8615570E-01	0.0000000E+00	0.0000000E+00	0.0000000E+00	0.0000000E+00	0.0000000E+00	0.0000000E+00
5.2607117E+14	4.1239358E+34	2.9788923E-01	8.0016539E-02	4.0867536E-02	8.7911587E-01	1.2088409E-01	0.0000000E+00	0.0000000E+00	0.0000000E+00	0.0000000E+00	0.0000000E+00	0.0000000E+00	4.6753414E-01	5.8720387E-01	0.0000000E+00	0.0000000E+00	0.0000000E+00	0.0000000E+00	0.0000000E+00	0.0000000E+00
5.2156022E+14	4.0290224E+34	2.9553763E-01	7.9774440E-02	4.0490989E-02	8.7973452E-01	1.2026544E-01	0.0000000E+00	0.0000000E+00	0.0000000E+00	0.0000000E+00	0.0000000E+00	0.0000000E+00	4.6933871E-01	5.8827201E-01	0.0000000E+00	0.0000000E+00	0.0000000E+00	0.0000000E+00	0.0000000E+00	0.0000000E+00
5.1708142E+14	3.9358867E+34	2.9319847E-01	7.9530671E-02	4.0112630E-02	8.8035665E-01	1.1964331E-01	0.0000000E+00	0.0000000E+00	0.0000000E+00	0.0000000E+00	0.0000000E+00	0.0000000E+00	4.7116230E-01	5.8935940E-01	0.0000000E+00	0.0000000E+00	0.0000000E+00	0.0000000E+00	0.0000000E+00	0.0000000E+00
5.1263456E+14	3.8445099E+34	2.9087175E-01	7.9285256E-02	3.9732493E-02	8.8098220E-01	1.1901776E-01	0.0000000E+00	0.0000000E+00	0.0000000E+00	0.0000000E+00	0.0000000E+00	0.0000000E+00	4.7300491E-01	5.9046635E-01	0.0000000E+00	0.0000000E+00	0.0000000E+00	0.0000000E+00	0.0000000E+00	0.0000000E+00
5.0821948E+14	3.7548732E+34	2.8855745E-01	7.9038219E-02	3.9350612E-02	8.8161111E-01	1.1838884E-01	0.0000000E+00	0.0000000E+00	0.0000000E+00	0.0000000E+00	0.0000000E+00	0.0000000E+00	4.7486647E-01	5.9159293E-01	0.0000000E+00	0.0000000E+00	0.0000000E+00	0.0000000E+00	0.0000000E+00	0.0000000E+00
5.0383598E+14	3.6669571E+34	2.8625558E-01	7.8789585E-02	3.8967019E-02	8.8224334E-01	1.1775662E-01	0.0000000E+00	0.0000000E+00	0.0000000E+00	0.0000000E+00	0.0000000E+00	0.0000000E+00	4.7674658E-01	5.9273858E-01	0.0000000E+00	0.0000000E+00	0.0000000E+00	0.0000000E+00	0.0000000E+00	0.0000000E+00
4.9948387E+14	3.5807424E+34	2.8396613E-01	7.8539380E-02	3.8581751E-02	8.8287881E-01	1.1712114E-01	0.0000000E+00	0.0000000E+00	0.0000000E+00	0.0000000E+00	0.0000000E+00	0.0000000E+00	4.7864510E-01	5.9390329E-01	0.0000000E+00	0.0000000E+00	0.0000000E+00	0.0000000E+00	0.0000000E+00	0.0000000E+00
4.9516298E+14	3.4962094E+34	2.8168909E-01	7.8287626E-02	3.8194840E-02	8.8351747E-01	1.1648248E-01	0.0000000E+00	0.0000000E+00	0.0000000E+00	0.0000000E+00	0.0000000E+00	0.0000000E+00	4.8056207E-01	5.9508755E-01	0.0000000E+00	0.0000000E+00	0.0000000E+00	0.0000000E+00	0.0000000E+00	0.0000000E+00
4.9087310E+14	3.4133382E+34	2.7942446E-01	7.8034349E-02	3.7806321E-02	8.8415927E-01	1.1584069E-01	0.0000000E+00	0.0000000E+00	0.0000000E+00	0.0000000E+00	0.0000000E+00	0.0000000E+00	4.8249704E-01	5.9629059E-01	0.0000000E+00	0.0000000E+00	0.0000000E+00	0.0000000E+00	0.0000000E+00	0.0000000E+00
4.8661407E+14	3.3321090E+34	2.7717221E-01	7.7779572E-02	3.7416229E-02	8.8480414E-01	1.1519582E-01	0.0000000E+00	0.0000000E+00	0.0000000E+00	0.0000000E+00	0.0000000E+00	0.0000000E+00	4.8444981E-01	5.9751230E-01	0.0000000E+00	0.0000000E+00	0.0000000E+00	0.0000000E+00	0.0000000E+00	0.0000000E+00
4.8238568E+14	3.2525015E+34	2.7493235E-01	7.7523319E-02	3.7024598E-02	8.8545202E-01	1.1454793E-01	0.0000000E+00	0.0000000E+00	0.0000000E+00	0.0000000E+00	0.0000000E+00	0.0000000E+00	4.8642024E-01	5.9875276E-01	0.0000000E+00	0.0000000E+00	0.0000000E+00	0.0000000E+00	0.0000000E+00	0.0000000E+00
4.7818775E+14	3.1744954E+34	2.7270487E-01	7.7265612E-02	3.6631463E-02	8.8610286E-01	1.1389709E-01	0.0000000E+00	0.0000000E+00	0.0000000E+00	0.0000000E+00	0.0000000E+00	0.0000000E+00	4.8840820E-01	6.0001210E-01	0.0000000E+00	0.0000000E+00	0.0000000E+00	0.0000000E+00	0.0000000E+00	0.0000000E+00
4.7402009E+14	3.0980702E+34	2.7048974E-01	7.7006475E-02	3.6236858E-02	8.8675660E-01	1.1324335E-01	0.0000000E+00	0.0000000E+00	0.0000000E+00	0.0000000E+00	0.0000000E+00	0.0000000E+00	4.9041332E-01	6.0128974E-01	0.0000000E+00	0.0000000E+00	0.0000000E+00	0.0000000E+00	0.0000000E+00	0.0000000E+00
4.6988253E+14	3.0232055E+34	2.6828696E-01	7.6745929E-02	3.5840819E-02	8.8741318E-01	1.1258677E-01	0.0000000E+00	0.0000000E+00	0.0000000E+00	0.0000000E+00	0.0000000E+00	0.0000000E+00	4.9243538E-01	6.0258554E-01	0.0000000E+00	0.0000000E+00	0.0000000E+00	0.0000000E+00	0.0000000E+00	0.0000000E+00
4.6577486E+14	2.9498804E+34	2.6609652E-01	7.6483996E-02	3.5443378E-02	8.8807255E-01	1.1192739E-01	0.0000000E+00	0.0000000E+00	0.0000000E+00	0.0000000E+00	0.0000000E+00	0.0000000E+00	4.9447414E-01	6.0389939E-01	0.0000000E+00	0.0000000E+00	0.0000000E+00	0.0000000E+00	0.0000000E+00	0.0000000E+00
4.6169690E+14	2.8780742E+34	2.6391839E-01	7.6220698E-02	3.5044572E-02	8.8873466E-01	1.1126529E-01	0.0000000E+00	0.0000000E+00	0.0000000E+00	0.0000000E+00	0.0000000E+00	0.0000000E+00	4.9652942E-01	6.0523133E-01	0.0000000E+00	0.0000000E+00	0.0000000E+00	0.0000000E+00	0.0000000E+00	0.0000000E+00
4.5764846E+14	2.8077661E+34	2.6175257E-01	7.5956054E-02	3.4644435E-02	8.8939944E-01	1.1060051E-01	0.0000000E+00	0.0000000E+00	0.0000000E+00	0.0000000E+00	0.0000000E+00	0.0000000E+00	4.9860095E-01	6.0658119E-01	0.0000000E+00	0.0000000E+00	0.0000000E+00	0.0000000E+00	0.0000000E+00	0.0000000E+00
4.5362936E+14	2.7389349E+34	2.5959904E-01	7.5690084E-02	3.4243000E-02	8.9006684E-01	1.0993310E-01	0.0000000E+00	0.0000000E+00	0.0000000E+00	0.0000000E+00	0.0000000E+00	0.0000000E+00	5.0068845E-01	6.0794860E-01	0.0000000E+00	0.0000000E+00	0.0000000E+00	0.0000000E+00	0.0000000E+00	0.0000000E+00
4.4963941E+14	2.6715598E+34	2.5745778E-01	7.5422808E-02	3.3840302E-02	8.9073681E-01	1.0926313E-01	0.0000000E+00	0.0000000E+00	0.0000000E+00	0.0000000E+00	0.0000000E+00	0.0000000E+00	5.0279164E-01	6.0933338E-01	0.0000000E+00	0.0000000E+00	0.0000000E+00	0.0000000E+00	0.0000000E+00	0.0000000E+00
4.4567842E+14	2.6056196E+34	2.5532877E-01	7.5154244E-02	3.3436374E-02	8.9140930E-01	1.0859064E-01	0.0000000E+00	0.0000000E+00	0.0000000E+00	0.0000000E+00	0.0000000E+00	0.0000000E+00	5.0491028E-01	6.1073535E-01	0.0000000E+00	0.0000000E+00	0.0000000E+00	0.0000000E+00	0.0000000E+00	0.0000000E+00
4.4174621E+14	2.5410931E+34	2.5321199E-01	7.4884408E-02	3.3031251E-02	8.9208426E-01	1.0791568E-01	0.0000000E+00	0.0000000E+00	0.0000000E+00	0.0000000E+00	0.0000000E+00	0.0000000E+00	5.0704409E-01	6.1215433E-01	0.0000000E+00	0.0000000E+00	0.0000000E+00	0.0000000E+00	0.0000000E+00	0.0000000E+00
4.3784258E+14	2.4779593E+34	2.5110742E-01	7.4613318E-02	3.2624967E-02	8.9276163E-01	1.0723831E-01	0.0000000E+00	0.0000000E+00	0.0000000E+00	0.0000000E+00	0.0000000E+00	0.0000000E+00	5.0919280E-01	6.1359014E-01	0.0000000E+00	0.0000000E+00	0.0000000E+00	0.0000000E+00	0.0000000E+00	0.0000000E+00
4.3396736E+14	2.4161969E+34	2.4901504E-01	7.4340989E-02	3.2217555E-02	8.9344137E-01	1.0655857E-01	0.0000000E+00	0.0000000E+00	0.0000000E+00	0.0000000E+00	0.0000000E+00	0.0000000E+00	5.1135613E-01	6.1504256E-01	0.0000000E+00	0.0000000E+00	0.0000000E+00	0.0000000E+00	0.0000000E+00	0.0000000E+00
4.3012035E+14	2.3557848E+34	2.4693483E-01	7.4067437E-02	3.1809048E-02	8.9412343E-01	1.0587651E-01	0.0000000E+00	0.0000000E+00	0.0000000E+00	0.0000000E+00	0.0000000E+00	0.0000000E+00	5.1353380E-01	6.1651155E-01	0.0000000E+00	0.0000000E+00	0.0000000E+00	0.0000000E+00	0.0000000E+00	0.0000000E+00
4.2630137E+14	2.2967018E+34	2.4486677E-01	7.3792675E-02	3.1399479E-02	8.9480776E-01	1.0519218E-01	0.0000000E+00	0.0000000E+00	0.0000000E+00	0.0000000E+00	0.0000000E+00	0.0000000E+00	5.1572550E-01	6.1799676E-01	0.0000000E+00	0.0000000E+00	0.0000000E+00	0.0000000E+00	0.0000000E+00	0.0000000E+00
4.2251023E+14	2.2389268E+34	2.4281083E-01	7.3516715E-02	3.0988882E-02	8.9549431E-01	1.0450562E-01	0.0000000E+00	0.0000000E+00	0.0000000E+00	0.0000000E+00	0.0000000E+00	0.0000000E+00	5.1793096E-01	6.1949792E-01	0.0000000E+00	0.0000000E+00	0.0000000E+00	0.0000000E+00	0.0000000E+00	0.0000000E+00
4.1874674E+14	2.1824386E+34	2.4076698E-01	7.3239570E-02	3.0577290E-02	8.9618305E-01	1.0381689E-01	0.0000000E+00	0.0000000E+00	0.0000000E+00	0.0000000E+00	0.0000000E+00	0.0000000E+00	5.2014986E-01	6.2101483E-01	0.0000000E+00	0.0000000E+00	0.0000000E+00	0.0000000E+00	0.0000000E+00	0.0000000E+00
4.1501073E+14	2.1272162E+34	2.3873521E-01	7.2961250E-02	3.0164736E-02	8.9687392E-01	1.0312601E-01	0.0000000E+00	0.0000000E+00	0.0000000E+00	0.0000000E+00	0.0000000E+00	0.0000000E+00	5.2238194E-01	6.2254727E-01	0.0000000E+00	0.0000000E+00	0.0000000E+00	0.0000000E+00	0.0000000E+00	0.0000000E+00
4.1130201E+14	2.0732386E+34	2.3671548E-01	7.2681766E-02	2.9751252E-02	8.9756688E-01	1.0243305E-01	0.0000000E+00	0.0000000E+00	0.0000000E+00	0.0000000E+00	0.0000000E+00	0.0000000E+00	5.2462687E-01	6.2409499E-01	0.0000000E+00	0.0000000E+00	0.0000000E+00	0.0000000E+00	0.0000000E+00	0.0000000E+00
4.0762040E+14	2.0204848E+34	2.3470778E-01	7.2401125E-02	2.9336871E-02	8.9826190E-01	1.0173803E-01	0.0000000E+00	0.0000000E+00	0.0000000E+00	0.0000000E+00	0.0000000E+00	0.0000000E+00	5.2688437E-01	6.2565776E-01	0.0000000E+00	0.0000000E+00	0.0000000E+00	0.0000000E+00	0.0000000E+00	0.0000000E+00
4.0396570E+14	1.9689340E+34	2.3271206E-01	7.2119337E-02	2.8921627E-02	8.9895893E-01	1.0104099E-01	0.0000000E+00	0.0000000E+00	0.0000000E+00	0.0000000E+00	0.0000000E+00	0.0000000E+00	5.2915411E-01	6.2723535E-01	0.0000000E+00	0.0000000E+00	0.0000000E+00	0.0000000E+00	0.0000000E+00	0.0000000E+00
4.0033774E+14	1.9185653E+34	2.3072830E-01	7.1836406E-02	2.8505551E-02	8.9965794E-01	1.0034199E-01	0.0000000E+00	0.0000000E+00	0.0000000E+00	0.0000000E+00	0.0000000E+00	0.0000000E+00	5.3143581E-01	6.2882750E-01	0.0000000E+00	0.0000000E+00	0.0000000E+00	0.0000000E+00	0.0000000E+00	0.0000000E+00
3.9673634E+14	1.8693581E+34	2.2875648E-01	7.1552339E-02	2.8088676E-02	9.0035888E-01	9.9641048E-02	0.0000000E+00	0.0000000E+00	0.0000000E+00	0.0000000E+00	0.0000000E+00	0.0000000E+00	5.3372915E-01	6.3043397E-01	0.0000000E+00	0.0000000E+00	0.0000000E+00	0.0000000E+00	0.0000000E+00	0.0000000E+00
3.9316132E+14	1.8212919E+34	2.2679656E-01	7.1267141E-02	2.7671036E-02	9.0106171E-01	9.8938210E-02	0.0000000E+00	0.0000000E+00	0.0000000E+00	0.0000000E+00	0.0000000E+00	0.0000000E+00	5.3603382E-01	6.3205451E-01	0.0000000E+00	0.0000000E+00	0.0000000E+00	0.0000000E+00	0.0000000E+00	0.0000000E+00
3.8961249E+14	1.7743461E+34	2.2484851E-01	7.0980813E-02	2.7252662E-02	9.0176641E-01	9.8233511E-02	0.0000000E+00	0.0000000E+00	0.0000000E+00	0.0000000E+00	0.0000000E+00	0.0000000E+00	5.3834951E-01	6.3368886E-01	0.0000000E+00	0.0000000E+00	0.0000000E+00	0.0000000E+00	0.0000000E+00	0.0000000E+00
3.8608969E+14	1.7285005E+34	2.2291230E-01	7.0693359E-02	2.6833589E-02	9.0247294E-01	9.7526984E-02	0.0000000E+00	0.0000000E+00	0.0000000E+00	0.0000000E+00	0.0000000E+00	0.0000000E+00	5.4067593E-01	6.3533675E-01	0.0000000E+00	0.0000000E+00	0.0000000E+00	0.0000000E+00	0.0000000E+00	0.0000000E+00
3.8259271E+14	1.6837348E+34	2.2098791E-01	7.0404778E-02	2.6413850E-02	9.0318125E-01	9.6818666E-02	0.0000000E+00	0.0000000E+00	0.0000000E+00	0.0000000E+00	0.0000000E+00	0.0000000E+00	5.4301274E-01	6.3699793E-01	0.0000000E+00	0.0000000E+00	0.0000000E+00	0.0000000E+00	0.0000000E+00	0.0000000E+00
3.7912141E+14	1.6400289E+34	2.1907529E-01	7.0115072E-02	2.5993477E-02	9.0389133E-01	9.6108588E-02	0.0000000E+00	0.0000000E+00	0.0000000E+00	0.0000000E+00	0.0000000E+00	0.0000000E+00	5.4535953E-01	6.3867224E-01	0.0000000E+00	0.0000000E+00	0.0000000E+00	0.0000000E+00	0.0000000E+00	0.0000000E+00
3.7567558E+14	1.5973630E+34	2.1717442E-01	6.9824238E-02	2.5572506E-02	9.0460313E-01	9.5396784E-02	0.0000000E+00	0.0000000E+00	0.0000000E+00	0.0000000E+00	0.0000000E+00	0.0000000E+00	5.4771606E-01	6.4035930E-01	0.0000000E+00	0.0000000E+00	0.0000000E+00	0.0000000E+00	0.0000000E+00	0.0000000E+00
3.7225507E+14	1.5557174E+34	2.1528525E-01	6.9532274E-02	2.5150970E-02	9.0531663E-01	9.4683286E-02	0.0000000E+00	0.0000000E+00	0.0000000E+00	0.0000000E+00	0.0000000E+00	0.0000000E+00	5.5008202E-01	6.4205885E-01	0.0000000E+00	0.0000000E+00	0.0000000E+00	0.0000000E+00	0.0000000E+00	0.0000000E+00
3.6885969E+14	1.5150724E+34	2.1340777E-01	6.9239176E-02	2.4728904E-02	9.0603179E-01	9.3968123E-02	0.0000000E+00	0.0000000E+00	0.0000000E+00	0.0000000E+00	0.0000000E+00	0.0000000E+00	5.5245713E-01	6.4377062E-01	0.0000000E+00	0.0000000E+00	0.0000000E+00	0.0000000E+00	0.0000000E+00	0.0000000E+00
3.6548928E+14	1.4754086E+34	2.1154193E-01	6.8944940E-02	2.4306344E-02	9.0674859E-01	9.3251328E-02	0.0000000E+00	0.0000000E+00	0.0000000E+00	0.0000000E+00	0.0000000E+00	0.0000000E+00	5.5484107E-01	6.4549433E-01	0.0000000E+00	0.0000000E+00	0.0000000E+00	0.0000000E+00	0.0000000E+00	0.0000000E+00
3.6214365E+14	1.4367069E+34	2.0968770E-01	6.8649560E-02	2.3883325E-02	9.0746698E-01	9.2532930E-02	0.0000000E+00	0.0000000E+00	0.0000000E+00	0.0000000E+00	0.0000000E+00	0.0000000E+00	5.5723355E-01	6.4722971E-01	0.0000000E+00	0.0000000E+00	0.0000000E+00	0.0000000E+00	0.0000000E+00	0.0000000E+00
3.5882265E+14	1.3989481E+34	2.0784504E-01	6.8353028E-02	2.3459884E-02	9.0818695E-01	9.1812959E-02	0.0000000E+00	0.0000000E+00	0.0000000E+00	0.0000000E+00	0.0000000E+00	0.0000000E+00	5.5963428E-01	6.4897649E-01	0.0000000E+00	0.0000000E+00	0.0000000E+00	0.0000000E+00	0.0000000E+00	0.0000000E+00
3.5552610E+14	1.3621135E+34	2.0601392E-01	6.8055337E-02	2.3036058E-02	9.0890847E-01	9.1091444E-02	0.0000000E+00	0.0000000E+00	0.0000000E+00	0.0000000E+00	0.0000000E+00	0.0000000E+00	5.6204292E-01	6.5073440E-01	0.0000000E+00	0.0000000E+00	0.0000000E+00	0.0000000E+00	0.0000000E+00	0.0000000E+00
3.5225384E+14	1.3261844E+34	2.0419431E-01	6.7756478E-02	2.2611887E-02	9.0963149E-01	9.0368415E-02	0.0000000E+00	0.0000000E+00	0.0000000E+00	0.0000000E+00	0.0000000E+00	0.0000000E+00	5.6445876E-01	6.5250324E-01	0.0000000E+00	0.0000000E+00	0.0000000E+00	0.0000000E+00	0.0000000E+00	0.0000000E+00
3.4900569E+14	1.2911423E+34	2.0238616E-01	6.7456439E-02	2.2187408E-02	9.1035601E-01	8.9643900E-02	0.0000000E+00	0.0000000E+00	0.0000000E+00	0.0000000E+00	0.0000000E+00	0.0000000E+00	5.6688190E-01	6.5428262E-01	0.0000000E+00	0.0000000E+00	0.0000000E+00	0.0000000E+00	0.0000000E+00	0.0000000E+00
3.4578150E+14	1.2569690E+34	2.0058945E-01	6.7155211E-02	2.1762664E-02	9.1108198E-01	8.8917929E-02	0.0000000E+00	0.0000000E+00	0.0000000E+00	0.0000000E+00	0.0000000E+00	0.0000000E+00	5.6931207E-01	6.5607229E-01	0.0000000E+00	0.0000000E+00	0.0000000E+00	0.0000000E+00	0.0000000E+00	0.0000000E+00
3.4258111E+14	1.2236465E+34	1.9880413E-01	6.6852781E-02	2.1337695E-02	9.1180937E-01	8.8190532E-02	0.0000000E+00	0.0000000E+00	0.0000000E+00	0.0000000E+00	0.0000000E+00	0.0000000E+00	5.7174899E-01	6.5787197E-01	0.0000000E+00	0.0000000E+00	0.0000000E+00	0.0000000E+00	0.0000000E+00	0.0000000E+00
3.3940434E+14	1.1911570E+34	1.9703017E-01	6.6549136E-02	2.0912545E-02	9.1253817E-01	8.7461738E-02	0.0000000E+00	0.0000000E+00	0.0000000E+00	0.0000000E+00	0.0000000E+00	0.0000000E+00	5.7419228E-01	6.5968140E-01	0.0000000E+00	0.0000000E+00	0.0000000E+00	0.0000000E+00	0.0000000E+00	0.0000000E+00
3.3625104E+14	1.1594828E+34	1.9526753E-01	6.6244261E-02	2.0487257E-02	9.1326832E-01	8.6731578E-02	0.0000000E+00	0.0000000E+00	0.0000000E+00	0.0000000E+00	0.0000000E+00	0.0000000E+00	5.7664106E-01	6.6150026E-01	0.0000000E+00	0.0000000E+00	0.0000000E+00	0.0000000E+00	0.0000000E+00	0.0000000E+00
3.3312105E+14	1.1286067E+34	1.9351618E-01	6.5938141E-02	2.0061879E-02	9.1399982E-01	8.6000082E-02	0.0000000E+00	0.0000000E+00	0.0000000E+00	0.0000000E+00	0.0000000E+00	0.0000000E+00	5.7909570E-01	6.6332830E-01	0.0000000E+00	0.0000000E+00	0.0000000E+00	0.0000000E+00	0.0000000E+00	0.0000000E+00
3.3001422E+14	1.0985114E+34	1.9177608E-01	6.5630760E-02	1.9636457E-02	9.1473262E-01	8.5267282E-02	0.0000000E+00	0.0000000E+00	0.0000000E+00	0.0000000E+00	0.0000000E+00	0.0000000E+00	5.8155594E-01	6.6516524E-01	0.0000000E+00	0.0000000E+00	0.0000000E+00	0.0000000E+00	0.0000000E+00	0.0000000E+00
3.2693039E+14	1.0691801E+34	1.9004719E-01	6.5322102E-02	1.9211042E-02	9.1546669E-01	8.4533210E-02	0.0000000E+00	0.0000000E+00	0.0000000E+00	0.0000000E+00	0.0000000E+00	0.0000000E+00	5.8402138E-01	6.6701082E-01	0.0000000E+00	0.0000000E+00	0.0000000E+00	0.0000000E+00	0.0000000E+00	0.0000000E+00
3.2386941E+14	1.0405961E+34	1.8832948E-01	6.5012148E-02	1.8785686E-02	9.1620200E-01	8.3797902E-02	0.0000000E+00	0.0000000E+00	0.0000000E+00	0.0000000E+00	0.0000000E+00	0.0000000E+00	5.8649094E-01	6.6886462E-01	0.0000000E+00	0.0000000E+00	0.0000000E+00	0.0000000E+00	0.0000000E+00	0.0000000E+00
3.2083112E+14	1.0127429E+34	1.8662291E-01	6.4700879E-02	1.8360441E-02	9.1693851E-01	8.3061391E-02	0.0000000E+00	0.0000000E+00	0.0000000E+00	0.0000000E+00	0.0000000E+00	0.0000000E+00	5.8896530E-01	6.7072650E-01	0.0000000E+00	0.0000000E+00	0.0000000E+00	0.0000000E+00	0.0000000E+00	0.0000000E+00
3.1781538E+14	9.8560436E+33	1.8492745E-01	6.4388277E-02	1.7935365E-02	9.1767618E-01	8.2323715E-02	0.0000000E+00	0.0000000E+00	0.0000000E+00	0.0000000E+00	0.0000000E+00	0.0000000E+00	5.9144422E-01	6.7259622E-01	0.0000000E+00	0.0000000E+00	0.0000000E+00	0.0000000E+00	0.0000000E+00	0.0000000E+00
3.1482204E+14	9.5916443E+33	1.8324305E-01	6.4074320E-02	1.7510516E-02	9.1841498E-01	8.1584911E-02	0.0000000E+00	0.0000000E+00	0.0000000E+00	0.0000000E+00	0.0000000E+00	0.0000000E+00	5.9392637E-01	6.7447328E-01	0.0000000E+00	0.0000000E+00	0.0000000E+00	0.0000000E+00	0.0000000E+00	0.0000000E+00
3.1185096E+14	9.3340741E+33	1.8156968E-01	6.3758987E-02	1.7085956E-02	9.1915487E-01	8.0845021E-02	0.0000000E+00	0.0000000E+00	0.0000000E+00	0.0000000E+00	0.0000000E+00	0.0000000E+00	5.9641219E-01	6.7635755E-01	0.0000000E+00	0.0000000E+00	0.0000000E+00	0.0000000E+00	0.0000000E+00	0.0000000E+00
3.0890198E+14	9.0831780E+33	1.7990730E-01	6.3442257E-02	1.6661748E-02	9.1989581E-01	8.0104085E-02	0.0000000E+00	0.0000000E+00	0.0000000E+00	0.0000000E+00	0.0000000E+00	0.0000000E+00	5.9890182E-01	6.7824885E-01	0.0000000E+00	0.0000000E+00	0.0000000E+00	0.0000000E+00	0.0000000E+00	0.0000000E+00
3.0597498E+14	8.8388035E+33	1.7825589E-01	6.3124106E-02	1.6237960E-02	9.2063774E-01	7.9362150E-02	0.0000000E+00	0.0000000E+00	0.0000000E+00	0.0000000E+00	0.0000000E+00	0.0000000E+00	6.0139377E-01	6.8014661E-01	0.0000000E+00	0.0000000E+00	0.0000000E+00	0.0000000E+00	0.0000000E+00	0.0000000E+00
3.0306980E+14	8.6008004E+33	1.7661539E-01	6.2804512E-02	1.5814664E-02	9.2138063E-01	7.8619262E-02	0.0000000E+00	0.0000000E+00	0.0000000E+00	0.0000000E+00	0.0000000E+00	0.0000000E+00	6.0388853E-01	6.8205073E-01	0.0000000E+00	0.0000000E+00	0.0000000E+00	0.0000000E+00	0.0000000E+00	0.0000000E+00
3.0018632E+14	8.3690208E+33	1.7498579E-01	6.2483450E-02	1.5391932E-02	9.2212442E-01	7.7875471E-02	0.0000000E+00	0.0000000E+00	0.0000000E+00	0.0000000E+00	0.0000000E+00	0.0000000E+00	6.0638645E-01	6.8396114E-01	0.0000000E+00	0.0000000E+00	0.0000000E+00	0.0000000E+00	0.0000000E+00	0.0000000E+00
2.9732439E+14	8.1433196E+33	1.7336703E-01	6.2160895E-02	1.4969844E-02	9.2286906E-01	7.7130831E-02	0.0000000E+00	0.0000000E+00	0.0000000E+00	0.0000000E+00	0.0000000E+00	0.0000000E+00	6.0888524E-01	6.8587693E-01	0.0000000E+00	0.0000000E+00	0.0000000E+00	0.0000000E+00	0.0000000E+00	0.0000000E+00
2.9448388E+14	7.9235536E+33	1.7175909E-01	6.1836822E-02	1.4548481E-02	9.2361449E-01	7.6385399E-02	0.0000000E+00	0.0000000E+00	0.0000000E+00	0.0000000E+00	0.0000000E+00	0.0000000E+00	6.1138660E-01	6.8779846E-01	0.0000000E+00	0.0000000E+00	0.0000000E+00	0.0000000E+00	0.0000000E+00	0.0000000E+00
2.9166466E+14	7.7095824E+33	1.7016194E-01	6.1511205E-02	1.4127929E-02	9.2436065E-01	7.5639233E-02	0.0000000E+00	0.0000000E+00	0.0000000E+00	0.0000000E+00	0.0000000E+00	0.0000000E+00	6.1388953E-01	6.8972520E-01	0.0000000E+00	0.0000000E+00	0.0000000E+00	0.0000000E+00	0.0000000E+00	0.0000000E+00
2.8886661E+14	7.5012678E+33	1.6857553E-01	6.1184017E-02	1.3708280E-02	9.2510749E-01	7.4892400E-02	0.0000000E+00	0.0000000E+00	0.0000000E+00	0.0000000E+00	0.0000000E+00	0.0000000E+00	6.1639324E-01	6.9165669E-01	0.0000000E+00	0.0000000E+00	0.0000000E+00	0.0000000E+00	0.0000000E+00	0.0000000E+00
2.8608959E+14	7.2984741E+33	1.6699984E-01	6.0855231E-02	1.3289629E-02	9.2585492E-01	7.4144966E-02	0.0000000E+00	0.0000000E+00	0.0000000E+00	0.0000000E+00	0.0000000E+00	0.0000000E+00	6.1889906E-01	6.9359326E-01	0.0000000E+00	0.0000000E+00	0.0000000E+00	0.0000000E+00	0.0000000E+00	0.0000000E+00
2.8333347E+14	7.1010679E+33	1.6543482E-01	6.0524818E-02	1.2872077E-02	9.2660288E-01	7.3397005E-02	0.0000000E+00	0.0000000E+00	0.0000000E+00	0.0000000E+00	0.0000000E+00	0.0000000E+00	6.2140400E-01	6.9553360E-01	0.0000000E+00	0.0000000E+00	0.0000000E+00	0.0000000E+00	0.0000000E+00	0.0000000E+00
2.8059815E+14	6.9089182E+33	1.6388045E-01	6.0192750E-02	1.2455731E-02	9.2735129E-01	7.2648595E-02	0.0000000E+00	0.0000000E+00	0.0000000E+00	0.0000000E+00	0.0000000E+00	0.0000000E+00	6.2391067E-01	6.9747853E-01	0.0000000E+00	0.0000000E+00	0.0000000E+00	0.0000000E+00	0.0000000E+00	0.0000000E+00
2.7788349E+14	6.7218963E+33	1.6233670E-01	5.9858997E-02	1.2040702E-02	9.2810006E-01	7.1899818E-02	0.0000000E+00	0.0000000E+00	0.0000000E+00	0.0000000E+00	0.0000000E+00	0.0000000E+00	6.2641663E-01	6.9942692E-01	0.0000000E+00	0.0000000E+00	0.0000000E+00	0.0000000E+00	0.0000000E+00	0.0000000E+00
2.7518938E+14	6.5398759E+33	1.6080353E-01	5.9523531E-02	1.1627111E-02	9.2884912E-01	7.1150764E-02	0.0000000E+00	0.0000000E+00	0.0000000E+00	0.0000000E+00	0.0000000E+00	0.0000000E+00	6.2892313E-01	7.0137910E-01	0.0000000E+00	0.0000000E+00	0.0000000E+00	0.0000000E+00	0.0000000E+00	0.0000000E+00
2.7251570E+14	6.3627330E+33	1.5928091E-01	5.9186319E-02	1.1215082E-02	9.2959835E-01	7.0401528E-02	0.0000000E+00	0.0000000E+00	0.0000000E+00	0.0000000E+00	0.0000000E+00	0.0000000E+00	6.3142888E-01	7.0333439E-01	0.0000000E+00	0.0000000E+00	0.0000000E+00	0.0000000E+00	0.0000000E+00	0.0000000E+00
2.6986234E+14	6.1903459E+33	1.5776881E-01	5.8847331E-02	1.0804748E-02	9.3034767E-01	6.9652211E-02	0.0000000E+00	0.0000000E+00	0.0000000E+00	0.0000000E+00	0.0000000E+00	0.0000000E+00	6.3393425E-01	7.0529276E-01	0.0000000E+00	0.0000000E+00	0.0000000E+00	0.0000000E+00	0.0000000E+00	0.0000000E+00
2.6722918E+14	6.0225953E+33	1.5626720E-01	5.8506535E-02	1.0396250E-02	9.3109696E-01	6.8902922E-02	0.0000000E+00	0.0000000E+00	0.0000000E+00	0.0000000E+00	0.0000000E+00	0.0000000E+00	6.3643859E-01	7.0725378E-01	0.0000000E+00	0.0000000E+00	0.0000000E+00	0.0000000E+00	0.0000000E+00	0.0000000E+00
2.6461613E+14	5.8593639E+33	1.5477605E-01	5.8163898E-02	9.9897362E-03	9.3184610E-01	6.8153776E-02	0.0000000E+00	0.0000000E+00	0.0000000E+00	0.0000000E+00	0.0000000E+00	0.0000000E+00	6.3894194E-01	7.0921730E-01	0.0000000E+00	0.0000000E+00	0.0000000E+00	0.0000000E+00	0.0000000E+00	0.0000000E+00
2.6202306E+14	5.7005369E+33	1.5329533E-01	5.7819386E-02	9.5853641E-03	9.3259498E-01	6.7404897E-02	0.0000000E+00	0.0000000E+00	0.0000000E+00	0.0000000E+00	0.0000000E+00	0.0000000E+00	6.4144367E-01	7.1118289E-01	0.0000000E+00	0.0000000E+00	0.0000000E+00	0.0000000E+00	0.0000000E+00	0.0000000E+00
2.5944989E+14	5.5460017E+33	1.5182502E-01	5.7472965E-02	9.1833011E-03	9.3334346E-01	6.6656419E-02	0.0000000E+00	0.0000000E+00	0.0000000E+00	0.0000000E+00	0.0000000E+00	0.0000000E+00	6.4394414E-01	7.1315054E-01	0.0000000E+00	0.0000000E+00	0.0000000E+00	0.0000000E+00	0.0000000E+00	0.0000000E+00
2.5689650E+14	5.3956477E+33	1.5036507E-01	5.7124599E-02	8.7837245E-03	9.3409140E-01	6.5908483E-02	0.0000000E+00	0.0000000E+00	0.0000000E+00	0.0000000E+00	0.0000000E+00	0.0000000E+00	6.4644209E-01	7.1511950E-01	0.0000000E+00	0.0000000E+00	0.0000000E+00	0.0000000E+00	0.0000000E+00	0.0000000E+00
2.5436280E+14	5.2493666E+33	1.4891548E-01	5.6774253E-02	8.3868229E-03	9.3483864E-01	6.5161241E-02	0.0000000E+00	0.0000000E+00	0.0000000E+00	0.0000000E+00	0.0000000E+00	0.0000000E+00	6.4893892E-01	7.1709033E-01	0.0000000E+00	0.0000000E+00	0.0000000E+00	0.0000000E+00	0.0000000E+00	0.0000000E+00
2.5184869E+14	5.1070522E+33	1.4747620E-01	5.6421888E-02	7.9927965E-03	9.3558502E-01	6.4414857E-02	0.0000000E+00	0.0000000E+00	0.0000000E+00	0.0000000E+00	0.0000000E+00	0.0000000E+00	6.5143192E-01	7.1906149E-01	0.0000000E+00	0.0000000E+00	0.0000000E+00	0.0000000E+00	0.0000000E+00	0.0000000E+00
2.4935409E+14	4.9686006E+33	1.4604723E-01	5.6067467E-02	7.6018590E-03	9.3633038E-01	6.3669505E-02	0.0000000E+00	0.0000000E+00	0.0000000E+00	0.0000000E+00	0.0000000E+00	0.0000000E+00	6.5392397E-01	7.2103433E-01	0.0000000E+00	0.0000000E+00	0.0000000E+00	0.0000000E+00	0.0000000E+00	0.0000000E+00
2.4687889E+14	4.8339096E+33	1.4462852E-01	5.5710947E-02	7.2142378E-03	9.3707451E-01	6.2925371E-02	0.0000000E+00	0.0000000E+00	0.0000000E+00	0.0000000E+00	0.0000000E+00	0.0000000E+00	6.5641132E-01	7.2300673E-01	0.0000000E+00	0.0000000E+00	0.0000000E+00	0.0000000E+00	0.0000000E+00	0.0000000E+00
2.4442302E+14	4.7028793E+33	1.4322007E-01	5.5352289E-02	6.8301756E-03	9.3781722E-01	6.2182658E-02	0.0000000E+00	0.0000000E+00	0.0000000E+00	0.0000000E+00	0.0000000E+00	0.0000000E+00	6.5889671E-01	7.2498001E-01	0.0000000E+00	0.0000000E+00	0.0000000E+00	0.0000000E+00	0.0000000E+00	0.0000000E+00
2.4198638E+14	4.5754119E+33	1.4182185E-01	5.4991447E-02	6.4499321E-03	9.3855830E-01	6.1441581E-02	0.0000000E+00	0.0000000E+00	0.0000000E+00	0.0000000E+00	0.0000000E+00	0.0000000E+00	6.6137855E-01	7.2695316E-01	0.0000000E+00	0.0000000E+00	0.0000000E+00	0.0000000E+00	0.0000000E+00	0.0000000E+00
2.3956891E+14	4.4514113E+33	1.4043383E-01	5.4628376E-02	6.0737854E-03	9.3929751E-01	6.0702373E-02	0.0000000E+00	0.0000000E+00	0.0000000E+00	0.0000000E+00	0.0000000E+00	0.0000000E+00	6.6385618E-01	7.2892568E-01	0.0000000E+00	0.0000000E+00	0.0000000E+00	0.0000000E+00	0.0000000E+00	0.0000000E+00
2.3717052E+14	4.3307836E+33	1.3905600E-01	5.4263029E-02	5.7020337E-03	9.4003460E-01	5.9965283E-02	0.0000000E+00	0.0000000E+00	0.0000000E+00	0.0000000E+00	0.0000000E+00	0.0000000E+00	6.6633144E-01	7.3089845E-01	0.0000000E+00	0.0000000E+00	0.0000000E+00	0.0000000E+00	0.0000000E+00	0.0000000E+00
2.3479113E+14	4.2134366E+33	1.3768835E-01	5.3895353E-02	5.3349977E-03	9.4076930E-01	5.9230581E-02	0.0000000E+00	0.0000000E+00	0.0000000E+00	0.0000000E+00	0.0000000E+00	0.0000000E+00	6.6880079E-01	7.3286933E-01	0.0000000E+00	0.0000000E+00	0.0000000E+00	0.0000000E+00	0.0000000E+00	0.0000000E+00
2.3243069E+14	4.0992801E+33	1.3633086E-01	5.3525295E-02	4.9730232E-03	9.4150132E-01	5.8498560E-02	0.0000000E+00	0.0000000E+00	0.0000000E+00	0.0000000E+00	0.0000000E+00	0.0000000E+00	6.7126663E-01	7.3483953E-01	0.0000000E+00	0.0000000E+00	0.0000000E+00	0.0000000E+00	0.0000000E+00	0.0000000E+00
2.3008913E+14	3.9882255E+33	1.3498350E-01	5.3152797E-02	4.6164838E-03	9.4223035E-01	5.7769534E-02	0.0000000E+00	0.0000000E+00	0.0000000E+00	0.0000000E+00	0.0000000E+00	0.0000000E+00	6.7372908E-01	7.3680901E-01	0.0000000E+00	0.0000000E+00	0.0000000E+00	0.0000000E+00	0.0000000E+00	0.0000000E+00
2.2776638E+14	3.8801862E+33	1.3364629E-01	5.2777797E-02	4.2657846E-03	9.4295604E-01	5.7043847E-02	0.0000000E+00	0.0000000E+00	0.0000000E+00	0.0000000E+00	0.0000000E+00	0.0000000E+00	6.7618447E-01	7.3877543E-01	0.0000000E+00	0.0000000E+00	0.0000000E+00	0.0000000E+00	0.0000000E+00	0.0000000E+00
2.2546240E+14	3.7750772E+33	1.3231919E-01	5.2400227E-02	3.9213663E-03	9.4367802E-01	5.6321872E-02	0.0000000E+00	0.0000000E+00	0.0000000E+00	0.0000000E+00	0.0000000E+00	0.0000000E+00	6.7863607E-01	7.4074061E-01	0.0000000E+00	0.0000000E+00	0.0000000E+00	0.0000000E+00	0.0000000E+00	0.0000000E+00
2.2317714E+14	3.6728150E+33	1.3100222E-01	5.2020013E-02	3.5837102E-03	9.4439587E-01	5.5604017E-02	0.0000000E+00	0.0000000E+00	0.0000000E+00	0.0000000E+00	0.0000000E+00	0.0000000E+00	6.8108360E-01	7.4270423E-01	0.0000000E+00	0.0000000E+00	0.0000000E+00	0.0000000E+00	0.0000000E+00	0.0000000E+00
2.2091055E+14	3.5733179E+33	1.2969536E-01	5.1637075E-02	3.2533448E-03	9.4510916E-01	5.4890730E-02	0.0000000E+00	0.0000000E+00	0.0000000E+00	0.0000000E+00	0.0000000E+00	0.0000000E+00	6.8352320E-01	7.4466378E-01	0.0000000E+00	0.0000000E+00	0.0000000E+00	0.0000000E+00	0.0000000E+00	0.0000000E+00
2.1866260E+14	3.4765055E+33	1.2839863E-01	5.1251323E-02	2.9308530E-03	9.4581739E-01	5.4182503E-02	0.0000000E+00	0.0000000E+00	0.0000000E+00	0.0000000E+00	0.0000000E+00	0.0000000E+00	6.8595813E-01	7.4662109E-01	0.0000000E+00	0.0000000E+00	0.0000000E+00	0.0000000E+00	0.0000000E+00	0.0000000E+00
2.1643328E+14	3.3822988E+33	1.2711202E-01	5.0862655E-02	2.6168822E-03	9.4652001E-01	5.3479885E-02	0.0000000E+00	0.0000000E+00	0.0000000E+00	0.0000000E+00	0.0000000E+00	0.0000000E+00	6.8838812E-01	7.4857587E-01	0.0000000E+00	0.0000000E+00	0.0000000E+00	0.0000000E+00	0.0000000E+00	0.0000000E+00
2.1422257E+14	3.2906202E+33	1.2583555E-01	5.0470959E-02	2.3121563E-03	9.4721641E-01	5.2783485E-02	0.0000000E+00	0.0000000E+00	0.0000000E+00	0.0000000E+00	0.0000000E+00	0.0000000E+00	6.9081084E-01	7.5052646E-01	0.0000000E+00	0.0000000E+00	0.0000000E+00	0.0000000E+00	0.0000000E+00	0.0000000E+00
2.1203046E+14	3.2013929E+33	1.2456924E-01	5.0076102E-02	2.0174927E-03	9.4790591E-01	5.2093990E-02	0.0000000E+00	0.0000000E+00	0.0000000E+00	0.0000000E+00	0.0000000E+00	0.0000000E+00	6.9322668E-01	7.5247290E-01	0.0000000E+00	0.0000000E+00	0.0000000E+00	0.0000000E+00	0.0000000E+00	0.0000000E+00
2.0985699E+14	3.1145413E+33	1.2331313E-01	4.9677934E-02	1.7338233E-03	9.4858772E-01	5.1412182E-02	0.0000000E+00	0.0000000E+00	0.0000000E+00	0.0000000E+00	0.0000000E+00	0.0000000E+00	6.9563668E-01	7.5441570E-01	0.0000000E+00	0.0000000E+00	0.0000000E+00	0.0000000E+00	0.0000000E+00	0.0000000E+00
2.0770218E+14	3.0299904E+33	1.2206724E-01	4.9276275E-02	1.4622253E-03	9.4926095E-01	5.0738961E-02	0.0000000E+00	0.0000000E+00	0.0000000E+00	0.0000000E+00	0.0000000E+00	0.0000000E+00	6.9804053E-01	7.5635448E-01	0.0000000E+00	0.0000000E+00	0.0000000E+00	0.0000000E+00	0.0000000E+00	0.0000000E+00
2.0556610E+14	2.9476654E+33	1.2083165E-01	4.8870908E-02	1.2039635E-03	9.4992454E-01	5.0075375E-02	0.0000000E+00	0.0000000E+00	0.0000000E+00	0.0000000E+00	0.0000000E+00	0.0000000E+00	7.0043564E-01	7.5828725E-01	0.0000000E+00	0.0000000E+00	0.0000000E+00	0.0000000E+00	0.0000000E+00	0.0000000E+00
2.0344887E+14	2.8674915E+33	1.1960642E-01	4.8461569E-02	9.6055400E-04	9.5057724E-01	4.9422681E-02	0.0000000E+00	0.0000000E+00	0.0000000E+00	0.0000000E+00	0.0000000E+00	0.0000000E+00	7.0282307E-01	7.6021446E-01	0.0000000E+00	0.0000000E+00	0.0000000E+00	0.0000000E+00	0.0000000E+00	0.0000000E+00
2.0135064E+14	2.7893925E+33	1.1839167E-01	4.8047918E-02	7.3386434E-04	9.5121751E-01	4.8782414E-02	0.0000000E+00	0.0000000E+00	0.0000000E+00	0.0000000E+00	0.0000000E+00	0.0000000E+00	7.0520328E-01	7.6213616E-01	0.0000000E+00	0.0000000E+00	0.0000000E+00	0.0000000E+00	0.0000000E+00	0.0000000E+00
1.9927165E+14	2.7132903E+33	1.1718755E-01	4.7629510E-02	5.2628004E-04	9.5184340E-01	4.8156526E-02	0.0000000E+00	0.0000000E+00	0.0000000E+00	0.0000000E+00	0.0000000E+00	0.0000000E+00	7.0757581E-01	7.6405170E-01	0.0000000E+00	0.0000000E+00	0.0000000E+00	0.0000000E+00	0.0000000E+00	0.0000000E+00
1.9721227E+14	2.6391014E+33	1.1599430E-01	4.7205720E-02	3.4101067E-04	9.5245229E-01	4.7547640E-02	0.0000000E+00	0.0000000E+00	0.0000000E+00	0.0000000E+00	0.0000000E+00	0.0000000E+00	7.0994005E-01	7.6596021E-01	0.0000000E+00	0.0000000E+00	0.0000000E+00	0.0000000E+00	0.0000000E+00	0.0000000E+00
1.9517313E+14	2.5667318E+33	1.1481230E-01	4.6775591E-02	1.8270508E-04	9.5304034E-01	4.6959597E-02	0.0000000E+00	0.0000000E+00	0.0000000E+00	0.0000000E+00	0.0000000E+00	0.0000000E+00	7.1229297E-01	7.6785872E-01	0.0000000E+00	0.0000000E+00	0.0000000E+00	0.0000000E+00	0.0000000E+00	0.0000000E+00
1.9315549E+14	2.4960592E+33	1.1364229E-01	4.6337367E-02	0.0000000E+00	9.5360083E-01	4.6399124E-02	0.0000000E+00	0.0000000E+00	0.0000000E+00	0.0000000E+00	0.0000000E+00	0.0000000E+00	7.1463608E-01	7.6974715E-01	0.0000000E+00	0.0000000E+00	0.0000000E+00	0.0000000E+00	0.0000000E+00	0.0000000E+00
1.9116409E+14	2.4267995E+33	1.1248704E-01	4.5885829E-02	0.0000000E+00	9.5411413E-01	4.5885829E-02	0.0000000E+00	0.0000000E+00	0.0000000E+00	0.0000000E+00	0.0000000E+00	0.0000000E+00	7.1696541E-01	7.7161960E-01	0.0000000E+00	0.0000000E+00	0.0000000E+00	0.0000000E+00	0.0000000E+00	0.0000000E+00
1.8919512E+14	2.3590586E+33	1.1134435E-01	4.5420195E-02	0.0000000E+00	9.5457977E-01	4.5420195E-02	0.0000000E+00	0.0000000E+00	0.0000000E+00	0.0000000E+00	0.0000000E+00	0.0000000E+00	7.1928353E-01	7.7348005E-01	0.0000000E+00	0.0000000E+00	0.0000000E+00	0.0000000E+00	0.0000000E+00	0.0000000E+00
1.8724112E+14	2.2931239E+33	1.1020990E-01	4.4955374E-02	0.0000000E+00	9.5504459E-01	4.4955374E-02	0.0000000E+00	0.0000000E+00	0.0000000E+00	0.0000000E+00	0.0000000E+00	0.0000000E+00	7.2159546E-01	7.7533715E-01	0.0000000E+00	0.0000000E+00	0.0000000E+00	0.0000000E+00	0.0000000E+00	0.0000000E+00
1.8530199E+14	2.2289486E+33	1.0908367E-01	4.4491406E-02	0.0000000E+00	9.5550856E-01	4.4491406E-02	0.0000000E+00	0.0000000E+00	0.0000000E+00	0.0000000E+00	0.0000000E+00	0.0000000E+00	7.2390077E-01	7.7719088E-01	0.0000000E+00	0.0000000E+00	0.0000000E+00	0.0000000E+00	0.0000000E+00	0.0000000E+00
1.8337767E+14	2.1664869E+33	1.0796561E-01	4.4028330E-02	0.0000000E+00	9.5597164E-01	4.4028330E-02	0.0000000E+00	0.0000000E+00	0.0000000E+00	0.0000000E+00	0.0000000E+00	0.0000000E+00	7.2619869E-01	7.7904067E-01	0.0000000E+00	0.0000000E+00	0.0000000E+00	0.0000000E+00	0.0000000E+00	0.0000000E+00
1.8146808E+14	2.1056942E+33	1.0685569E-01	4.3566188E-02	0.0000000E+00	9.5643378E-01	4.3566188E-02	0.0000000E+00	0.0000000E+00	0.0000000E+00	0.0000000E+00	0.0000000E+00	0.0000000E+00	7.2848835E-01	7.8088586E-01	0.0000000E+00	0.0000000E+00	0.0000000E+00	0.0000000E+00	0.0000000E+00	0.0000000E+00
1.7957312E+14	2.0465269E+33	1.0575389E-01	4.3105020E-02	0.0000000E+00	9.5689495E-01	4.3105020E-02	0.0000000E+00	0.0000000E+00	0.0000000E+00	0.0000000E+00	0.0000000E+00	0.0000000E+00	7.3077097E-01	7.8272719E-01	0.0000000E+00	0.0000000E+00	0.0000000E+00	0.0000000E+00	0.0000000E+00	0.0000000E+00
1.7769273E+14	1.9889428E+33	1.0466017E-01	4.2644870E-02	0.0000000E+00	9.5735510E-01	4.2644870E-02	0.0000000E+00	0.0000000E+00	0.0000000E+00	0.0000000E+00	0.0000000E+00	0.0000000E+00	7.3304643E-01	7.8456450E-01	0.0000000E+00	0.0000000E+00	0.0000000E+00	0.0000000E+00	0.0000000E+00	0.0000000E+00
1.7582682E+14	1.9329004E+33	1.0357449E-01	4.2185781E-02	0.0000000E+00	9.5781419E-01	4.2185781E-02	0.0000000E+00	0.0000000E+00	0.0000000E+00	0.0000000E+00	0.0000000E+00	0.0000000E+00	7.3531457E-01	7.8639764E-01	0.0000000E+00	0.0000000E+00	0.0000000E+00	0.0000000E+00	0.0000000E+00	0.0000000E+00
1.7397532E+14	1.8783597E+33	1.0249682E-01	4.1727795E-02	0.0000000E+00	9.5827217E-01	4.1727795E-02	0.0000000E+00	0.0000000E+00	0.0000000E+00	0.0000000E+00	0.0000000E+00	0.0000000E+00	7.3757525E-01	7.8822643E-01	0.0000000E+00	0.0000000E+00	0.0000000E+00	0.0000000E+00	0.0000000E+00	0.0000000E+00
1.7213815E+14	1.8252812E+33	1.0142712E-01	4.1270957E-02	0.0000000E+00	9.5872901E-01	4.1270957E-02	0.0000000E+00	0.0000000E+00	0.0000000E+00	0.0000000E+00	0.0000000E+00	0.0000000E+00	7.3982834E-01	7.9005073E-01	0.0000000E+00	0.0000000E+00	0.0000000E+00	0.0000000E+00	0.0000000E+00	0.0000000E+00
1.7031523E+14	1.7736270E+33	1.0036537E-01	4.0815311E-02	0.0000000E+00	9.5918466E-01	4.0815311E-02	0.0000000E+00	0.0000000E+00	0.0000000E+00	0.0000000E+00	0.0000000E+00	0.0000000E+00	7.4207368E-01	7.9187038E-01	0.0000000E+00	0.0000000E+00	0.0000000E+00	0.0000000E+00	0.0000000E+00	0.0000000E+00
1.6850649E+14	1.7233596E+33	9.9311532E-02	4.0360903E-02	0.0000000E+00	9.5963907E-01	4.0360903E-02	0.0000000E+00	0.0000000E+00	0.0000000E+00	0.0000000E+00	0.0000000E+00	0.0000000E+00	7.4431116E-01	7.9368525E-01	0.0000000E+00	0.0000000E+00	0.0000000E+00	0.0000000E+00	0.0000000E+00	0.0000000E+00
1.6671185E+14	1.6744430E+33	9.8265569E-02	3.9907778E-02	0.0000000E+00	9.6009219E-01	3.9907778E-02	0.0000000E+00	0.0000000E+00	0.0000000E+00	0.0000000E+00	0.0000000E+00	0.0000000E+00	7.4654066E-01	7.9549517E-01	0.0000000E+00	0.0000000E+00	0.0000000E+00	0.0000000E+00	0.0000000E+00	0.0000000E+00
1.6493123E+14	1.6268418E+33	9.7227449E-02	3.9455983E-02	0.0000000E+00	9.6054399E-01	3.9455983E-02	0.0000000E+00	0.0000000E+00	0.0000000E+00	0.0000000E+00	0.0000000E+00	0.0000000E+00	7.4876204E-01	7.9730001E-01	0.0000000E+00	0.0000000E+00	0.0000000E+00	0.0000000E+00	0.0000000E+00	0.0000000E+00
1.6316456E+14	1.5805216E+33	9.6197139E-02	3.9005563E-02	0.0000000E+00	9.6099441E-01	3.9005563E-02	0.0000000E+00	0.0000000E+00	0.0000000E+00	0.0000000E+00	0.0000000E+00	0.0000000E+00	7.5097520E-01	7.9909963E-01	0.0000000E+00	0.0000000E+00	0.0000000E+00	0.0000000E+00	0.0000000E+00	0.0000000E+00
1.6141177E+14	1.5354490E+33	9.5174605E-02	3.8556566E-02	0.0000000E+00	9.6144341E-01	3.8556566E-02	0.0000000E+00	0.0000000E+00	0.0000000E+00	0.0000000E+00	0.0000000E+00	0.0000000E+00	7.5318001E-01	8.0089389E-01	0.0000000E+00	0.0000000E+00	0.0000000E+00	0.0000000E+00	0.0000000E+00	0.0000000E+00
1.5967278E+14	1.4915914E+33	9.4159814E-02	3.8109038E-02	0.0000000E+00	9.6189093E-01	3.8109038E-02	0.0000000E+00	0.0000000E+00	0.0000000E+00	0.0000000E+00	0.0000000E+00	0.0000000E+00	7.5537638E-01	8.0268267E-01	0.0000000E+00	0.0000000E+00	0.0000000E+00	0.0000000E+00	0.0000000E+00	0.0000000E+00
1.5794751E+14	1.4489169E+33	9.3152731E-02	3.7663027E-02	0.0000000E+00	9.6233694E-01	3.7663027E-02	0.0000000E+00	0.0000000E+00	0.0000000E+00	0.0000000E+00	0.0000000E+00	0.0000000E+00	7.5756419E-01	8.0446583E-01	0.0000000E+00	0.0000000E+00	0.0000000E+00	0.0000000E+00	0.0000000E+00	0.0000000E+00
1.5623589E+14	1.4073947E+33	9.2153325E-02	3.7218581E-02	0.0000000E+00	9.6278139E-01	3.7218581E-02	0.0000000E+00	0.0000000E+00	0.0000000E+00	0.0000000E+00	0.0000000E+00	0.0000000E+00	7.5974336E-01	8.0624326E-01	0.0000000E+00	0.0000000E+00	0.0000000E+00	0.0000000E+00	0.0000000E+00	0.0000000E+00
1.5453785E+14	1.3669948E+33	9.1161559E-02	3.6775747E-02	0.0000000E+00	9.6322423E-01	3.6775747E-02	0.0000000E+00	0.0000000E+00	0.0000000E+00	0.0000000E+00	0.0000000E+00	0.0000000E+00	7.6191378E-01	8.0801483E-01	0.0000000E+00	0.0000000E+00	0.0000000E+00	0.0000000E+00	0.0000000E+00	0.0000000E+00
1.5285332E+14	1.3276878E+33	9.0177402E-02	3.6334573E-02	0.0000000E+00	9.6366540E-01	3.6334573E-02	0.0000000E+00	0.0000000E+00	0.0000000E+00	0.0000000E+00	0.0000000E+00	0.0000000E+00	7.6407538E-01	8.0978044E-01	0.0000000E+00	0.0000000E+00	0.0000000E+00	0.0000000E+00	0.0000000E+00	0.0000000E+00
1.5118222E+14	1.2894451E+33	8.9200819E-02	3.5895107E-02	0.0000000E+00	9.6410487E-01	3.5895107E-02	0.0000000E+00	0.0000000E+00	0.0000000E+00	0.0000000E+00	0.0000000E+00	0.0000000E+00	7.6622808E-01	8.1153998E-01	0.0000000E+00	0.0000000E+00	0.0000000E+00	0.0000000E+00	0.0000000E+00	0.0000000E+00
1.4952447E+14	1.2522392E+33	8.8231777E-02	3.5457398E-02	0.0000000E+00	9.6454258E-01	3.5457398E-02	0.0000000E+00	0.0000000E+00	0.0000000E+00	0.0000000E+00	0.0000000E+00	0.0000000E+00	7.6837181E-01	8.1329333E-01	0.0000000E+00	0.0000000E+00	0.0000000E+00	0.0000000E+00	0.0000000E+00	0.0000000E+00
1.4788002E+14	1.2160428E+33	8.7270241E-02	3.5021493E-02	0.0000000E+00	9.6497848E-01	3.5021493E-02	0.0000000E+00	0.0000000E+00	0.0000000E+00	0.0000000E+00	0.0000000E+00	0.0000000E+00	7.7050650E-01	8.1504042E-01	0.0000000E+00	0.0000000E+00	0.0000000E+00	0.0000000E+00	0.0000000E+00	0.0000000E+00
1.4624877E+14	1.1808297E+33	8.6316178E-02	3.4587440E-02	0.0000000E+00	9.6541254E-01	3.4587440E-02	0.0000000E+00	0.0000000E+00	0.0000000E+00	0.0000000E+00	0.0000000E+00	0.0000000E+00	7.7263209E-01	8.1678115E-01	0.0000000E+00	0.0000000E+00	0.0000000E+00	0.0000000E+00	0.0000000E+00	0.0000000E+00
1.4463067E+14	1.1465743E+33	8.5369553E-02	3.4155287E-02	0.0000000E+00	9.6584469E-01	3.4155287E-02	0.0000000E+00	0.0000000E+00	0.0000000E+00	0.0000000E+00	0.0000000E+00	0.0000000E+00	7.7474852E-01	8.1851543E-01	0.0000000E+00	0.0000000E+00	0.0000000E+00	0.0000000E+00	0.0000000E+00	0.0000000E+00
1.4302564E+14	1.1132516E+33	8.4430333E-02	3.3725082E-02	0.0000000E+00	9.6627489E-01	3.3725082E-02	0.0000000E+00	0.0000000E+00	0.0000000E+00	0.0000000E+00	0.0000000E+00	0.0000000E+00	7.7685576E-01	8.2024319E-01	0.0000000E+00	0.0000000E+00	0.0000000E+00	0.0000000E+00	0.0000000E+00	0.0000000E+00
1.4143361E+14	1.0808375E+33	8.3498484E-02	3.3296873E-02	0.0000000E+00	9.6670310E-01	3.3296873E-02	0.0000000E+00	0.0000000E+00	0.0000000E+00	0.0000000E+00	0.0000000E+00	0.0000000E+00	7.7895376E-01	8.2196436E-01	0.0000000E+00	0.0000000E+00	0.0000000E+00	0.0000000E+00	0.0000000E+00	0.0000000E+00
4.681E+13		1.122E+32		2.780E-02		896		120		22
4.379E+13		1.021E+32		2.601E-02		896		122		24
4.212E+13		9.613E+31		2.502E-02		896		122		24
3.741E+13		8.011E+31		2.223E-02		896		122		24
3.523E+13		7.311E+31		2.093E-02		896		122		24
3.493E+13		7.311E+31		2.076E-02		896		124		26
3.201E+13		6.409E+31		1.903E-02		896		124		26
2.810E+13		5.278E+31		1.671E-02		896		124		26
2.784E+13		5.278E+31		1.656E-02		896		126		28
2.613E+13		4.807E+31		1.554E-02		896		126		28
2.317E+13		4.028E+31		1.378E-02		896		126		28
2.287E+13		4.028E+31		1.360E-02		448		70		16
1.954E+13		3.204E+31		1.162E-02		448		70		16
1.866E+13		2.998E+31		1.110E-02		448		70		16
1.838E+13		2.998E+31		1.094E-02		448		76		18
1.531E+13		2.304E+31		9.112E-03		448		76		18
1.506E+13		2.304E+31		8.965E-03		448		82		20
1.275E+13		1.816E+31		7.594E-03		448		82		20
1.254E+13		1.816E+31		7.464E-03		448		88		22
1.148E+13		1.602E+31		6.835E-03		448		88		22
1.077E+13		1.463E+31		6.412E-03		448		88		22
1.057E+13		1.463E+31		6.296E-03		448		94		24
1.047E+13		1.442E+31		6.234E-03		448		94		24
9.633E+12		1.282E+31		5.738E-03		448		94		24
9.345E+12		1.228E+31		5.567E-03		448		94		24
8.980E+12		1.228E+31		5.349E-03		224		54		14
8.423E+12		1.122E+31		5.018E-03		224		54		14
7.551E+12		9.613E+30		4.499E-03		224		54		14
7.342E+12		9.239E+30		4.374E-03		224		54		14
7.041E+12		9.239E+30		4.196E-03		224		60		16
6.361E+12		8.011E+30		3.791E-03		224		60		16
5.915E+12		7.233E+30		3.525E-03		224		60		16
5.665E+12		7.233E+30		3.377E-03		224		66		18
5.196E+12		6.409E+30		3.097E-03		224		66		18
4.982E+12		6.044E+30		2.970E-03		224		66		18
4.379E+12		6.044E+30		2.610E-03		112		44		12
3.708E+12		4.807E+30		2.211E-03		112		44		12
3.648E+12		4.699E+30		2.175E-03		112		44		12
3.338E+12		4.699E+30		1.990E-03		112		50		14
2.871E+12		3.825E+30		1.712E-03		112		50		14
2.634E+12		3.825E+30		1.571E-03		112		56		16
2.319E+12		3.216E+30		1.383E-03		112		56		16
2.134E+12		3.216E+30		1.273E-03		112		62		18
1.911E+12		2.771E+30		1.141E-03		112		62		18
1.766E+12		2.771E+30		1.054E-03		112		68		20
1.702E+12		2.637E+30		1.016E-03		112		68		20
1.702E+12		2.637E+30		1.016E-03		112		68		20
1.455E+12		2.637E+30		8.682E-04		56		40		12
1.358E+12		2.403E+30		8.100E-04		56		40		12
1.294E+12		2.253E+30		7.721E-04		56		40		12
1.131E+12		2.253E+30		6.748E-04		56		46		14
1.026E+12		1.980E+30		6.126E-04		56		46		14
9.075E+11		1.980E+30		5.418E-04		56		52		16
7.740E+11		1.602E+30		4.623E-04		56		52		16
7.151E+11		1.442E+30		4.272E-04		56		52		16
6.848E+11		1.361E+30		4.091E-04		56		52		16
6.110E+11		1.361E+30		3.651E-04		56		56		18
5.840E+11		1.282E+30		3.490E-04		56		56		18
5.282E+11		1.122E+30		3.158E-04		56		56		18
4.705E+11		9.613E+29		2.813E-04		56		56		18
4.102E+11		8.011E+29		2.454E-04		56		56		18
3.469E+11		6.409E+29		2.076E-04		56		56		18
2.795E+11		4.807E+29		1.673E-04		56		56		18
2.769E+11		4.747E+29		1.657E-04		56		56		18
2.496E+11		4.747E+29		1.494E-04		56		56		20
1.858E+11		3.204E+29		1.113E-04		56		56		20
1.497E+11		2.403E+29		8.971E-05		56		56		20
1.104E+11		1.602E+29		6.619E-05		56		56		20
1.020E+11		1.442E+29		6.117E-05		56		56		20
9.337E+10		1.282E+29		5.600E-05		56		56		20
8.619E+10		1.152E+29		5.170E-05		56		56		20
7.848E+10		1.152E+29		4.708E-05		56		56		22
7.691E+10		1.122E+29		4.614E-05		56		56		22
6.851E+10		9.613E+28		4.110E-05		56		56		22
5.975E+10		8.011E+28		3.585E-05		56		56		22
5.053E+10		6.409E+28		3.033E-05		56		56		22
4.072E+10		4.807E+28		2.445E-05		56		56		22
3.004E+10		3.204E+28		1.804E-05		56		56		22
2.421E+10		2.403E+28		1.455E-05		56		56		22
1.786E+10		1.602E+28		1.074E-05		56		56		22
1.651E+10		1.442E+28		9.921E-06		56		56		22
1.511E+10		1.282E+28		9.083E-06		56		56		22
1.367E+10		1.122E+28		8.219E-06		56		56		22
1.218E+10		9.613E+27		7.323E-06		56		56		22
1.214E+10		9.569E+27		7.298E-06		56		56		22
1.115E+10		9.569E+27		6.701E-06		56		56		24
9.756E+09		8.011E+27		5.866E-06		56		56		24
9.756E+09		8.011E+27		5.866E-06		56		56		24
8.254E+09		6.409E+27		4.964E-06		56		56		24
6.654E+09		4.807E+27		4.003E-06		56		56		24
4.912E+09		3.204E+27		2.956E-06		56		56		24
3.961E+09		2.403E+27		2.384E-06		56		56		24
2.925E+09		1.602E+27		1.761E-06		56		56		24
2.704E+09		1.442E+27		1.627E-06		56		56		24
2.476E+09		1.282E+27		1.490E-06		56		56		24
2.241E+09		1.122E+27		1.349E-06		56		56		24
1.997E+09		9.613E+26		1.202E-06		56		56		24
1.743E+09		8.011E+26		1.050E-06		56		56		24
1.495E+09		6.517E+26		8.999E-07		56		56		24
1.382E+09		6.517E+26		8.320E-07		56		56		26
1.365E+09		6.409E+26		8.217E-07		56		56		26
1.101E+09		4.807E+26		6.632E-07		56		56		26
8.145E+08		3.204E+26		4.905E-07		56		56		26
6.577E+08		2.403E+26		3.961E-07		56		56		26
5.573E+08		1.923E+26		3.357E-07		56		56		26
4.868E+08		1.602E+26		2.932E-07		56		56		26
4.503E+08		1.442E+26		2.712E-07		56		56		26
4.127E+08		1.282E+26		2.486E-07		56		56		26
3.738E+08		1.122E+26		2.252E-07		56		56		26
3.336E+08		9.613E+25		2.010E-07		56		56		26
2.916E+08		8.011E+25		1.757E-07		56		56		26
2.473E+08		6.409E+25		1.490E-07		56		56		26
2.001E+08		4.807E+25		1.206E-07		56		56		26
1.487E+08		3.204E+25		8.957E-08		56		56		26
1.205E+08		2.403E+25		7.259E-08		56		56		26
1.024E+08		1.923E+25		6.169E-08		56		56		26
8.966E+07		1.602E+25		5.404E-08		56		56		26
7.017E+07      1.141E+25      4.226E-08      56.       56.       26.
4.125E+07      5.446E+24      2.484E-08      56.       56.       26.
2.424E+07      2.576E+24      1.460E-08      56.       56.       26.
1.425E+07      1.205E+24      8.583E-09      56.       56.       26.
8.377E+06      5.561E+23      5.045E-09      56.       56.       26.
4.924E+06      2.529E+23      2.966E-09      56.       56.       26.
2.894E+06      1.132E+23      1.743E-09      56.       56.       26.
1.701E+06      4.983E+22      1.025E-09      56.       56.       26.
1.000E+06      2.159E+22      6.023E-10      56.       56.       26.
5.878E+05      9.218E+21      3.540E-10      56.       56.       26.
3.455E+05      3.882E+21      2.081E-10      56.       56.       26.
2.031E+05      1.615E+21      1.223E-10      56.       56.       26.
1.194E+05      6.639E+20      7.190E-11      56.       56.       26.
7.017E+04      2.700E+20      4.226E-11      56.       56.       26.
4.125E+04      1.086E+20      2.484E-11      56.       56.       26.
2.424E+04      4.319E+19      1.460E-11      56.       56.       26.
1.425E+04      1.693E+19      8.583E-12      56.       56.       26.
8.377E+03      6.528E+18      5.045E-12      56.       56.       26.
4.924E+03      2.460E+18      2.966E-12      56.       56.       26.
2.894E+03      8.985E+17      1.743E-12      56.       56.       26.
1.701E+03      3.127E+17      1.025E-12      56.       56.       26.
1.000E+03      1.003E+17      6.023E-13      56.       56.       26.
     
