      6    492    133          Itext Imax Icore

      Akmal, Pandariphande & Ravenhall: A18 + dv + UIX* model (the best one)

   Rho        Press       nbar       Ye         Ymu        Yn         Yp         Yla        Ysm        Ys0        Ysp       mstp       mstn       mstla      mstsm      msts0      mstsp
  g/cm3     dyne/cm2     #/fm3     [A_cell]    [A_ion]     [Z]

   0.23107886E+16  0.10794904E+37  0.98607296      0.18110679      0.15606236      0.66283085      0.33716915       0.0000000       0.0000000       0.0000000       0.0000000      0.24507365      0.20459389       0.0000000       0.0000000       0.0000000       0.0000000    
   0.22753396E+16  0.10502756E+37  0.97607296      0.17986475      0.15470366      0.66543159      0.33456841       0.0000000       0.0000000       0.0000000       0.0000000      0.24766284      0.20663525       0.0000000       0.0000000       0.0000000       0.0000000    
   0.22402207E+16  0.10215702E+37  0.96607296      0.17859869      0.15332042      0.66808088      0.33191912       0.0000000       0.0000000       0.0000000       0.0000000      0.25029474      0.20871832       0.0000000       0.0000000       0.0000000       0.0000000    
   0.22054295E+16  0.99336940E+36  0.95607296      0.17730831      0.15191239      0.67077930      0.32922070       0.0000000       0.0000000       0.0000000       0.0000000      0.25297006      0.21084446       0.0000000       0.0000000       0.0000000       0.0000000    
   0.21709636E+16  0.96566838E+36  0.94607296      0.17599328      0.15047931      0.67352741      0.32647259       0.0000000       0.0000000       0.0000000       0.0000000      0.25568950      0.21301510       0.0000000       0.0000000       0.0000000       0.0000000    
   0.21368206E+16  0.93846235E+36  0.93607296      0.17465333      0.14902095      0.67632572      0.32367428       0.0000000       0.0000000       0.0000000       0.0000000      0.25845379      0.21523175       0.0000000       0.0000000       0.0000000       0.0000000    
   0.21029980E+16  0.91174646E+36  0.92607296      0.17328816      0.14753709      0.67917474      0.32082526       0.0000000       0.0000000       0.0000000       0.0000000      0.26126363      0.21749596       0.0000000       0.0000000       0.0000000       0.0000000    
   0.20694935E+16  0.88551585E+36  0.91607296      0.17189753      0.14602755      0.68207492      0.31792508       0.0000000       0.0000000       0.0000000       0.0000000      0.26411973      0.21980936       0.0000000       0.0000000       0.0000000       0.0000000    
   0.20363047E+16  0.85976566E+36  0.90607296      0.17048117      0.14449213      0.68502669      0.31497331       0.0000000       0.0000000       0.0000000       0.0000000      0.26702281      0.22217366       0.0000000       0.0000000       0.0000000       0.0000000    
   0.20034291E+16  0.83449100E+36  0.89607296      0.16903888      0.14293069      0.68803043      0.31196957       0.0000000       0.0000000       0.0000000       0.0000000      0.26997357      0.22459065       0.0000000       0.0000000       0.0000000       0.0000000    
   0.19708644E+16  0.80968699E+36  0.88607296      0.16757045      0.14134309      0.69108646      0.30891354       0.0000000       0.0000000       0.0000000       0.0000000      0.27297274      0.22706219       0.0000000       0.0000000       0.0000000       0.0000000    
   0.19386083E+16  0.78534873E+36  0.87607296      0.16607569      0.13972923      0.69419508      0.30580492       0.0000000       0.0000000       0.0000000       0.0000000      0.27602101      0.22959023       0.0000000       0.0000000       0.0000000       0.0000000    
   0.19066584E+16  0.76147132E+36  0.86607296      0.16455447      0.13808904      0.69735650      0.30264350       0.0000000       0.0000000       0.0000000       0.0000000      0.27911909      0.23217682       0.0000000       0.0000000       0.0000000       0.0000000    
   0.18750122E+16  0.73804987E+36  0.85607296      0.16300666      0.13642245      0.70057089      0.29942911       0.0000000       0.0000000       0.0000000       0.0000000      0.28226768      0.23482410       0.0000000       0.0000000       0.0000000       0.0000000    
   0.18436675E+16  0.71507949E+36  0.84607296      0.16143217      0.13472947      0.70383836      0.29616164       0.0000000       0.0000000       0.0000000       0.0000000      0.28546748      0.23753429       0.0000000       0.0000000       0.0000000       0.0000000    
   0.18126220E+16  0.69255530E+36  0.83607296      0.15983095      0.13301011      0.70715895      0.29284105       0.0000000       0.0000000       0.0000000       0.0000000      0.28871918      0.24030975       0.0000000       0.0000000       0.0000000       0.0000000    
   0.17818733E+16  0.67047242E+36  0.82607296      0.15820298      0.13126442      0.71053261      0.28946739       0.0000000       0.0000000       0.0000000       0.0000000      0.29202348      0.24315292       0.0000000       0.0000000       0.0000000       0.0000000    
   0.17514190E+16  0.64882601E+36  0.81607296      0.15654828      0.12949250      0.71395922      0.28604078       0.0000000       0.0000000       0.0000000       0.0000000      0.29538104      0.24606638       0.0000000       0.0000000       0.0000000       0.0000000    
   0.17212570E+16  0.62761125E+36  0.80607296      0.15486693      0.12769449      0.71743858      0.28256142       0.0000000       0.0000000       0.0000000       0.0000000      0.29879256      0.24905282       0.0000000       0.0000000       0.0000000       0.0000000    
   0.16913848E+16  0.60682335E+36  0.79607296      0.15315903      0.12587058      0.72097039      0.27902961       0.0000000       0.0000000       0.0000000       0.0000000      0.30225871      0.25211505       0.0000000       0.0000000       0.0000000       0.0000000    
   0.16618002E+16  0.58645754E+36  0.78607296      0.15142475      0.12402098      0.72455426      0.27544574       0.0000000       0.0000000       0.0000000       0.0000000      0.30578016      0.25525604       0.0000000       0.0000000       0.0000000       0.0000000    
   0.16325009E+16  0.56650912E+36  0.77607296      0.14966431      0.12214599      0.72818970      0.27181030       0.0000000       0.0000000       0.0000000       0.0000000      0.30935757      0.25847888       0.0000000       0.0000000       0.0000000       0.0000000    
   0.16034846E+16  0.54697343E+36  0.76607296      0.14787797      0.12024592      0.73187611      0.26812389       0.0000000       0.0000000       0.0000000       0.0000000      0.31299161      0.26178682       0.0000000       0.0000000       0.0000000       0.0000000    
   0.15747491E+16  0.52784587E+36  0.75607296      0.14606608      0.11832116      0.73561276      0.26438724       0.0000000       0.0000000       0.0000000       0.0000000      0.31668293      0.26518326       0.0000000       0.0000000       0.0000000       0.0000000    
   0.15462921E+16  0.50912189E+36  0.74607296      0.14422902      0.11637216      0.73939882      0.26060118       0.0000000       0.0000000       0.0000000       0.0000000      0.32043220      0.26867178       0.0000000       0.0000000       0.0000000       0.0000000    
   0.15181113E+16  0.49079705E+36  0.73607296      0.14236727      0.11439941      0.74323332      0.25676668       0.0000000       0.0000000       0.0000000       0.0000000      0.32424007      0.27225611       0.0000000       0.0000000       0.0000000       0.0000000    
   0.14902046E+16  0.47286694E+36  0.72607296      0.14048135      0.11240348      0.74711517      0.25288483       0.0000000       0.0000000       0.0000000       0.0000000      0.32810721      0.27594019       0.0000000       0.0000000       0.0000000       0.0000000    
   0.14625696E+16  0.45532730E+36  0.71607296      0.13857188      0.11038499      0.75104314      0.24895686       0.0000000       0.0000000       0.0000000       0.0000000      0.33203428      0.27972812       0.0000000       0.0000000       0.0000000       0.0000000    
   0.14352042E+16  0.43817391E+36  0.70607296      0.13663953      0.10834464      0.75501583      0.24498417       0.0000000       0.0000000       0.0000000       0.0000000      0.33602196      0.28362423       0.0000000       0.0000000       0.0000000       0.0000000    
   0.14081060E+16  0.42140271E+36  0.69607296      0.13468509      0.10628319      0.75903172      0.24096828       0.0000000       0.0000000       0.0000000       0.0000000      0.34007093      0.28763304       0.0000000       0.0000000       0.0000000       0.0000000    
   0.13812729E+16  0.40500972E+36  0.68607296      0.13270939      0.10420148      0.76308913      0.23691087       0.0000000       0.0000000       0.0000000       0.0000000      0.34418191      0.29175930       0.0000000       0.0000000       0.0000000       0.0000000    
   0.13547026E+16  0.38899109E+36  0.67607296      0.13071338      0.10210041      0.76718621      0.23281379       0.0000000       0.0000000       0.0000000       0.0000000      0.34835560      0.29600799       0.0000000       0.0000000       0.0000000       0.0000000    
   0.13283928E+16  0.37334312E+36  0.66607296      0.12869809      0.99980959E-01  0.77132095      0.22867905       0.0000000       0.0000000       0.0000000       0.0000000      0.35259275      0.30038433       0.0000000       0.0000000       0.0000000       0.0000000    
   0.13023414E+16  0.35806221E+36  0.65607296      0.12666465      0.97844192E-01  0.77549116      0.22450884       0.0000000       0.0000000       0.0000000       0.0000000      0.35689415      0.30489379       0.0000000       0.0000000       0.0000000       0.0000000    
   0.12765460E+16  0.34314495E+36  0.64607296      0.12461427      0.95691240E-01  0.77969449      0.22030551       0.0000000       0.0000000       0.0000000       0.0000000      0.36126060      0.30954213       0.0000000       0.0000000       0.0000000       0.0000000    
   0.12510044E+16  0.32858805E+36  0.63607296      0.12254828      0.93523317E-01  0.78392840      0.21607160       0.0000000       0.0000000       0.0000000       0.0000000      0.36569298      0.31433535       0.0000000       0.0000000       0.0000000       0.0000000    
   0.12257144E+16  0.31438837E+36  0.62607296      0.12046809      0.91341712E-01  0.78819020      0.21180980       0.0000000       0.0000000       0.0000000       0.0000000      0.37019218      0.31927976       0.0000000       0.0000000       0.0000000       0.0000000    
   0.12006735E+16  0.30054296E+36  0.61607296      0.11837523      0.89147796E-01  0.79247697      0.20752303       0.0000000       0.0000000       0.0000000       0.0000000      0.37475919      0.32438198       0.0000000       0.0000000       0.0000000       0.0000000    
   0.11758795E+16  0.28704899E+36  0.60607296      0.11627132      0.86943017E-01  0.79678566      0.20321434       0.0000000       0.0000000       0.0000000       0.0000000      0.37939506      0.32964893       0.0000000       0.0000000       0.0000000       0.0000000    
   0.11513300E+16  0.27390382E+36  0.59607296      0.11415810      0.84728901E-01  0.80111300      0.19888700       0.0000000       0.0000000       0.0000000       0.0000000      0.38410091      0.33508787       0.0000000       0.0000000       0.0000000       0.0000000    
   0.11270226E+16  0.26110495E+36  0.58607296      0.11203739      0.82507050E-01  0.80545556      0.19454444       0.0000000       0.0000000       0.0000000       0.0000000      0.38887797      0.34070640       0.0000000       0.0000000       0.0000000       0.0000000    
   0.11029549E+16  0.24865005E+36  0.57607296      0.10991114      0.80279143E-01  0.80980972      0.19019028       0.0000000       0.0000000       0.0000000       0.0000000      0.39372758      0.34651246       0.0000000       0.0000000       0.0000000       0.0000000    
   0.10791245E+16  0.23653692E+36  0.56607296      0.10778138      0.78046929E-01  0.81417169      0.18582831       0.0000000       0.0000000       0.0000000       0.0000000      0.39865119      0.35251437       0.0000000       0.0000000       0.0000000       0.0000000    
   0.10555288E+16  0.22476352E+36  0.55607296      0.10565024      0.75812227E-01  0.81853753      0.18146247       0.0000000       0.0000000       0.0000000       0.0000000      0.40365039      0.35872085       0.0000000       0.0000000       0.0000000       0.0000000    
   0.10321654E+16  0.21332792E+36  0.54607296      0.10351998      0.73576923E-01  0.82290310      0.17709690       0.0000000       0.0000000       0.0000000       0.0000000      0.40872692      0.36514099       0.0000000       0.0000000       0.0000000       0.0000000    
   0.10090314E+16  0.20222832E+36  0.53607296      0.10139290      0.71342962E-01  0.82726414      0.17273586       0.0000000       0.0000000       0.0000000       0.0000000      0.41388270      0.37178428       0.0000000       0.0000000       0.0000000       0.0000000    
   0.98612443E+15  0.19146302E+36  0.52607296      0.99271427E-01  0.69112349E-01  0.83161622      0.16838378       0.0000000       0.0000000       0.0000000       0.0000000      0.41911982      0.37866064       0.0000000       0.0000000       0.0000000       0.0000000    
   0.96344157E+15  0.18103041E+36  0.51607296      0.97158058E-01  0.66887136E-01  0.83595481      0.16404519       0.0000000       0.0000000       0.0000000       0.0000000      0.42444058      0.38578043       0.0000000       0.0000000       0.0000000       0.0000000    
   0.94098005E+15  0.17092893E+36  0.50607296      0.95055361E-01  0.64669423E-01  0.84027522      0.15972478       0.0000000       0.0000000       0.0000000       0.0000000      0.42984750      0.39315442       0.0000000       0.0000000       0.0000000       0.0000000    
   0.91873699E+15  0.16115707E+36  0.49607296      0.92965975E-01  0.62461342E-01  0.84457268      0.15542732       0.0000000       0.0000000       0.0000000       0.0000000      0.43534336      0.40079385       0.0000000       0.0000000       0.0000000       0.0000000    
   0.89670941E+15  0.15171333E+36  0.48607296      0.90892592E-01  0.60265057E-01  0.84884235      0.15115765       0.0000000       0.0000000       0.0000000       0.0000000      0.44093117      0.40871040       0.0000000       0.0000000       0.0000000       0.0000000    
   0.87489426E+15  0.14259620E+36  0.47607296      0.88837954E-01  0.58082749E-01  0.85307930      0.14692070       0.0000000       0.0000000       0.0000000       0.0000000      0.44661427      0.41691618       0.0000000       0.0000000       0.0000000       0.0000000    
   0.85328837E+15  0.13380414E+36  0.46607296      0.86804832E-01  0.55916607E-01  0.85727856      0.14272144       0.0000000       0.0000000       0.0000000       0.0000000      0.45239627      0.42542379       0.0000000       0.0000000       0.0000000       0.0000000    
   0.83188849E+15  0.12533553E+36  0.45607296      0.84796023E-01  0.53768820E-01  0.86143516      0.13856484       0.0000000       0.0000000       0.0000000       0.0000000      0.45828113      0.43424626       0.0000000       0.0000000       0.0000000       0.0000000    
   0.81069128E+15  0.11718865E+36  0.44607296      0.82814324E-01  0.51641561E-01  0.86554411      0.13445589       0.0000000       0.0000000       0.0000000       0.0000000      0.46427316      0.44339707       0.0000000       0.0000000       0.0000000       0.0000000    
   0.78969327E+15  0.10936165E+36  0.43607296      0.80862525E-01  0.49536975E-01  0.86960050      0.13039950       0.0000000       0.0000000       0.0000000       0.0000000      0.47037703      0.45289009       0.0000000       0.0000000       0.0000000       0.0000000    
   0.76889090E+15  0.10185253E+36  0.42607296      0.78943386E-01  0.47457165E-01  0.87359945      0.12640055       0.0000000       0.0000000       0.0000000       0.0000000      0.47659783      0.46273965       0.0000000       0.0000000       0.0000000       0.0000000    
   0.74828047E+15  0.94659059E+35  0.41607296      0.77059618E-01  0.45404177E-01  0.87753620      0.12246380       0.0000000       0.0000000       0.0000000       0.0000000      0.48294107      0.47296042       0.0000000       0.0000000       0.0000000       0.0000000    
   0.72785821E+15  0.87778820E+35  0.40607296      0.75213865E-01  0.43379985E-01  0.88140615      0.11859385       0.0000000       0.0000000       0.0000000       0.0000000      0.48941270      0.48356741       0.0000000       0.0000000       0.0000000       0.0000000    
   0.70762019E+15  0.81209118E+35  0.39607296      0.73408677E-01  0.41386471E-01  0.88520485      0.11479515       0.0000000       0.0000000       0.0000000       0.0000000      0.49601914      0.49457594       0.0000000       0.0000000       0.0000000       0.0000000    
   0.68756237E+15  0.74946982E+35  0.38607296      0.71646489E-01  0.39425406E-01  0.88892811      0.11107189       0.0000000       0.0000000       0.0000000       0.0000000      0.50276729      0.50600153       0.0000000       0.0000000       0.0000000       0.0000000    
   0.66768062E+15  0.68989132E+35  0.37607296      0.69929594E-01  0.37498433E-01  0.89257197      0.10742803       0.0000000       0.0000000       0.0000000       0.0000000      0.50966460      0.51785987       0.0000000       0.0000000       0.0000000       0.0000000    
   0.64797067E+15  0.63331956E+35  0.36607296      0.68260116E-01  0.35607043E-01  0.89613284      0.10386716       0.0000000       0.0000000       0.0000000       0.0000000      0.51671901      0.53016670       0.0000000       0.0000000       0.0000000       0.0000000    
   0.62842812E+15  0.57971489E+35  0.35607296      0.66639980E-01  0.33752555E-01  0.89960747      0.10039253       0.0000000       0.0000000       0.0000000       0.0000000      0.52393906      0.54293767       0.0000000       0.0000000       0.0000000       0.0000000    
   0.60904847E+15  0.52903398E+35  0.34607296      0.65070877E-01  0.31936087E-01  0.90299304      0.97006964E-01   0.0000000       0.0000000       0.0000000       0.0000000      0.53133382      0.55618824       0.0000000       0.0000000       0.0000000       0.0000000    
   0.58982710E+15  0.48122963E+35  0.33607296      0.63554236E-01  0.30158535E-01  0.90628723      0.93712771E-01   0.0000000       0.0000000       0.0000000       0.0000000      0.53891300      0.56993350       0.0000000       0.0000000       0.0000000       0.0000000    
   0.57075929E+15  0.43625072E+35  0.32607296      0.62091182E-01  0.28420541E-01  0.90948828      0.90511723E-01   0.0000000       0.0000000       0.0000000       0.0000000      0.54668690      0.58418792       0.0000000       0.0000000       0.0000000       0.0000000    
   0.55184018E+15  0.39404206E+35  0.31607296      0.60682501E-01  0.26722463E-01  0.91259504      0.87404964E-01   0.0000000       0.0000000       0.0000000       0.0000000      0.55466643      0.59896514       0.0000000       0.0000000       0.0000000       0.0000000    
   0.53306485E+15  0.35454443E+35  0.30607296      0.59328594E-01  0.25064345E-01  0.91560706      0.84392939E-01   0.0000000       0.0000000       0.0000000       0.0000000      0.56286316      0.61427768       0.0000000       0.0000000       0.0000000       0.0000000    
   0.51442824E+15  0.31769452E+35  0.29607296      0.58029435E-01  0.23445876E-01  0.91852469      0.81475311E-01   0.0000000       0.0000000       0.0000000       0.0000000      0.57128930      0.63013655       0.0000000       0.0000000       0.0000000       0.0000000    
   0.49592521E+15  0.28342497E+35  0.28607296      0.56784517E-01  0.21866352E-01  0.92134913      0.78650870E-01   0.0000000       0.0000000       0.0000000       0.0000000      0.57995772      0.64655085       0.0000000       0.0000000       0.0000000       0.0000000    
   0.47755054E+15  0.25166439E+35  0.27607296      0.55592801E-01  0.20324635E-01  0.92408256      0.75917437E-01   0.0000000       0.0000000       0.0000000       0.0000000      0.58888195      0.66352730       0.0000000       0.0000000       0.0000000       0.0000000    
   0.45929891E+15  0.22233753E+35  0.26607296      0.54452653E-01  0.18819099E-01  0.92672825      0.73271753E-01   0.0000000       0.0000000       0.0000000       0.0000000      0.59807616      0.68106964       0.0000000       0.0000000       0.0000000       0.0000000    
   0.44116493E+15  0.19536530E+35  0.25607296      0.53361779E-01  0.17347578E-01  0.92929064      0.70709358E-01   0.0000000       0.0000000       0.0000000       0.0000000      0.60755518      0.69917793       0.0000000       0.0000000       0.0000000       0.0000000    
   0.42314315E+15  0.17066494E+35  0.24607296      0.52317150E-01  0.15907305E-01  0.93177555      0.68224455E-01   0.0000000       0.0000000       0.0000000       0.0000000      0.61733449      0.71784780       0.0000000       0.0000000       0.0000000       0.0000000    
   0.40522803E+15  0.14815017E+35  0.23607296      0.51314918E-01  0.14494838E-01  0.93419024      0.65809755E-01   0.0000000       0.0000000       0.0000000       0.0000000      0.62743016      0.73706948       0.0000000       0.0000000       0.0000000       0.0000000    
   0.38741402E+15  0.12773136E+35  0.22607296      0.50350324E-01  0.13105986E-01  0.93654369      0.63456310E-01   0.0000000       0.0000000       0.0000000       0.0000000      0.63785887      0.75682672       0.0000000       0.0000000       0.0000000       0.0000000    
   0.36969550E+15  0.10931569E+35  0.21607296      0.49417591E-01  0.11735719E-01  0.93884669      0.61153310E-01   0.0000000       0.0000000       0.0000000       0.0000000      0.64863784      0.77709551       0.0000000       0.0000000       0.0000000       0.0000000    
   0.35206681E+15  0.92807328E+34  0.20607296      0.48509807E-01  0.10378059E-01  0.94111213      0.58887866E-01   0.0000000       0.0000000       0.0000000       0.0000000      0.65978483      0.79784264       0.0000000       0.0000000       0.0000000       0.0000000    
   0.33452227E+15  0.78107611E+34  0.19607296      0.47618788E-01  0.90259721E-02  0.94335524      0.56644761E-01   0.0000000       0.0000000       0.0000000       0.0000000      0.67131802      0.81902390       0.0000000       0.0000000       0.0000000       0.0000000    
   0.31705622E+15  0.65115200E+34  0.18607296      0.46734929E-01  0.76712308E-02  0.94559384      0.54406160E-01   0.0000000       0.0000000       0.0000000       0.0000000      0.68325599      0.84058216       0.0000000       0.0000000       0.0000000       0.0000000    
   0.29966295E+15  0.53726195E+34  0.17607296      0.45847032E-01  0.63042692E-02  0.94784870      0.52151301E-01   0.0000000       0.0000000       0.0000000       0.0000000      0.69561764      0.86244498       0.0000000       0.0000000       0.0000000       0.0000000    
   0.28233682E+15  0.43834176E+34  0.16607296      0.44942117E-01  0.49140189E-02  0.95014386      0.49856136E-01   0.0000000       0.0000000       0.0000000       0.0000000      0.70842210      0.88452194       0.0000000       0.0000000       0.0000000       0.0000000    
   0.26507219E+15  0.35330080E+34  0.15607296      0.44005218E-01  0.34877313E-02  0.95250705      0.47492950E-01   0.0000000       0.0000000       0.0000000       0.0000000      0.72168868      0.90670144       0.0000000       0.0000000       0.0000000       0.0000000    
   0.24786351E+15  0.28101662E+34  0.14607296      0.43019159E-01  0.20107925E-02  0.95497005      0.45029952E-01   0.0000000       0.0000000       0.0000000       0.0000000      0.73543676      0.92884710       0.0000000       0.0000000       0.0000000       0.0000000    
   0.23070535E+15  0.22031594E+34  0.13607296      0.41964321E-01  0.46654110E-03  0.95756914      0.42430862E-01   0.0000000       0.0000000       0.0000000       0.0000000      0.74968579      0.95079337       0.0000000       0.0000000       0.0000000       0.0000000    
   0.21359246E+15  0.16985231E+34  0.12607296      0.40818415E-01   0.0000000      0.95918159      0.40818415E-01   0.0000000       0.0000000       0.0000000       0.0000000      0.76466196      0.97200591       0.0000000       0.0000000       0.0000000       0.0000000    
   0.21307346E+15  0.16845316E+34  0.12576930      0.40781935E-01   0.0000000      0.95921807      0.40781935E-01   0.0000000       0.0000000       0.0000000       0.0000000      0.76512801      0.97263659       0.0000000       0.0000000       0.0000000       0.0000000    
   0.21136460E+15  0.16390871E+34  0.12476930      0.40661035E-01   0.0000000      0.95933896      0.40661035E-01   0.0000000       0.0000000       0.0000000       0.0000000      0.76666652      0.97470894       0.0000000       0.0000000       0.0000000       0.0000000    
   0.20965614E+15  0.15946021E+34  0.12376930      0.40538940E-01   0.0000000      0.95946106      0.40538940E-01   0.0000000       0.0000000       0.0000000       0.0000000      0.76821077      0.97677407       0.0000000       0.0000000       0.0000000       0.0000000    
   0.20794808E+15  0.15510651E+34  0.12276930      0.40415624E-01   0.0000000      0.95958438      0.40415624E-01   0.0000000       0.0000000       0.0000000       0.0000000      0.76976077      0.97883173       0.0000000       0.0000000       0.0000000       0.0000000    
   0.20624040E+15  0.15084649E+34  0.12176930      0.40291057E-01   0.0000000      0.95970894      0.40291057E-01   0.0000000       0.0000000       0.0000000       0.0000000      0.77131655      0.98088162       0.0000000       0.0000000       0.0000000       0.0000000    
   0.20453311E+15  0.14667900E+34  0.12076930      0.40165214E-01   0.0000000      0.95983479      0.40165214E-01   0.0000000       0.0000000       0.0000000       0.0000000      0.77287813      0.98292349       0.0000000       0.0000000       0.0000000       0.0000000    
   0.20282620E+15  0.14260290E+34  0.11976930      0.40038065E-01   0.0000000      0.95996194      0.40038065E-01   0.0000000       0.0000000       0.0000000       0.0000000      0.77444552      0.98495705       0.0000000       0.0000000       0.0000000       0.0000000    
   0.20111967E+15  0.13861705E+34  0.11876930      0.39909582E-01   0.0000000      0.96009042      0.39909582E-01   0.0000000       0.0000000       0.0000000       0.0000000      0.77601875      0.98698201       0.0000000       0.0000000       0.0000000       0.0000000    
   0.19941350E+15  0.13472033E+34  0.11776930      0.39779736E-01   0.0000000      0.96022026      0.39779736E-01   0.0000000       0.0000000       0.0000000       0.0000000      0.77759783      0.98899809       0.0000000       0.0000000       0.0000000       0.0000000    
   0.19770770E+15  0.13091158E+34  0.11676930      0.39648499E-01   0.0000000      0.96035150      0.39648499E-01   0.0000000       0.0000000       0.0000000       0.0000000      0.77918279      0.99100499       0.0000000       0.0000000       0.0000000       0.0000000    
   0.19600225E+15  0.12718968E+34  0.11576930      0.39515840E-01   0.0000000      0.96048416      0.39515840E-01   0.0000000       0.0000000       0.0000000       0.0000000      0.78077364      0.99300241       0.0000000       0.0000000       0.0000000       0.0000000    
   0.19429716E+15  0.12355348E+34  0.11476930      0.39381731E-01   0.0000000      0.96061827      0.39381731E-01   0.0000000       0.0000000       0.0000000       0.0000000      0.78237041      0.99499006       0.0000000       0.0000000       0.0000000       0.0000000    
   0.19259242E+15  0.12000185E+34  0.11376930      0.39246140E-01   0.0000000      0.96075386      0.39246140E-01   0.0000000       0.0000000       0.0000000       0.0000000      0.78397311      0.99696761       0.0000000       0.0000000       0.0000000       0.0000000    
   0.19088802E+15  0.11653365E+34  0.11276930      0.39109039E-01   0.0000000      0.96089096      0.39109039E-01   0.0000000       0.0000000       0.0000000       0.0000000      0.78558176      0.99893475       0.0000000       0.0000000       0.0000000       0.0000000    
   0.18918396E+15  0.11314775E+34  0.11176930      0.38970396E-01   0.0000000      0.96102960      0.38970396E-01   0.0000000       0.0000000       0.0000000       0.0000000      0.78719638       1.0008912       0.0000000       0.0000000       0.0000000       0.0000000    
   0.18748024E+15  0.10984301E+34  0.11076930      0.38830181E-01   0.0000000      0.96116982      0.38830181E-01   0.0000000       0.0000000       0.0000000       0.0000000      0.78881699       1.0028365       0.0000000       0.0000000       0.0000000       0.0000000    
   0.18577684E+15  0.10661830E+34  0.10976930      0.38688361E-01   0.0000000      0.96131164      0.38688361E-01   0.0000000       0.0000000       0.0000000       0.0000000      0.79044360       1.0047705       0.0000000       0.0000000       0.0000000       0.0000000    
   0.18407376E+15  0.10347248E+34  0.10876930      0.38544906E-01   0.0000000      0.96145509      0.38544906E-01   0.0000000       0.0000000       0.0000000       0.0000000      0.79207625       1.0066928       0.0000000       0.0000000       0.0000000       0.0000000    
   0.18237100E+15  0.10040442E+34  0.10776930      0.38399784E-01   0.0000000      0.96160022      0.38399784E-01   0.0000000       0.0000000       0.0000000       0.0000000      0.79371493       1.0086030       0.0000000       0.0000000       0.0000000       0.0000000    
   0.18066856E+15  0.97412983E+33  0.10676930      0.38252963E-01   0.0000000      0.96174704      0.38252963E-01   0.0000000       0.0000000       0.0000000       0.0000000      0.79535968       1.0105009       0.0000000       0.0000000       0.0000000       0.0000000    
   0.17896642E+15  0.94497043E+33  0.10576930      0.38104409E-01   0.0000000      0.96189559      0.38104409E-01   0.0000000       0.0000000       0.0000000       0.0000000      0.79701050       1.0123859       0.0000000       0.0000000       0.0000000       0.0000000    
   0.17726458E+15  0.91655467E+33  0.10476930      0.37954091E-01   0.0000000      0.96204591      0.37954091E-01   0.0000000       0.0000000       0.0000000       0.0000000      0.79866742       1.0142579       0.0000000       0.0000000       0.0000000       0.0000000    
   0.17556305E+15  0.88887123E+33  0.10376930      0.37801976E-01   0.0000000      0.96219802      0.37801976E-01   0.0000000       0.0000000       0.0000000       0.0000000      0.80033046       1.0161164       0.0000000       0.0000000       0.0000000       0.0000000    
   0.17386180E+15  0.86190880E+33  0.10276930      0.37648029E-01   0.0000000      0.96235197      0.37648029E-01   0.0000000       0.0000000       0.0000000       0.0000000      0.80199963       1.0179610       0.0000000       0.0000000       0.0000000       0.0000000    
   0.17216085E+15  0.83565611E+33  0.10176930      0.37492218E-01   0.0000000      0.96250778      0.37492218E-01   0.0000000       0.0000000       0.0000000       0.0000000      0.80367494       1.0197914       0.0000000       0.0000000       0.0000000       0.0000000    
   0.17046017E+15  0.81010186E+33  0.10076930      0.37334508E-01   0.0000000      0.96266549      0.37334508E-01   0.0000000       0.0000000       0.0000000       0.0000000      0.80535642       1.0216072       0.0000000       0.0000000       0.0000000       0.0000000    
   0.16875978E+15  0.78523479E+33  0.99769300E-01  0.37174865E-01   0.0000000      0.96282513      0.37174865E-01   0.0000000       0.0000000       0.0000000       0.0000000      0.80704409       1.0234080       0.0000000       0.0000000       0.0000000       0.0000000    
   0.16705966E+15  0.76104362E+33  0.98769300E-01  0.37013255E-01   0.0000000      0.96298675      0.37013255E-01   0.0000000       0.0000000       0.0000000       0.0000000      0.80873794       1.0251934       0.0000000       0.0000000       0.0000000       0.0000000    
   0.16535981E+15  0.73751711E+33  0.97769300E-01  0.36849643E-01   0.0000000      0.96315036      0.36849643E-01   0.0000000       0.0000000       0.0000000       0.0000000      0.81043802       1.0269630       0.0000000       0.0000000       0.0000000       0.0000000    
   0.16366022E+15  0.71464400E+33  0.96769300E-01  0.36683993E-01   0.0000000      0.96331601      0.36683993E-01   0.0000000       0.0000000       0.0000000       0.0000000      0.81214432       1.0287165       0.0000000       0.0000000       0.0000000       0.0000000    
   0.16196089E+15  0.69241308E+33  0.95769300E-01  0.36516271E-01   0.0000000      0.96348373      0.36516271E-01   0.0000000       0.0000000       0.0000000       0.0000000      0.81385686       1.0304533       0.0000000       0.0000000       0.0000000       0.0000000    
   0.16026181E+15  0.67081311E+33  0.94769300E-01  0.36346441E-01   0.0000000      0.96365356      0.36346441E-01   0.0000000       0.0000000       0.0000000       0.0000000      0.81557567       1.0321731       0.0000000       0.0000000       0.0000000       0.0000000    
   0.15856299E+15  0.64983289E+33  0.93769300E-01  0.36174466E-01   0.0000000      0.96382553      0.36174466E-01   0.0000000       0.0000000       0.0000000       0.0000000      0.81730075       1.0338754       0.0000000       0.0000000       0.0000000       0.0000000    
   0.15686441E+15  0.62946123E+33  0.92769300E-01  0.36000312E-01   0.0000000      0.96399969      0.36000312E-01   0.0000000       0.0000000       0.0000000       0.0000000      0.81903212       1.0355598       0.0000000       0.0000000       0.0000000       0.0000000    
   0.15516607E+15  0.60968692E+33  0.91769300E-01  0.35823941E-01   0.0000000      0.96417606      0.35823941E-01   0.0000000       0.0000000       0.0000000       0.0000000      0.82076979       1.0372259       0.0000000       0.0000000       0.0000000       0.0000000    
   0.15346797E+15  0.59049882E+33  0.90769300E-01  0.35645317E-01   0.0000000      0.96435468      0.35645317E-01   0.0000000       0.0000000       0.0000000       0.0000000      0.82251377       1.0388732       0.0000000       0.0000000       0.0000000       0.0000000    
   0.15177010E+15  0.57188576E+33  0.89769300E-01  0.35464402E-01   0.0000000      0.96453560      0.35464402E-01   0.0000000       0.0000000       0.0000000       0.0000000      0.82426409       1.0405013       0.0000000       0.0000000       0.0000000       0.0000000    
   0.15007245E+15  0.55383660E+33  0.88769300E-01  0.35281161E-01   0.0000000      0.96471884      0.35281161E-01   0.0000000       0.0000000       0.0000000       0.0000000      0.82602075       1.0421096       0.0000000       0.0000000       0.0000000       0.0000000    
   0.14837503E+15  0.53634021E+33  0.87769300E-01  0.35095555E-01   0.0000000      0.96490444      0.35095555E-01   0.0000000       0.0000000       0.0000000       0.0000000      0.82778376       1.0436978       0.0000000       0.0000000       0.0000000       0.0000000    
   0.14682005E+15  0.52078578E+33  0.86853100E-01  0.34923396E-01   0.0000000      0.96507660      0.34923396E-01   0.0000000       0.0000000       0.0000000       0.0000000      0.82940463       1.0451348       0.0000000       0.0000000       0.0000000       0.0000000    
   0.14512304E+15  0.50431760E+33  0.85853100E-01  0.34733154E-01   0.0000000      0.96526685      0.34733154E-01   0.0000000       0.0000000       0.0000000       0.0000000      0.83117985       1.0466829       0.0000000       0.0000000       0.0000000       0.0000000    
   0.14342625E+15  0.48836984E+33  0.84853100E-01  0.34540439E-01   0.0000000      0.96545956      0.34540439E-01   0.0000000       0.0000000       0.0000000       0.0000000      0.83296146       1.0482095       0.0000000       0.0000000       0.0000000       0.0000000    
   0.14172965E+15  0.47293145E+33  0.83853100E-01  0.34345211E-01   0.0000000      0.96565479      0.34345211E-01   0.0000000       0.0000000       0.0000000       0.0000000      0.83474948       1.0497139       0.0000000       0.0000000       0.0000000       0.0000000    
   0.14003327E+15  0.45799139E+33  0.82853100E-01  0.34147432E-01   0.0000000      0.96585257      0.34147432E-01   0.0000000       0.0000000       0.0000000       0.0000000      0.83654390       1.0511958       0.0000000       0.0000000       0.0000000       0.0000000    
   0.13833707E+15  0.44353864E+33  0.81853100E-01  0.33947064E-01   0.0000000      0.96605294      0.33947064E-01   0.0000000       0.0000000       0.0000000       0.0000000      0.83834474       1.0526545       0.0000000       0.0000000       0.0000000       0.0000000    
   0.13685107E+15  0.43991672E+33  0.80899999E-01  0.33753649E-01   0.0000000      0.96624635      0.33753649E-01   0.0000000       0.0000000       0.0000000       0.0000000      0.84006711       1.0540227       0.0000000       0.0000000       0.0000000       0.0000000    
1.3093657E+14  4.0633317E+32  7.7417443E-02   1233.6341       77.610292       40.000000    
1.2502437E+14  3.7846132E+32  7.3934888E-02   1237.3552       133.19822       40.000000    
1.1911435E+14  3.5343923E+32  7.0452333E-02   1238.5644       168.56746       40.000000    
1.1320639E+14  3.2951793E+32  6.6969778E-02   1237.3169       190.75938       40.000000    
1.0730039E+14  3.0605601E+32  6.3487222E-02   1233.6667       204.92480       40.000000    
1.0139627E+14  2.8304497E+32  6.0004667E-02   1227.6660       214.14075       40.000000    
9.5493944E+13  2.6068919E+32  5.6522111E-02   1219.3641       220.20988       40.000000    
8.9593359E+13  2.3918584E+32  5.3039556E-02   1208.8067       224.18868       40.000000    
8.36260E+13	2.16100E+32	4.95570E-02	448	83.53	15
8.21350E+13	2.11180E+32	4.86760E-02	448	83.97	15
8.06570E+13	2.06370E+32	4.78020E-02	448	84.37	15
7.91940E+13	2.01680E+32	4.69380E-02	448	84.73	15
7.77470E+13	1.97080E+32	4.60820E-02	448	85.07	15
7.63160E+13	1.92600E+32	4.52360E-02	448	85.38	15
7.49010E+13	1.88210E+32	4.44000E-02	448	85.66	15
7.35040E+13	1.83930E+32	4.35740E-02	448	85.91	15
7.26380E+13	1.82560E+32	4.30620E-02	448	91.15	16
7.17150E+13	1.79740E+32	4.25160E-02	448	91.31	16
7.03610E+13	1.75650E+32	4.17150E-02	448	91.51	16
6.90250E+13	1.71650E+32	4.09250E-02	448	91.67	16
6.77090E+13	1.67750E+32	4.01480E-02	448	91.82	16
6.64130E+13	1.63930E+32	3.93810E-02	448	91.93	16
6.51380E+13	1.60200E+32	3.86270E-02	448	92.02	16
6.38840E+13	1.56550E+32	3.78850E-02	448	92.09	16
6.26500E+13	1.52990E+32	3.71560E-02	448	92.14	16
6.14380E+13	1.49500E+32	3.64380E-02	448	92.17	16
6.02450E+13	1.46100E+32	3.57330E-02	448	92.17	16
5.90760E+13	1.42780E+32	3.50410E-02	448	92.17	16
5.79160E+13	1.39530E+32	3.43550E-02	448	92.02	16
5.67930E+13	1.36350E+32	3.36900E-02	448	92.04	16
5.56800E+13	1.33250E+32	3.30320E-02	448	91.91	16
5.45950E+13	1.30210E+32	3.23900E-02	448	91.85	16
5.35340E+13	1.27250E+32	3.17620E-02	448	91.8	16
5.24870E+13	1.24350E+32	3.11420E-02	448	91.67	16
5.14610E+13	1.21520E+32	3.05360E-02	448	91.53	16
5.04560E+13	1.18760E+32	2.99400E-02	448	91.38	16
4.94700E+13	1.16050E+32	2.93570E-02	448	91.22	16
4.85050E+13	1.13410E+32	2.87850E-02	448	91.04	16
4.75590E+13	1.10830E+32	2.82250E-02	448	90.85	16
4.66320E+13	1.08310E+32	2.76770E-02	448	90.65	16
4.57240E+13	1.05840E+32	2.71390E-02	448	90.45	16
4.48340E+13	1.03430E+32	2.66130E-02	448	90.23	16
4.39640E+13	1.01080E+32	2.60970E-02	448	90	16
4.31110E+13	9.87760E+31	2.55920E-02	448	89.77	16
4.22760E+13	9.65280E+31	2.50980E-02	448	89.53	16
4.14580E+13	9.43310E+31	2.46130E-02	448	89.28	16
4.06580E+13	9.21830E+31	2.41390E-02	448	89.03	16
3.98740E+13	9.00850E+31	2.36750E-02	448	88.77	16
3.91080E+13	8.80350E+31	2.32210E-02	448	88.52	16
3.83540E+13	8.60310E+31	2.27750E-02	448	88.21	16
3.76150E+13	8.40720E+31	2.23370E-02	448	87.87	16
3.68990E+13	8.21590E+31	2.19130E-02	448	87.65	16
3.61970E+13	8.02880E+31	2.14970E-02	448	87.39	16
3.55030E+13	7.84610E+31	2.10860E-02	448	87.04	16
3.48290E+13	7.66750E+31	2.06870E-02	448	86.76	16
3.41700E+13	7.49300E+31	2.02960E-02	448	86.5	16
3.35290E+13	7.32240E+31	1.99160E-02	448	86.28	16
3.28960E+13	7.15570E+31	1.95410E-02	448	85.99	16
3.22760E+13	6.99280E+31	1.91740E-02	448	85.7	16
3.16700E+13	6.83370E+31	1.88150E-02	448	85.42	16
3.10770E+13	6.67810E+31	1.84630E-02	448	85.12	16
3.04960E+13	6.52610E+31	1.81190E-02	448	84.84	16
2.99280E+13	6.37750E+31	1.77820E-02	448	84.54	16
2.93710E+13	6.23240E+31	1.74520E-02	448	84.25	16
2.88260E+13	6.09050E+31	1.71290E-02	448	83.96	16
2.82920E+13	5.95190E+31	1.68120E-02	448	83.67	16
2.77700E+13	5.81640E+31	1.65030E-02	448	83.38	16
2.72580E+13	5.68400E+31	1.61990E-02	448	83.1	16
2.67580E+13	5.55460E+31	1.59020E-02	448	82.81	16
2.62670E+13	5.42820E+31	1.56110E-02	448	82.52	16
2.57870E+13	5.30460E+31	1.53270E-02	448	82.24	16
2.53160E+13	5.18390E+31	1.50480E-02	448	81.96	16
2.48560E+13	5.06590E+31	1.47740E-02	448	81.67	16
2.44040E+13	4.95050E+31	1.45070E-02	448	81.4	16
2.39620E+13	4.83790E+31	1.42450E-02	448	81.12	16
2.35300E+13	4.72770E+31	1.39880E-02	448	80.85	16
2.31050E+13	4.62010E+31	1.37360E-02	448	80.57	16
2.26900E+13	4.51500E+31	1.34900E-02	448	80.3	16
2.22830E+13	4.41220E+31	1.32480E-02	448	80.02	16
2.18840E+13	4.31170E+31	1.30120E-02	448	79.76	16
2.14930E+13	4.21360E+31	1.27800E-02	448	79.49	16
2.11100E+13	4.11770E+31	1.25530E-02	448	79.22	16
2.07350E+13	4.02400E+31	1.23300E-02	448	78.96	16
2.03670E+13	3.93240E+31	1.21120E-02	448	78.71	16
2.00060E+13	3.84280E+31	1.18980E-02	448	78.44	16
1.96530E+13	3.75540E+31	1.16880E-02	448	78.19	16
1.93070E+13	3.66990E+31	1.14820E-02	448	77.94	16
1.89670E+13	3.58640E+31	1.12810E-02	448	77.69	16
1.86350E+13	3.50470E+31	1.10840E-02	448	77.44	16
1.83080E+13	3.42490E+31	1.08900E-02	448	77.19	16
1.79890E+13	3.34700E+31	1.07000E-02	448	76.94	16
1.76750E+13	3.27080E+31	1.05140E-02	448	76.7	16
1.64930E+13	3.19630E+31	9.81110E-03	224	64.55	14
1.64040E+13	3.17380E+31	9.75860E-03	224	64.5	14
1.61200E+13	3.10150E+31	9.59000E-03	224	64.32	14
1.58420E+13	3.03090E+31	9.42450E-03	224	64.15	14
1.55680E+13	2.96190E+31	9.26210E-03	224	63.99	14
1.53000E+13	2.89450E+31	9.10270E-03	224	63.82	14
1.50360E+13	2.82860E+31	8.94620E-03	224	63.65	14
1.47780E+13	2.76420E+31	8.79270E-03	224	63.49	14
1.45240E+13	2.70130E+31	8.64200E-03	224	63.32	14
1.42750E+13	2.63980E+31	8.49410E-03	224	63.17	14
1.40300E+13	2.57970E+31	8.34890E-03	224	63	14
1.37900E+13	2.52100E+31	8.20640E-03	224	62.84	14
1.35550E+13	2.46360E+31	8.06650E-03	224	62.69	14
1.33230E+13	2.40760E+31	7.92910E-03	224	62.53	14
1.30960E+13	2.35280E+31	7.79430E-03	224	62.37	14
1.28740E+13	2.29920E+31	7.66190E-03	224	62.22	14
1.26550E+13	2.24690E+31	7.53200E-03	224	62.07	14
1.24400E+13	2.19570E+31	7.40440E-03	224	61.92	14
1.22290E+13	2.14570E+31	7.27910E-03	224	61.77	14
1.20220E+13	2.09690E+31	7.15610E-03	224	61.62	14
1.18190E+13	2.04920E+31	7.03530E-03	224	61.48	14
1.16190E+13	2.00250E+31	6.91670E-03	224	61.33	14
1.14230E+13	1.95690E+31	6.80020E-03	224	61.19	14
1.12310E+13	1.91240E+31	6.68590E-03	224	61.04	14
1.10420E+13	1.86890E+31	6.57350E-03	224	60.9	14
1.08560E+13	1.82630E+31	6.46320E-03	224	60.77	14
1.06740E+13	1.78470E+31	6.35490E-03	224	60.63	14
1.04950E+13	1.74410E+31	6.24850E-03	224	60.48	14
1.03190E+13	1.70440E+31	6.14400E-03	224	60.35	14
1.01460E+13	1.66560E+31	6.04140E-03	224	60.22	14
9.97650E+12	1.62770E+31	5.94060E-03	224	60.09	14
9.81000E+12	1.59070E+31	5.84150E-03	224	59.95	14
9.64630E+12	1.55440E+31	5.74430E-03	224	59.82	14
9.48560E+12	1.51910E+31	5.64870E-03	224	59.7	14
9.32770E+12	1.48450E+31	5.55480E-03	224	59.57	14
9.17260E+12	1.45070E+31	5.46260E-03	224	59.44	14
9.02020E+12	1.41770E+31	5.37210E-03	224	59.31	14
8.87050E+12	1.38540E+31	5.28310E-03	224	59.19	14
8.72350E+12	1.35390E+31	5.19560E-03	224	59.07	14
8.57900E+12	1.32300E+31	5.10970E-03	224	58.95	14
8.43700E+12	1.29290E+31	5.02530E-03	224	58.82	14
8.29760E+12	1.26350E+31	4.94240E-03	224	58.71	14
8.16060E+12	1.23470E+31	4.86090E-03	224	58.59	14
8.02590E+12	1.20660E+31	4.78080E-03	224	58.47	14
7.89360E+12	1.17920E+31	4.70220E-03	224	58.35	14
7.76360E+12	1.15230E+31	4.62480E-03	224	58.24	14
7.63590E+12	1.12610E+31	4.54890E-03	224	58.13	14
7.51030E+12	1.10050E+31	4.47420E-03	224	58.01	14
7.38700E+12	1.07540E+31	4.40080E-03	224	57.9	14
7.26580E+12	1.05090E+31	4.32870E-03	224	57.79	14
7.14670E+12	1.02700E+31	4.25790E-03	224	57.68	14
7.02960E+12	1.00360E+31	4.18820E-03	224	57.57	14
6.91450E+12	9.80790E+30	4.11980E-03	224	57.47	14
6.80140E+12	9.58460E+30	4.05250E-03	224	57.37	14
6.69030E+12	9.36650E+30	3.98640E-03	224	57.26	14
6.58100E+12	9.15330E+30	3.92140E-03	224	57.15	14
6.47370E+12	8.94490E+30	3.85750E-03	224	57.05	14
6.36810E+12	8.74130E+30	3.79470E-03	224	56.95	14
6.16290E+12	8.69280E+30	3.67260E-03	224	64.16	16
6.08630E+12	8.54230E+30	3.62700E-03	224	64.08	16
5.98670E+12	8.34790E+30	3.56780E-03	224	63.98	16
5.88880E+12	8.15790E+30	3.50950E-03	224	63.87	16
5.79260E+12	7.97220E+30	3.45220E-03	224	63.77	16
5.69790E+12	7.79070E+30	3.39590E-03	224	63.67	16
5.60490E+12	7.61340E+30	3.34060E-03	224	63.56	16
5.51350E+12	7.44010E+30	3.28620E-03	224	63.46	16
5.42360E+12	7.27070E+30	3.23270E-03	224	63.36	16
5.33530E+12	7.10520E+30	3.18010E-03	224	63.26	16
5.24840E+12	6.94350E+30	3.12840E-03	224	63.16	16
5.16300E+12	6.78540E+30	3.07750E-03	224	63.06	16
5.07900E+12	6.63100E+30	3.02760E-03	224	62.96	16
4.99650E+12	6.48000E+30	2.97840E-03	224	62.87	16
4.91530E+12	6.33250E+30	2.93010E-03	224	62.77	16
4.83550E+12	6.18840E+30	2.88260E-03	224	62.68	16
4.75710E+12	6.04750E+30	2.83590E-03	224	62.59	16
4.67990E+12	5.90980E+30	2.79000E-03	224	62.5	16
3.73030E+12	5.77530E+30	2.22380E-03	112	52.53	14
3.70890E+12	5.73000E+30	2.21100E-03	112	52.51	14
3.64680E+12	5.59950E+30	2.17410E-03	112	52.44	14
3.58580E+12	5.47210E+30	2.13780E-03	112	52.39	14
3.52590E+12	5.34750E+30	2.10210E-03	112	52.34	14
3.46700E+12	5.22580E+30	2.06710E-03	112	52.28	14
3.40900E+12	5.10680E+30	2.03260E-03	112	52.23	14
3.35210E+12	4.99060E+30	1.99870E-03	112	52.18	14
3.29610E+12	4.87700E+30	1.96540E-03	112	52.12	14
3.24110E+12	4.76600E+30	1.93260E-03	112	52.06	14
3.18700E+12	4.65750E+30	1.90040E-03	112	52.01	14
3.13380E+12	4.55150E+30	1.86870E-03	112	51.96	14
3.08150E+12	4.44790E+30	1.83760E-03	112	51.91	14
3.03010E+12	4.34660E+30	1.80700E-03	112	51.86	14
2.97950E+12	4.24770E+30	1.77690E-03	112	51.81	14
2.92980E+12	4.15100E+30	1.74730E-03	112	51.76	14
2.88100E+12	4.05650E+30	1.71820E-03	112	51.71	14
2.83290E+12	3.96420E+30	1.68960E-03	112	51.66	14
2.78570E+12	3.87390E+30	1.66140E-03	112	51.62	14
2.73930E+12	3.78570E+30	1.63380E-03	112	51.56	14
2.69360E+12	3.69960E+30	1.60660E-03	112	51.51	14
2.64870E+12	3.61540E+30	1.57990E-03	112	51.47	14
2.60460E+12	3.53310E+30	1.55360E-03	112	51.42	14
2.56120E+12	3.45260E+30	1.52780E-03	112	51.37	14
2.51860E+12	3.37400E+30	1.50240E-03	112	51.33	14
2.47670E+12	3.29720E+30	1.47740E-03	112	51.28	14
2.43540E+12	3.22220E+30	1.45280E-03	112	51.24	14
2.39490E+12	3.14880E+30	1.42870E-03	112	51.2	14
2.35500E+12	3.07720E+30	1.40490E-03	112	51.15	14
2.31580E+12	3.00710E+30	1.38160E-03	112	51.1	14
2.27730E+12	2.93870E+30	1.35860E-03	112	51.06	14
2.23940E+12	2.87180E+30	1.33610E-03	112	51.02	14
2.20220E+12	2.80640E+30	1.31390E-03	112	50.97	14
2.16560E+12	2.74250E+30	1.29210E-03	112	50.93	14
2.12950E+12	2.68010E+30	1.27060E-03	112	50.89	14
2.09410E+12	2.61910E+30	1.24950E-03	112	50.85	14
2.05930E+12	2.55950E+30	1.22880E-03	112	50.81	14
1.21760E+12	2.54200E+30	7.26500E-04	56	47.86	14
1.20290E+12	2.50120E+30	7.17750E-04	56	47.86	14
1.18230E+12	2.44430E+30	7.05480E-04	56	47.85	14
1.16200E+12	2.38860E+30	6.93420E-04	56	47.84	14
1.14210E+12	2.33430E+30	6.81560E-04	56	47.82	14
1.12250E+12	2.28110E+30	6.69910E-04	56	47.81	14
1.10330E+12	2.22920E+30	6.58460E-04	56	47.8	14
1.08440E+12	2.17850E+30	6.47200E-04	56	47.79	14
1.06580E+12	2.12890E+30	6.36140E-04	56	47.78	14
1.04760E+12	2.08040E+30	6.25260E-04	56	47.76	14
1.02960E+12	2.03310E+30	6.14580E-04	56	47.76	14
1.01200E+12	1.98680E+30	6.04070E-04	56	47.75	14
9.94660E+11	1.94160E+30	5.93740E-04	56	47.74	14
9.77620E+11	1.89740E+30	5.83590E-04	56	47.73	14
9.60870E+11	1.85420E+30	5.73620E-04	56	47.72	14
9.44410E+11	1.81200E+30	5.63810E-04	56	47.71	14
9.28240E+11	1.77070E+30	5.54180E-04	56	47.69	14
9.12340E+11	1.73040E+30	5.44700E-04	56	47.69	14
8.96710E+11	1.69100E+30	5.35390E-04	56	47.68	14
8.81350E+11	1.65250E+30	5.26240E-04	56	47.67	14
8.66260E+11	1.61490E+30	5.17250E-04	56	47.66	14
8.51420E+11	1.57820E+30	5.08400E-04	56	47.65	14
8.36840E+11	1.54220E+30	4.99710E-04	56	47.64	14
8.22510E+11	1.50710E+30	4.91170E-04	56	47.63	14
8.08420E+11	1.47280E+30	4.82780E-04	56	47.63	14
7.94570E+11	1.43930E+30	4.74520E-04	56	47.62	14
7.80970E+11	1.40650E+30	4.66410E-04	56	47.61	14
7.67590E+11	1.37450E+30	4.58440E-04	56	47.6	14
7.54450E+11	1.34320E+30	4.50610E-04	56	47.59	14
7.41530E+11	1.31270E+30	4.42900E-04	56	47.58	14
7.28830E+11	1.28280E+30	4.35330E-04	56	47.57	14
7.16350E+11	1.25360E+30	4.27890E-04	56	47.56	14
7.04080E+11	1.22500E+30	4.20580E-04	56	47.56	14
6.92020E+11	1.19720E+30	4.13390E-04	56	47.55	14
6.04230E+11	1.18370E+30	3.61030E-04	56	53.5	16
5.98910E+11	1.16990E+30	3.57860E-04	56	53.5	16
5.88640E+11	1.14330E+30	3.51730E-04	56	53.5	16
5.78540E+11	1.11730E+30	3.45710E-04	56	53.49	16
5.68620E+11	1.09180E+30	3.39790E-04	56	53.49	16
5.58870E+11	1.06700E+30	3.33980E-04	56	53.49	16
5.49280E+11	1.04270E+30	3.28260E-04	56	53.48	16
5.39860E+11	1.01890E+30	3.22640E-04	56	53.48	16
5.30610E+11	9.95750E+29	3.17120E-04	56	53.48	16
5.21510E+11	9.73090E+29	3.11690E-04	56	53.48	16
5.12560E+11	9.50940E+29	3.06360E-04	56	53.48	16
4.78620E+11	9.40230E+29	2.86120E-04	56	55.73	17
4.74430E+11	9.29290E+29	2.83620E-04	56	55.73	17
4.66290E+11	9.08140E+29	2.78760E-04	56	55.73	17
4.58300E+11	8.87470E+29	2.73990E-04	56	55.73	17
4.50430E+11	8.67260E+29	2.69300E-04	56	55.74	17
4.42710E+11	8.47520E+29	2.64690E-04	56	55.74	17
4.41306E+11	8.46779E+29	2.63957E-04	56	56	18 
4.01720E+11	7.72950E+29	2.40290E-04	56	56	18
3.35900E+11	6.13980E+29	2.00980E-04	56	56	18
2.82540E+11	4.87700E+29	1.69110E-04	56	56	18
2.37660E+11	3.87390E+29	1.42300E-04	56	56	18
2.17400E+11	3.44060E+29	1.30190E-04	56	56	18
1.95990E+11	3.44060E+29	1.17390E-04	56	56	20
1.86570E+11	3.22220E+29	1.11750E-04	56	56	20
1.56940E+11	2.55950E+29	9.40340E-05	56	56	20
1.32010E+11	2.03310E+29	7.91250E-05	56	56	20
1.11050E+11	1.61490E+29	6.65800E-05	56	56	20
9.34200E+10	1.28280E+29	5.60250E-05	56	56	20
7.85900E+10	1.01890E+29	4.71430E-05	56	56	20
7.33050E+10	9.28700E+28	4.39770E-05	56	56	20
6.67540E+10	9.28700E+28	4.00520E-05	56	56	22
6.23240E+10	8.47520E+28	3.73980E-05	56	56	22
5.24320E+10	6.73210E+28	3.14700E-05	56	56	22
4.41100E+10	5.34750E+28	2.64820E-05	56	56	22
3.71110E+10	4.24770E+28	2.22850E-05	56	56	22
3.12230E+10	3.37400E+28	1.87530E-05	56	56	22
2.62700E+10	2.68010E+28	1.57810E-05	56	56	22
2.21040E+10	2.12890E+28	1.32810E-05	56	56	22
1.99520E+10	1.85710E+28	1.19900E-05	56	56	22
1.83210E+10	1.85710E+28	1.10100E-05	56	56	24
1.76780E+10	1.77070E+28	1.06240E-05	56	56	24
1.48750E+10	1.40650E+28	8.94100E-06	56	56	24
1.25170E+10	1.11730E+28	7.52490E-06	56	56	24
1.05330E+10	8.87470E+27	6.33330E-06	56	56	24
8.86400E+09	7.04940E+27	5.33060E-06	56	56	24
7.45980E+09	5.59950E+27	4.48680E-06	56	56	24
6.27830E+09	4.44790E+27	3.77680E-06	56	56	24
5.28430E+09	3.53310E+27	3.17920E-06	56	56	24
4.44800E+09	2.80640E+27	2.67640E-06	56	56	24
3.74420E+09	2.22920E+27	2.25320E-06	56	56	24
3.15210E+09	1.77070E+27	1.89710E-06	56	56	24
2.65380E+09	1.40650E+27	1.59730E-06	56	56	24
2.23450E+09	1.11730E+27	1.34510E-06	56	56	24
1.88160E+09	8.87470E+26	1.13280E-06	56	56	24
1.58460E+09	7.04940E+26	9.54060E-07	56	56	24
1.49060E+09	6.49450E+26	8.97500E-07	56	56	24
1.37840E+09	6.49450E+26	8.29900E-07	56	56	26
1.27720E+09	5.86340E+26	7.69040E-07	56	56	26
1.07590E+09	4.65750E+26	6.47860E-07	56	56	26
9.06390E+08	3.69960E+26	5.45840E-07	56	56	26
7.63730E+08	2.93870E+26	4.59960E-07	56	56	26
6.43630E+08	2.33430E+26	3.87660E-07	56	56	26
5.42520E+08	1.85420E+26	3.26780E-07	56	56	26
4.57380E+08	1.47280E+26	2.75520E-07	56	56	26
3.85700E+08	1.16990E+26	2.32350E-07	56	56	26
3.25330E+08	9.29290E+25	1.95990E-07	56	56	26
2.74480E+08	7.38160E+25	1.65370E-07	56	56	26
2.31650E+08	5.86340E+25	1.39570E-07	56	56	26
1.95560E+08	4.65750E+25	1.17830E-07	56	56	26
1.65150E+08	3.69960E+25	9.95170E-08	56	56	26
1.39530E+08	2.93870E+25	8.40780E-08	56	56	26
1.17920E+08	2.33430E+25	7.10630E-08	56	56	26
9.97100E+07	1.85420E+25	6.00890E-08	56	56	26
8.43480E+07	1.47280E+25	5.08330E-08	56	56	26
7.13890E+07	1.16990E+25	4.30240E-08	56	56	26
6.04530E+07	9.29290E+24	3.64350E-08	56	56	26
5.12220E+07	7.38160E+24	3.08720E-08	56	56	26
4.41480E+07	6.00000E+24	2.66090E-08	56	56	26
4.24880E+07	5.68815E+24	2.56087E-08	56	56	26
3.81766E+07	4.89693E+24	2.30105E-08	56	56	26
3.43124E+07	4.21577E+24	2.06817E-08	56	56	26
3.08483E+07	3.62936E+24	1.85940E-08	56	56	26
2.77422E+07	3.12451E+24	1.67220E-08	56	56	26
2.49565E+07	2.68990E+24	1.50431E-08	56	56	26
2.24576E+07	2.31573E+24	1.35370E-08	56	56	26
2.02155E+07	1.99361E+24	1.21856E-08	56	56	26
1.82032E+07	1.71630E+24	1.09728E-08	56	56	26
1.63968E+07	1.47757E+24	9.88398E-09	56	56	26
1.47748E+07	1.27204E+24	8.90629E-09	56	56	26
1.33178E+07	1.09510E+24	8.02814E-09	56	56	26
1.20089E+07	9.42770E+23	7.23914E-09	56	56	26
1.08325E+07	8.11631E+23	6.53004E-09	56	56	26
9.77488E+06	6.98733E+23	5.89256E-09	56	56	26
8.82381E+06	6.01540E+23	5.31927E-09	56	56	26
7.96825E+06	5.17866E+23	4.80355E-09	56	56	26
7.19835E+06	4.45831E+23	4.33946E-09	56	56	26
6.50529E+06	3.83816E+23	3.92168E-09	56	56	26
5.88118E+06	3.30427E+23	3.54546E-09	56	56	26
5.31896E+06	2.84465E+23	3.20655E-09	56	56	26
4.81231E+06	2.44896E+23	2.90113E-09	56	56	26
4.35556E+06	2.10831E+23	2.62579E-09	56	56	26
3.94365E+06	1.81505E+23	2.37748E-09	56	56	26
3.57202E+06	1.56257E+23	2.15345E-09	56	56	26
3.23662E+06	1.34522E+23	1.95126E-09	56	56	26
2.93379E+06	1.15810E+23	1.76870E-09	56	56	26
2.894E+06      1.132E+23      1.743E-09      56.       56.       26.
1.701E+06      4.983E+22      1.025E-09      56.       56.       26.
1.000E+06      2.159E+22      6.023E-10      56.       56.       26.
5.878E+05      9.218E+21      3.540E-10      56.       56.       26.
3.455E+05      3.882E+21      2.081E-10      56.       56.       26.
2.031E+05      1.615E+21      1.223E-10      56.       56.       26.
1.194E+05      6.639E+20      7.190E-11      56.       56.       26.
7.017E+04      2.700E+20      4.226E-11      56.       56.       26.
4.125E+04      1.086E+20      2.484E-11      56.       56.       26.
2.424E+04      4.319E+19      1.460E-11      56.       56.       26.
1.425E+04      1.693E+19      8.583E-12      56.       56.       26.
8.377E+03      6.528E+18      5.045E-12      56.       56.       26.
4.924E+03      2.460E+18      2.966E-12      56.       56.       26.
2.894E+03      8.985E+17      1.743E-12      56.       56.       26.
1.701E+03      3.127E+17      1.025E-12      56.       56.       26.
1.000E+03      1.003E+17      6.023E-13      56.       56.       26.





