      6    273   133          Itext Imax Icore

      Akmal, Pandariphande & Ravenhall: A18 + dv + UIX* model (the best one)

   Rho        Press       nbar       Ye         Ymu        Yn         Yp         Yla        Ysm        Ys0        Ysp       mstp       mstn       mstla      mstsm      msts0      mstsp
  g/cm3     dyne/cm2     #/fm3     [A_cell]    [A_ion]     [Z]

   0.23107886E+16  0.10794904E+37  0.98607296      0.18110679      0.15606236      0.66283085      0.33716915       0.0000000       0.0000000       0.0000000       0.0000000      0.24507365      0.20459389       0.0000000       0.0000000       0.0000000       0.0000000    
   0.22753396E+16  0.10502756E+37  0.97607296      0.17986475      0.15470366      0.66543159      0.33456841       0.0000000       0.0000000       0.0000000       0.0000000      0.24766284      0.20663525       0.0000000       0.0000000       0.0000000       0.0000000    
   0.22402207E+16  0.10215702E+37  0.96607296      0.17859869      0.15332042      0.66808088      0.33191912       0.0000000       0.0000000       0.0000000       0.0000000      0.25029474      0.20871832       0.0000000       0.0000000       0.0000000       0.0000000    
   0.22054295E+16  0.99336940E+36  0.95607296      0.17730831      0.15191239      0.67077930      0.32922070       0.0000000       0.0000000       0.0000000       0.0000000      0.25297006      0.21084446       0.0000000       0.0000000       0.0000000       0.0000000    
   0.21709636E+16  0.96566838E+36  0.94607296      0.17599328      0.15047931      0.67352741      0.32647259       0.0000000       0.0000000       0.0000000       0.0000000      0.25568950      0.21301510       0.0000000       0.0000000       0.0000000       0.0000000    
   0.21368206E+16  0.93846235E+36  0.93607296      0.17465333      0.14902095      0.67632572      0.32367428       0.0000000       0.0000000       0.0000000       0.0000000      0.25845379      0.21523175       0.0000000       0.0000000       0.0000000       0.0000000    
   0.21029980E+16  0.91174646E+36  0.92607296      0.17328816      0.14753709      0.67917474      0.32082526       0.0000000       0.0000000       0.0000000       0.0000000      0.26126363      0.21749596       0.0000000       0.0000000       0.0000000       0.0000000    
   0.20694935E+16  0.88551585E+36  0.91607296      0.17189753      0.14602755      0.68207492      0.31792508       0.0000000       0.0000000       0.0000000       0.0000000      0.26411973      0.21980936       0.0000000       0.0000000       0.0000000       0.0000000    
   0.20363047E+16  0.85976566E+36  0.90607296      0.17048117      0.14449213      0.68502669      0.31497331       0.0000000       0.0000000       0.0000000       0.0000000      0.26702281      0.22217366       0.0000000       0.0000000       0.0000000       0.0000000    
   0.20034291E+16  0.83449100E+36  0.89607296      0.16903888      0.14293069      0.68803043      0.31196957       0.0000000       0.0000000       0.0000000       0.0000000      0.26997357      0.22459065       0.0000000       0.0000000       0.0000000       0.0000000    
   0.19708644E+16  0.80968699E+36  0.88607296      0.16757045      0.14134309      0.69108646      0.30891354       0.0000000       0.0000000       0.0000000       0.0000000      0.27297274      0.22706219       0.0000000       0.0000000       0.0000000       0.0000000    
   0.19386083E+16  0.78534873E+36  0.87607296      0.16607569      0.13972923      0.69419508      0.30580492       0.0000000       0.0000000       0.0000000       0.0000000      0.27602101      0.22959023       0.0000000       0.0000000       0.0000000       0.0000000    
   0.19066584E+16  0.76147132E+36  0.86607296      0.16455447      0.13808904      0.69735650      0.30264350       0.0000000       0.0000000       0.0000000       0.0000000      0.27911909      0.23217682       0.0000000       0.0000000       0.0000000       0.0000000    
   0.18750122E+16  0.73804987E+36  0.85607296      0.16300666      0.13642245      0.70057089      0.29942911       0.0000000       0.0000000       0.0000000       0.0000000      0.28226768      0.23482410       0.0000000       0.0000000       0.0000000       0.0000000    
   0.18436675E+16  0.71507949E+36  0.84607296      0.16143217      0.13472947      0.70383836      0.29616164       0.0000000       0.0000000       0.0000000       0.0000000      0.28546748      0.23753429       0.0000000       0.0000000       0.0000000       0.0000000    
   0.18126220E+16  0.69255530E+36  0.83607296      0.15983095      0.13301011      0.70715895      0.29284105       0.0000000       0.0000000       0.0000000       0.0000000      0.28871918      0.24030975       0.0000000       0.0000000       0.0000000       0.0000000    
   0.17818733E+16  0.67047242E+36  0.82607296      0.15820298      0.13126442      0.71053261      0.28946739       0.0000000       0.0000000       0.0000000       0.0000000      0.29202348      0.24315292       0.0000000       0.0000000       0.0000000       0.0000000    
   0.17514190E+16  0.64882601E+36  0.81607296      0.15654828      0.12949250      0.71395922      0.28604078       0.0000000       0.0000000       0.0000000       0.0000000      0.29538104      0.24606638       0.0000000       0.0000000       0.0000000       0.0000000    
   0.17212570E+16  0.62761125E+36  0.80607296      0.15486693      0.12769449      0.71743858      0.28256142       0.0000000       0.0000000       0.0000000       0.0000000      0.29879256      0.24905282       0.0000000       0.0000000       0.0000000       0.0000000    
   0.16913848E+16  0.60682335E+36  0.79607296      0.15315903      0.12587058      0.72097039      0.27902961       0.0000000       0.0000000       0.0000000       0.0000000      0.30225871      0.25211505       0.0000000       0.0000000       0.0000000       0.0000000    
   0.16618002E+16  0.58645754E+36  0.78607296      0.15142475      0.12402098      0.72455426      0.27544574       0.0000000       0.0000000       0.0000000       0.0000000      0.30578016      0.25525604       0.0000000       0.0000000       0.0000000       0.0000000    
   0.16325009E+16  0.56650912E+36  0.77607296      0.14966431      0.12214599      0.72818970      0.27181030       0.0000000       0.0000000       0.0000000       0.0000000      0.30935757      0.25847888       0.0000000       0.0000000       0.0000000       0.0000000    
   0.16034846E+16  0.54697343E+36  0.76607296      0.14787797      0.12024592      0.73187611      0.26812389       0.0000000       0.0000000       0.0000000       0.0000000      0.31299161      0.26178682       0.0000000       0.0000000       0.0000000       0.0000000    
   0.15747491E+16  0.52784587E+36  0.75607296      0.14606608      0.11832116      0.73561276      0.26438724       0.0000000       0.0000000       0.0000000       0.0000000      0.31668293      0.26518326       0.0000000       0.0000000       0.0000000       0.0000000    
   0.15462921E+16  0.50912189E+36  0.74607296      0.14422902      0.11637216      0.73939882      0.26060118       0.0000000       0.0000000       0.0000000       0.0000000      0.32043220      0.26867178       0.0000000       0.0000000       0.0000000       0.0000000    
   0.15181113E+16  0.49079705E+36  0.73607296      0.14236727      0.11439941      0.74323332      0.25676668       0.0000000       0.0000000       0.0000000       0.0000000      0.32424007      0.27225611       0.0000000       0.0000000       0.0000000       0.0000000    
   0.14902046E+16  0.47286694E+36  0.72607296      0.14048135      0.11240348      0.74711517      0.25288483       0.0000000       0.0000000       0.0000000       0.0000000      0.32810721      0.27594019       0.0000000       0.0000000       0.0000000       0.0000000    
   0.14625696E+16  0.45532730E+36  0.71607296      0.13857188      0.11038499      0.75104314      0.24895686       0.0000000       0.0000000       0.0000000       0.0000000      0.33203428      0.27972812       0.0000000       0.0000000       0.0000000       0.0000000    
   0.14352042E+16  0.43817391E+36  0.70607296      0.13663953      0.10834464      0.75501583      0.24498417       0.0000000       0.0000000       0.0000000       0.0000000      0.33602196      0.28362423       0.0000000       0.0000000       0.0000000       0.0000000    
   0.14081060E+16  0.42140271E+36  0.69607296      0.13468509      0.10628319      0.75903172      0.24096828       0.0000000       0.0000000       0.0000000       0.0000000      0.34007093      0.28763304       0.0000000       0.0000000       0.0000000       0.0000000    
   0.13812729E+16  0.40500972E+36  0.68607296      0.13270939      0.10420148      0.76308913      0.23691087       0.0000000       0.0000000       0.0000000       0.0000000      0.34418191      0.29175930       0.0000000       0.0000000       0.0000000       0.0000000    
   0.13547026E+16  0.38899109E+36  0.67607296      0.13071338      0.10210041      0.76718621      0.23281379       0.0000000       0.0000000       0.0000000       0.0000000      0.34835560      0.29600799       0.0000000       0.0000000       0.0000000       0.0000000    
   0.13283928E+16  0.37334312E+36  0.66607296      0.12869809      0.99980959E-01  0.77132095      0.22867905       0.0000000       0.0000000       0.0000000       0.0000000      0.35259275      0.30038433       0.0000000       0.0000000       0.0000000       0.0000000    
   0.13023414E+16  0.35806221E+36  0.65607296      0.12666465      0.97844192E-01  0.77549116      0.22450884       0.0000000       0.0000000       0.0000000       0.0000000      0.35689415      0.30489379       0.0000000       0.0000000       0.0000000       0.0000000    
   0.12765460E+16  0.34314495E+36  0.64607296      0.12461427      0.95691240E-01  0.77969449      0.22030551       0.0000000       0.0000000       0.0000000       0.0000000      0.36126060      0.30954213       0.0000000       0.0000000       0.0000000       0.0000000    
   0.12510044E+16  0.32858805E+36  0.63607296      0.12254828      0.93523317E-01  0.78392840      0.21607160       0.0000000       0.0000000       0.0000000       0.0000000      0.36569298      0.31433535       0.0000000       0.0000000       0.0000000       0.0000000    
   0.12257144E+16  0.31438837E+36  0.62607296      0.12046809      0.91341712E-01  0.78819020      0.21180980       0.0000000       0.0000000       0.0000000       0.0000000      0.37019218      0.31927976       0.0000000       0.0000000       0.0000000       0.0000000    
   0.12006735E+16  0.30054296E+36  0.61607296      0.11837523      0.89147796E-01  0.79247697      0.20752303       0.0000000       0.0000000       0.0000000       0.0000000      0.37475919      0.32438198       0.0000000       0.0000000       0.0000000       0.0000000    
   0.11758795E+16  0.28704899E+36  0.60607296      0.11627132      0.86943017E-01  0.79678566      0.20321434       0.0000000       0.0000000       0.0000000       0.0000000      0.37939506      0.32964893       0.0000000       0.0000000       0.0000000       0.0000000    
   0.11513300E+16  0.27390382E+36  0.59607296      0.11415810      0.84728901E-01  0.80111300      0.19888700       0.0000000       0.0000000       0.0000000       0.0000000      0.38410091      0.33508787       0.0000000       0.0000000       0.0000000       0.0000000    
   0.11270226E+16  0.26110495E+36  0.58607296      0.11203739      0.82507050E-01  0.80545556      0.19454444       0.0000000       0.0000000       0.0000000       0.0000000      0.38887797      0.34070640       0.0000000       0.0000000       0.0000000       0.0000000    
   0.11029549E+16  0.24865005E+36  0.57607296      0.10991114      0.80279143E-01  0.80980972      0.19019028       0.0000000       0.0000000       0.0000000       0.0000000      0.39372758      0.34651246       0.0000000       0.0000000       0.0000000       0.0000000    
   0.10791245E+16  0.23653692E+36  0.56607296      0.10778138      0.78046929E-01  0.81417169      0.18582831       0.0000000       0.0000000       0.0000000       0.0000000      0.39865119      0.35251437       0.0000000       0.0000000       0.0000000       0.0000000    
   0.10555288E+16  0.22476352E+36  0.55607296      0.10565024      0.75812227E-01  0.81853753      0.18146247       0.0000000       0.0000000       0.0000000       0.0000000      0.40365039      0.35872085       0.0000000       0.0000000       0.0000000       0.0000000    
   0.10321654E+16  0.21332792E+36  0.54607296      0.10351998      0.73576923E-01  0.82290310      0.17709690       0.0000000       0.0000000       0.0000000       0.0000000      0.40872692      0.36514099       0.0000000       0.0000000       0.0000000       0.0000000    
   0.10090314E+16  0.20222832E+36  0.53607296      0.10139290      0.71342962E-01  0.82726414      0.17273586       0.0000000       0.0000000       0.0000000       0.0000000      0.41388270      0.37178428       0.0000000       0.0000000       0.0000000       0.0000000    
   0.98612443E+15  0.19146302E+36  0.52607296      0.99271427E-01  0.69112349E-01  0.83161622      0.16838378       0.0000000       0.0000000       0.0000000       0.0000000      0.41911982      0.37866064       0.0000000       0.0000000       0.0000000       0.0000000    
   0.96344157E+15  0.18103041E+36  0.51607296      0.97158058E-01  0.66887136E-01  0.83595481      0.16404519       0.0000000       0.0000000       0.0000000       0.0000000      0.42444058      0.38578043       0.0000000       0.0000000       0.0000000       0.0000000    
   0.94098005E+15  0.17092893E+36  0.50607296      0.95055361E-01  0.64669423E-01  0.84027522      0.15972478       0.0000000       0.0000000       0.0000000       0.0000000      0.42984750      0.39315442       0.0000000       0.0000000       0.0000000       0.0000000    
   0.91873699E+15  0.16115707E+36  0.49607296      0.92965975E-01  0.62461342E-01  0.84457268      0.15542732       0.0000000       0.0000000       0.0000000       0.0000000      0.43534336      0.40079385       0.0000000       0.0000000       0.0000000       0.0000000    
   0.89670941E+15  0.15171333E+36  0.48607296      0.90892592E-01  0.60265057E-01  0.84884235      0.15115765       0.0000000       0.0000000       0.0000000       0.0000000      0.44093117      0.40871040       0.0000000       0.0000000       0.0000000       0.0000000    
   0.87489426E+15  0.14259620E+36  0.47607296      0.88837954E-01  0.58082749E-01  0.85307930      0.14692070       0.0000000       0.0000000       0.0000000       0.0000000      0.44661427      0.41691618       0.0000000       0.0000000       0.0000000       0.0000000    
   0.85328837E+15  0.13380414E+36  0.46607296      0.86804832E-01  0.55916607E-01  0.85727856      0.14272144       0.0000000       0.0000000       0.0000000       0.0000000      0.45239627      0.42542379       0.0000000       0.0000000       0.0000000       0.0000000    
   0.83188849E+15  0.12533553E+36  0.45607296      0.84796023E-01  0.53768820E-01  0.86143516      0.13856484       0.0000000       0.0000000       0.0000000       0.0000000      0.45828113      0.43424626       0.0000000       0.0000000       0.0000000       0.0000000    
   0.81069128E+15  0.11718865E+36  0.44607296      0.82814324E-01  0.51641561E-01  0.86554411      0.13445589       0.0000000       0.0000000       0.0000000       0.0000000      0.46427316      0.44339707       0.0000000       0.0000000       0.0000000       0.0000000    
   0.78969327E+15  0.10936165E+36  0.43607296      0.80862525E-01  0.49536975E-01  0.86960050      0.13039950       0.0000000       0.0000000       0.0000000       0.0000000      0.47037703      0.45289009       0.0000000       0.0000000       0.0000000       0.0000000    
   0.76889090E+15  0.10185253E+36  0.42607296      0.78943386E-01  0.47457165E-01  0.87359945      0.12640055       0.0000000       0.0000000       0.0000000       0.0000000      0.47659783      0.46273965       0.0000000       0.0000000       0.0000000       0.0000000    
   0.74828047E+15  0.94659059E+35  0.41607296      0.77059618E-01  0.45404177E-01  0.87753620      0.12246380       0.0000000       0.0000000       0.0000000       0.0000000      0.48294107      0.47296042       0.0000000       0.0000000       0.0000000       0.0000000    
   0.72785821E+15  0.87778820E+35  0.40607296      0.75213865E-01  0.43379985E-01  0.88140615      0.11859385       0.0000000       0.0000000       0.0000000       0.0000000      0.48941270      0.48356741       0.0000000       0.0000000       0.0000000       0.0000000    
   0.70762019E+15  0.81209118E+35  0.39607296      0.73408677E-01  0.41386471E-01  0.88520485      0.11479515       0.0000000       0.0000000       0.0000000       0.0000000      0.49601914      0.49457594       0.0000000       0.0000000       0.0000000       0.0000000    
   0.68756237E+15  0.74946982E+35  0.38607296      0.71646489E-01  0.39425406E-01  0.88892811      0.11107189       0.0000000       0.0000000       0.0000000       0.0000000      0.50276729      0.50600153       0.0000000       0.0000000       0.0000000       0.0000000    
   0.66768062E+15  0.68989132E+35  0.37607296      0.69929594E-01  0.37498433E-01  0.89257197      0.10742803       0.0000000       0.0000000       0.0000000       0.0000000      0.50966460      0.51785987       0.0000000       0.0000000       0.0000000       0.0000000    
   0.64797067E+15  0.63331956E+35  0.36607296      0.68260116E-01  0.35607043E-01  0.89613284      0.10386716       0.0000000       0.0000000       0.0000000       0.0000000      0.51671901      0.53016670       0.0000000       0.0000000       0.0000000       0.0000000    
   0.62842812E+15  0.57971489E+35  0.35607296      0.66639980E-01  0.33752555E-01  0.89960747      0.10039253       0.0000000       0.0000000       0.0000000       0.0000000      0.52393906      0.54293767       0.0000000       0.0000000       0.0000000       0.0000000    
   0.60904847E+15  0.52903398E+35  0.34607296      0.65070877E-01  0.31936087E-01  0.90299304      0.97006964E-01   0.0000000       0.0000000       0.0000000       0.0000000      0.53133382      0.55618824       0.0000000       0.0000000       0.0000000       0.0000000    
   0.58982710E+15  0.48122963E+35  0.33607296      0.63554236E-01  0.30158535E-01  0.90628723      0.93712771E-01   0.0000000       0.0000000       0.0000000       0.0000000      0.53891300      0.56993350       0.0000000       0.0000000       0.0000000       0.0000000    
   0.57075929E+15  0.43625072E+35  0.32607296      0.62091182E-01  0.28420541E-01  0.90948828      0.90511723E-01   0.0000000       0.0000000       0.0000000       0.0000000      0.54668690      0.58418792       0.0000000       0.0000000       0.0000000       0.0000000    
   0.55184018E+15  0.39404206E+35  0.31607296      0.60682501E-01  0.26722463E-01  0.91259504      0.87404964E-01   0.0000000       0.0000000       0.0000000       0.0000000      0.55466643      0.59896514       0.0000000       0.0000000       0.0000000       0.0000000    
   0.53306485E+15  0.35454443E+35  0.30607296      0.59328594E-01  0.25064345E-01  0.91560706      0.84392939E-01   0.0000000       0.0000000       0.0000000       0.0000000      0.56286316      0.61427768       0.0000000       0.0000000       0.0000000       0.0000000    
   0.51442824E+15  0.31769452E+35  0.29607296      0.58029435E-01  0.23445876E-01  0.91852469      0.81475311E-01   0.0000000       0.0000000       0.0000000       0.0000000      0.57128930      0.63013655       0.0000000       0.0000000       0.0000000       0.0000000    
   0.49592521E+15  0.28342497E+35  0.28607296      0.56784517E-01  0.21866352E-01  0.92134913      0.78650870E-01   0.0000000       0.0000000       0.0000000       0.0000000      0.57995772      0.64655085       0.0000000       0.0000000       0.0000000       0.0000000    
   0.47755054E+15  0.25166439E+35  0.27607296      0.55592801E-01  0.20324635E-01  0.92408256      0.75917437E-01   0.0000000       0.0000000       0.0000000       0.0000000      0.58888195      0.66352730       0.0000000       0.0000000       0.0000000       0.0000000    
   0.45929891E+15  0.22233753E+35  0.26607296      0.54452653E-01  0.18819099E-01  0.92672825      0.73271753E-01   0.0000000       0.0000000       0.0000000       0.0000000      0.59807616      0.68106964       0.0000000       0.0000000       0.0000000       0.0000000    
   0.44116493E+15  0.19536530E+35  0.25607296      0.53361779E-01  0.17347578E-01  0.92929064      0.70709358E-01   0.0000000       0.0000000       0.0000000       0.0000000      0.60755518      0.69917793       0.0000000       0.0000000       0.0000000       0.0000000    
   0.42314315E+15  0.17066494E+35  0.24607296      0.52317150E-01  0.15907305E-01  0.93177555      0.68224455E-01   0.0000000       0.0000000       0.0000000       0.0000000      0.61733449      0.71784780       0.0000000       0.0000000       0.0000000       0.0000000    
   0.40522803E+15  0.14815017E+35  0.23607296      0.51314918E-01  0.14494838E-01  0.93419024      0.65809755E-01   0.0000000       0.0000000       0.0000000       0.0000000      0.62743016      0.73706948       0.0000000       0.0000000       0.0000000       0.0000000    
   0.38741402E+15  0.12773136E+35  0.22607296      0.50350324E-01  0.13105986E-01  0.93654369      0.63456310E-01   0.0000000       0.0000000       0.0000000       0.0000000      0.63785887      0.75682672       0.0000000       0.0000000       0.0000000       0.0000000    
   0.36969550E+15  0.10931569E+35  0.21607296      0.49417591E-01  0.11735719E-01  0.93884669      0.61153310E-01   0.0000000       0.0000000       0.0000000       0.0000000      0.64863784      0.77709551       0.0000000       0.0000000       0.0000000       0.0000000    
   0.35206681E+15  0.92807328E+34  0.20607296      0.48509807E-01  0.10378059E-01  0.94111213      0.58887866E-01   0.0000000       0.0000000       0.0000000       0.0000000      0.65978483      0.79784264       0.0000000       0.0000000       0.0000000       0.0000000    
   0.33452227E+15  0.78107611E+34  0.19607296      0.47618788E-01  0.90259721E-02  0.94335524      0.56644761E-01   0.0000000       0.0000000       0.0000000       0.0000000      0.67131802      0.81902390       0.0000000       0.0000000       0.0000000       0.0000000    
   0.31705622E+15  0.65115200E+34  0.18607296      0.46734929E-01  0.76712308E-02  0.94559384      0.54406160E-01   0.0000000       0.0000000       0.0000000       0.0000000      0.68325599      0.84058216       0.0000000       0.0000000       0.0000000       0.0000000    
   0.29966295E+15  0.53726195E+34  0.17607296      0.45847032E-01  0.63042692E-02  0.94784870      0.52151301E-01   0.0000000       0.0000000       0.0000000       0.0000000      0.69561764      0.86244498       0.0000000       0.0000000       0.0000000       0.0000000    
   0.28233682E+15  0.43834176E+34  0.16607296      0.44942117E-01  0.49140189E-02  0.95014386      0.49856136E-01   0.0000000       0.0000000       0.0000000       0.0000000      0.70842210      0.88452194       0.0000000       0.0000000       0.0000000       0.0000000    
   0.26507219E+15  0.35330080E+34  0.15607296      0.44005218E-01  0.34877313E-02  0.95250705      0.47492950E-01   0.0000000       0.0000000       0.0000000       0.0000000      0.72168868      0.90670144       0.0000000       0.0000000       0.0000000       0.0000000    
   0.24786351E+15  0.28101662E+34  0.14607296      0.43019159E-01  0.20107925E-02  0.95497005      0.45029952E-01   0.0000000       0.0000000       0.0000000       0.0000000      0.73543676      0.92884710       0.0000000       0.0000000       0.0000000       0.0000000    
   0.23070535E+15  0.22031594E+34  0.13607296      0.41964321E-01  0.46654110E-03  0.95756914      0.42430862E-01   0.0000000       0.0000000       0.0000000       0.0000000      0.74968579      0.95079337       0.0000000       0.0000000       0.0000000       0.0000000    
   0.21359246E+15  0.16985231E+34  0.12607296      0.40818415E-01   0.0000000      0.95918159      0.40818415E-01   0.0000000       0.0000000       0.0000000       0.0000000      0.76466196      0.97200591       0.0000000       0.0000000       0.0000000       0.0000000    
   0.21307346E+15  0.16845316E+34  0.12576930      0.40781935E-01   0.0000000      0.95921807      0.40781935E-01   0.0000000       0.0000000       0.0000000       0.0000000      0.76512801      0.97263659       0.0000000       0.0000000       0.0000000       0.0000000    
   0.21136460E+15  0.16390871E+34  0.12476930      0.40661035E-01   0.0000000      0.95933896      0.40661035E-01   0.0000000       0.0000000       0.0000000       0.0000000      0.76666652      0.97470894       0.0000000       0.0000000       0.0000000       0.0000000    
   0.20965614E+15  0.15946021E+34  0.12376930      0.40538940E-01   0.0000000      0.95946106      0.40538940E-01   0.0000000       0.0000000       0.0000000       0.0000000      0.76821077      0.97677407       0.0000000       0.0000000       0.0000000       0.0000000    
   0.20794808E+15  0.15510651E+34  0.12276930      0.40415624E-01   0.0000000      0.95958438      0.40415624E-01   0.0000000       0.0000000       0.0000000       0.0000000      0.76976077      0.97883173       0.0000000       0.0000000       0.0000000       0.0000000    
   0.20624040E+15  0.15084649E+34  0.12176930      0.40291057E-01   0.0000000      0.95970894      0.40291057E-01   0.0000000       0.0000000       0.0000000       0.0000000      0.77131655      0.98088162       0.0000000       0.0000000       0.0000000       0.0000000    
   0.20453311E+15  0.14667900E+34  0.12076930      0.40165214E-01   0.0000000      0.95983479      0.40165214E-01   0.0000000       0.0000000       0.0000000       0.0000000      0.77287813      0.98292349       0.0000000       0.0000000       0.0000000       0.0000000    
   0.20282620E+15  0.14260290E+34  0.11976930      0.40038065E-01   0.0000000      0.95996194      0.40038065E-01   0.0000000       0.0000000       0.0000000       0.0000000      0.77444552      0.98495705       0.0000000       0.0000000       0.0000000       0.0000000    
   0.20111967E+15  0.13861705E+34  0.11876930      0.39909582E-01   0.0000000      0.96009042      0.39909582E-01   0.0000000       0.0000000       0.0000000       0.0000000      0.77601875      0.98698201       0.0000000       0.0000000       0.0000000       0.0000000    
   0.19941350E+15  0.13472033E+34  0.11776930      0.39779736E-01   0.0000000      0.96022026      0.39779736E-01   0.0000000       0.0000000       0.0000000       0.0000000      0.77759783      0.98899809       0.0000000       0.0000000       0.0000000       0.0000000    
   0.19770770E+15  0.13091158E+34  0.11676930      0.39648499E-01   0.0000000      0.96035150      0.39648499E-01   0.0000000       0.0000000       0.0000000       0.0000000      0.77918279      0.99100499       0.0000000       0.0000000       0.0000000       0.0000000    
   0.19600225E+15  0.12718968E+34  0.11576930      0.39515840E-01   0.0000000      0.96048416      0.39515840E-01   0.0000000       0.0000000       0.0000000       0.0000000      0.78077364      0.99300241       0.0000000       0.0000000       0.0000000       0.0000000    
   0.19429716E+15  0.12355348E+34  0.11476930      0.39381731E-01   0.0000000      0.96061827      0.39381731E-01   0.0000000       0.0000000       0.0000000       0.0000000      0.78237041      0.99499006       0.0000000       0.0000000       0.0000000       0.0000000    
   0.19259242E+15  0.12000185E+34  0.11376930      0.39246140E-01   0.0000000      0.96075386      0.39246140E-01   0.0000000       0.0000000       0.0000000       0.0000000      0.78397311      0.99696761       0.0000000       0.0000000       0.0000000       0.0000000    
   0.19088802E+15  0.11653365E+34  0.11276930      0.39109039E-01   0.0000000      0.96089096      0.39109039E-01   0.0000000       0.0000000       0.0000000       0.0000000      0.78558176      0.99893475       0.0000000       0.0000000       0.0000000       0.0000000    
   0.18918396E+15  0.11314775E+34  0.11176930      0.38970396E-01   0.0000000      0.96102960      0.38970396E-01   0.0000000       0.0000000       0.0000000       0.0000000      0.78719638       1.0008912       0.0000000       0.0000000       0.0000000       0.0000000    
   0.18748024E+15  0.10984301E+34  0.11076930      0.38830181E-01   0.0000000      0.96116982      0.38830181E-01   0.0000000       0.0000000       0.0000000       0.0000000      0.78881699       1.0028365       0.0000000       0.0000000       0.0000000       0.0000000    
   0.18577684E+15  0.10661830E+34  0.10976930      0.38688361E-01   0.0000000      0.96131164      0.38688361E-01   0.0000000       0.0000000       0.0000000       0.0000000      0.79044360       1.0047705       0.0000000       0.0000000       0.0000000       0.0000000    
   0.18407376E+15  0.10347248E+34  0.10876930      0.38544906E-01   0.0000000      0.96145509      0.38544906E-01   0.0000000       0.0000000       0.0000000       0.0000000      0.79207625       1.0066928       0.0000000       0.0000000       0.0000000       0.0000000    
   0.18237100E+15  0.10040442E+34  0.10776930      0.38399784E-01   0.0000000      0.96160022      0.38399784E-01   0.0000000       0.0000000       0.0000000       0.0000000      0.79371493       1.0086030       0.0000000       0.0000000       0.0000000       0.0000000    
   0.18066856E+15  0.97412983E+33  0.10676930      0.38252963E-01   0.0000000      0.96174704      0.38252963E-01   0.0000000       0.0000000       0.0000000       0.0000000      0.79535968       1.0105009       0.0000000       0.0000000       0.0000000       0.0000000    
   0.17896642E+15  0.94497043E+33  0.10576930      0.38104409E-01   0.0000000      0.96189559      0.38104409E-01   0.0000000       0.0000000       0.0000000       0.0000000      0.79701050       1.0123859       0.0000000       0.0000000       0.0000000       0.0000000    
   0.17726458E+15  0.91655467E+33  0.10476930      0.37954091E-01   0.0000000      0.96204591      0.37954091E-01   0.0000000       0.0000000       0.0000000       0.0000000      0.79866742       1.0142579       0.0000000       0.0000000       0.0000000       0.0000000    
   0.17556305E+15  0.88887123E+33  0.10376930      0.37801976E-01   0.0000000      0.96219802      0.37801976E-01   0.0000000       0.0000000       0.0000000       0.0000000      0.80033046       1.0161164       0.0000000       0.0000000       0.0000000       0.0000000    
   0.17386180E+15  0.86190880E+33  0.10276930      0.37648029E-01   0.0000000      0.96235197      0.37648029E-01   0.0000000       0.0000000       0.0000000       0.0000000      0.80199963       1.0179610       0.0000000       0.0000000       0.0000000       0.0000000    
   0.17216085E+15  0.83565611E+33  0.10176930      0.37492218E-01   0.0000000      0.96250778      0.37492218E-01   0.0000000       0.0000000       0.0000000       0.0000000      0.80367494       1.0197914       0.0000000       0.0000000       0.0000000       0.0000000    
   0.17046017E+15  0.81010186E+33  0.10076930      0.37334508E-01   0.0000000      0.96266549      0.37334508E-01   0.0000000       0.0000000       0.0000000       0.0000000      0.80535642       1.0216072       0.0000000       0.0000000       0.0000000       0.0000000    
   0.16875978E+15  0.78523479E+33  0.99769300E-01  0.37174865E-01   0.0000000      0.96282513      0.37174865E-01   0.0000000       0.0000000       0.0000000       0.0000000      0.80704409       1.0234080       0.0000000       0.0000000       0.0000000       0.0000000    
   0.16705966E+15  0.76104362E+33  0.98769300E-01  0.37013255E-01   0.0000000      0.96298675      0.37013255E-01   0.0000000       0.0000000       0.0000000       0.0000000      0.80873794       1.0251934       0.0000000       0.0000000       0.0000000       0.0000000    
   0.16535981E+15  0.73751711E+33  0.97769300E-01  0.36849643E-01   0.0000000      0.96315036      0.36849643E-01   0.0000000       0.0000000       0.0000000       0.0000000      0.81043802       1.0269630       0.0000000       0.0000000       0.0000000       0.0000000    
   0.16366022E+15  0.71464400E+33  0.96769300E-01  0.36683993E-01   0.0000000      0.96331601      0.36683993E-01   0.0000000       0.0000000       0.0000000       0.0000000      0.81214432       1.0287165       0.0000000       0.0000000       0.0000000       0.0000000    
   0.16196089E+15  0.69241308E+33  0.95769300E-01  0.36516271E-01   0.0000000      0.96348373      0.36516271E-01   0.0000000       0.0000000       0.0000000       0.0000000      0.81385686       1.0304533       0.0000000       0.0000000       0.0000000       0.0000000    
   0.16026181E+15  0.67081311E+33  0.94769300E-01  0.36346441E-01   0.0000000      0.96365356      0.36346441E-01   0.0000000       0.0000000       0.0000000       0.0000000      0.81557567       1.0321731       0.0000000       0.0000000       0.0000000       0.0000000    
   0.15856299E+15  0.64983289E+33  0.93769300E-01  0.36174466E-01   0.0000000      0.96382553      0.36174466E-01   0.0000000       0.0000000       0.0000000       0.0000000      0.81730075       1.0338754       0.0000000       0.0000000       0.0000000       0.0000000    
   0.15686441E+15  0.62946123E+33  0.92769300E-01  0.36000312E-01   0.0000000      0.96399969      0.36000312E-01   0.0000000       0.0000000       0.0000000       0.0000000      0.81903212       1.0355598       0.0000000       0.0000000       0.0000000       0.0000000    
   0.15516607E+15  0.60968692E+33  0.91769300E-01  0.35823941E-01   0.0000000      0.96417606      0.35823941E-01   0.0000000       0.0000000       0.0000000       0.0000000      0.82076979       1.0372259       0.0000000       0.0000000       0.0000000       0.0000000    
   0.15346797E+15  0.59049882E+33  0.90769300E-01  0.35645317E-01   0.0000000      0.96435468      0.35645317E-01   0.0000000       0.0000000       0.0000000       0.0000000      0.82251377       1.0388732       0.0000000       0.0000000       0.0000000       0.0000000    
   0.15177010E+15  0.57188576E+33  0.89769300E-01  0.35464402E-01   0.0000000      0.96453560      0.35464402E-01   0.0000000       0.0000000       0.0000000       0.0000000      0.82426409       1.0405013       0.0000000       0.0000000       0.0000000       0.0000000    
   0.15007245E+15  0.55383660E+33  0.88769300E-01  0.35281161E-01   0.0000000      0.96471884      0.35281161E-01   0.0000000       0.0000000       0.0000000       0.0000000      0.82602075       1.0421096       0.0000000       0.0000000       0.0000000       0.0000000    
   0.14837503E+15  0.53634021E+33  0.87769300E-01  0.35095555E-01   0.0000000      0.96490444      0.35095555E-01   0.0000000       0.0000000       0.0000000       0.0000000      0.82778376       1.0436978       0.0000000       0.0000000       0.0000000       0.0000000    
   0.14682005E+15  0.52078578E+33  0.86853100E-01  0.34923396E-01   0.0000000      0.96507660      0.34923396E-01   0.0000000       0.0000000       0.0000000       0.0000000      0.82940463       1.0451348       0.0000000       0.0000000       0.0000000       0.0000000    
   0.14512304E+15  0.50431760E+33  0.85853100E-01  0.34733154E-01   0.0000000      0.96526685      0.34733154E-01   0.0000000       0.0000000       0.0000000       0.0000000      0.83117985       1.0466829       0.0000000       0.0000000       0.0000000       0.0000000    
   0.14342625E+15  0.48836984E+33  0.84853100E-01  0.34540439E-01   0.0000000      0.96545956      0.34540439E-01   0.0000000       0.0000000       0.0000000       0.0000000      0.83296146       1.0482095       0.0000000       0.0000000       0.0000000       0.0000000    
   0.14172965E+15  0.47293145E+33  0.83853100E-01  0.34345211E-01   0.0000000      0.96565479      0.34345211E-01   0.0000000       0.0000000       0.0000000       0.0000000      0.83474948       1.0497139       0.0000000       0.0000000       0.0000000       0.0000000    
   0.14003327E+15  0.45799139E+33  0.82853100E-01  0.34147432E-01   0.0000000      0.96585257      0.34147432E-01   0.0000000       0.0000000       0.0000000       0.0000000      0.83654390       1.0511958       0.0000000       0.0000000       0.0000000       0.0000000    
   0.13833707E+15  0.44353864E+33  0.81853100E-01  0.33947064E-01   0.0000000      0.96605294      0.33947064E-01   0.0000000       0.0000000       0.0000000       0.0000000      0.83834474       1.0526545       0.0000000       0.0000000       0.0000000       0.0000000    
   0.13685107E+15  0.43991672E+33  0.80899999E-01  0.33753649E-01   0.0000000      0.96624635      0.33753649E-01   0.0000000       0.0000000       0.0000000       0.0000000      0.84006711       1.0540227       0.0000000       0.0000000       0.0000000       0.0000000    
4.681E+13		1.122E+32		2.780E-02		896		120		22
4.411E+13		1.021E+32		2.620E-02		896		120		22
4.379E+13		1.021E+32		2.601E-02		896		122		24
4.212E+13		9.613E+31		2.502E-02		896		122		24
3.741E+13		8.011E+31		2.223E-02		896		122		24
3.523E+13		7.311E+31		2.093E-02		896		122		24
3.493E+13		7.311E+31		2.076E-02		896		124		26
3.201E+13		6.409E+31		1.903E-02		896		124		26
2.810E+13		5.278E+31		1.671E-02		896		124		26
2.784E+13		5.278E+31		1.656E-02		896		126		28
2.613E+13		4.807E+31		1.554E-02		896		126		28
2.317E+13		4.028E+31		1.378E-02		896		126		28
2.287E+13		4.028E+31		1.360E-02		448		70		16
1.954E+13		3.204E+31		1.162E-02		448		70		16
1.866E+13		2.998E+31		1.110E-02		448		70		16
1.838E+13		2.998E+31		1.094E-02		448		76		18
1.531E+13		2.304E+31		9.112E-03		448		76		18
1.506E+13		2.304E+31		8.965E-03		448		82		20
1.275E+13		1.816E+31		7.594E-03		448		82		20
1.254E+13		1.816E+31		7.464E-03		448		88		22
1.148E+13		1.602E+31		6.835E-03		448		88		22
1.077E+13		1.463E+31		6.412E-03		448		88		22
1.057E+13		1.463E+31		6.296E-03		448		94		24
1.047E+13		1.442E+31		6.234E-03		448		94		24
9.633E+12		1.282E+31		5.738E-03		448		94		24
9.345E+12		1.228E+31		5.567E-03		448		94		24
8.980E+12		1.228E+31		5.349E-03		224		54		14
8.423E+12		1.122E+31		5.018E-03		224		54		14
7.551E+12		9.613E+30		4.499E-03		224		54		14
7.342E+12		9.239E+30		4.374E-03		224		54		14
7.041E+12		9.239E+30		4.196E-03		224		60		16
6.361E+12		8.011E+30		3.791E-03		224		60		16
5.915E+12		7.233E+30		3.525E-03		224		60		16
5.665E+12		7.233E+30		3.377E-03		224		66		18
5.196E+12		6.409E+30		3.097E-03		224		66		18
4.982E+12		6.044E+30		2.970E-03		224		66		18
4.379E+12		6.044E+30		2.610E-03		112		44		12
3.708E+12		4.807E+30		2.211E-03		112		44		12
3.648E+12		4.699E+30		2.175E-03		112		44		12
3.338E+12		4.699E+30		1.990E-03		112		50		14
2.871E+12		3.825E+30		1.712E-03		112		50		14
2.634E+12		3.825E+30		1.571E-03		112		56		16
2.319E+12		3.216E+30		1.383E-03		112		56		16
2.134E+12		3.216E+30		1.273E-03		112		62		18
1.911E+12		2.771E+30		1.141E-03		112		62		18
1.766E+12		2.771E+30		1.054E-03		112		68		20
1.702E+12		2.637E+30		1.016E-03		112		68		20
1.702E+12		2.637E+30		1.016E-03		112		68		20
1.455E+12		2.637E+30		8.682E-04		56		40		12
1.358E+12		2.403E+30		8.100E-04		56		40		12
1.294E+12		2.253E+30		7.721E-04		56		40		12
1.131E+12		2.253E+30		6.748E-04		56		46		14
1.026E+12		1.980E+30		6.126E-04		56		46		14
9.075E+11		1.980E+30		5.418E-04		56		52		16
7.740E+11		1.602E+30		4.623E-04		56		52		16
7.151E+11		1.442E+30		4.272E-04		56		52		16
6.848E+11		1.361E+30		4.091E-04		56		52		16
6.110E+11		1.361E+30		3.651E-04		56		56		18
5.840E+11		1.282E+30		3.490E-04		56		56		18
5.282E+11		1.122E+30		3.158E-04		56		56		18
4.705E+11		9.613E+29		2.813E-04		56		56		18
4.102E+11		8.011E+29		2.454E-04		56		56		18
3.469E+11		6.409E+29		2.076E-04		56		56		18
2.795E+11		4.807E+29		1.673E-04		56		56		18
2.769E+11		4.747E+29		1.657E-04		56		56		18
2.496E+11		4.747E+29		1.494E-04		56		56		20
1.858E+11		3.204E+29		1.113E-04		56		56		20
1.497E+11		2.403E+29		8.971E-05		56		56		20
1.104E+11		1.602E+29		6.619E-05		56		56		20
1.020E+11		1.442E+29		6.117E-05		56		56		20
9.337E+10		1.282E+29		5.600E-05		56		56		20
8.619E+10		1.152E+29		5.170E-05		56		56		20
7.848E+10		1.152E+29		4.708E-05		56		56		22
7.691E+10		1.122E+29		4.614E-05		56		56		22
6.851E+10		9.613E+28		4.110E-05		56		56		22
5.975E+10		8.011E+28		3.585E-05		56		56		22
5.053E+10		6.409E+28		3.033E-05		56		56		22
4.072E+10		4.807E+28		2.445E-05		56		56		22
3.004E+10		3.204E+28		1.804E-05		56		56		22
2.421E+10		2.403E+28		1.455E-05		56		56		22
1.786E+10		1.602E+28		1.074E-05		56		56		22
1.651E+10		1.442E+28		9.921E-06		56		56		22
1.511E+10		1.282E+28		9.083E-06		56		56		22
1.367E+10		1.122E+28		8.219E-06		56		56		22
1.218E+10		9.613E+27		7.323E-06		56		56		22
1.214E+10		9.569E+27		7.298E-06		56		56		22
1.115E+10		9.569E+27		6.701E-06		56		56		24
9.756E+09		8.011E+27		5.866E-06		56		56		24
9.756E+09		8.011E+27		5.866E-06		56		56		24
8.254E+09		6.409E+27		4.964E-06		56		56		24
6.654E+09		4.807E+27		4.003E-06		56		56		24
4.912E+09		3.204E+27		2.956E-06		56		56		24
3.961E+09		2.403E+27		2.384E-06		56		56		24
2.925E+09		1.602E+27		1.761E-06		56		56		24
2.704E+09		1.442E+27		1.627E-06		56		56		24
2.476E+09		1.282E+27		1.490E-06		56		56		24
2.241E+09		1.122E+27		1.349E-06		56		56		24
1.997E+09		9.613E+26		1.202E-06		56		56		24
1.743E+09		8.011E+26		1.050E-06		56		56		24
1.495E+09		6.517E+26		8.999E-07		56		56		24
1.382E+09		6.517E+26		8.320E-07		56		56		26
1.365E+09		6.409E+26		8.217E-07		56		56		26
1.101E+09		4.807E+26		6.632E-07		56		56		26
8.145E+08		3.204E+26		4.905E-07		56		56		26
6.577E+08		2.403E+26		3.961E-07		56		56		26
5.573E+08		1.923E+26		3.357E-07		56		56		26
4.868E+08		1.602E+26		2.932E-07		56		56		26
4.503E+08		1.442E+26		2.712E-07		56		56		26
4.127E+08		1.282E+26		2.486E-07		56		56		26
3.738E+08		1.122E+26		2.252E-07		56		56		26
3.336E+08		9.613E+25		2.010E-07		56		56		26
2.916E+08		8.011E+25		1.757E-07		56		56		26
2.473E+08		6.409E+25		1.490E-07		56		56		26
2.001E+08		4.807E+25		1.206E-07		56		56		26
1.487E+08		3.204E+25		8.957E-08		56		56		26
1.205E+08		2.403E+25		7.259E-08		56		56		26
1.024E+08		1.923E+25		6.169E-08		56		56		26
8.966E+07		1.602E+25		5.404E-08		56		56		26
7.017E+07      1.141E+25      4.226E-08      56.       56.       26.
4.125E+07      5.446E+24      2.484E-08      56.       56.       26.
2.424E+07      2.576E+24      1.460E-08      56.       56.       26.
1.425E+07      1.205E+24      8.583E-09      56.       56.       26.
8.377E+06      5.561E+23      5.045E-09      56.       56.       26.
4.924E+06      2.529E+23      2.966E-09      56.       56.       26.
2.894E+06      1.132E+23      1.743E-09      56.       56.       26.
1.701E+06      4.983E+22      1.025E-09      56.       56.       26.
1.000E+06      2.159E+22      6.023E-10      56.       56.       26.
5.878E+05      9.218E+21      3.540E-10      56.       56.       26.
3.455E+05      3.882E+21      2.081E-10      56.       56.       26.
2.031E+05      1.615E+21      1.223E-10      56.       56.       26.
1.194E+05      6.639E+20      7.190E-11      56.       56.       26.
7.017E+04      2.700E+20      4.226E-11      56.       56.       26.
4.125E+04      1.086E+20      2.484E-11      56.       56.       26.
2.424E+04      4.319E+19      1.460E-11      56.       56.       26.
1.425E+04      1.693E+19      8.583E-12      56.       56.       26.
8.377E+03      6.528E+18      5.045E-12      56.       56.       26.
4.924E+03      2.460E+18      2.966E-12      56.       56.       26.
2.894E+03      8.985E+17      1.743E-12      56.       56.       26.
1.701E+03      3.127E+17      1.025E-12      56.       56.       26.
1.000E+03      1.003E+17      6.023E-13      56.       56.       26.




