#       rho                     pressure          baryon number density             ne                     nmu
#       cgs                        cgs                   fm-3                   fm-3                   fm-3               
  0.1954000000000000E+07  0.6177865759700603E+23  0.1177044673876719E-08  0.6768007565148519E-11  0.0000000000000000E+00
  0.2032160000000000E+07  0.6561905010383930E+23  0.1224124663435356E-08  0.7038717561441556E-11  0.0000000000000000E+00
  0.2113446400000000E+07  0.6969137365034428E+23  0.1273087740508321E-08  0.7320255315538340E-11  0.0000000000000000E+00
  0.2197984256000000E+07  0.7400925141521971E+23  0.1324009221949465E-08  0.7613053899723552E-11  0.0000000000000000E+00
  0.2285903626240000E+07  0.7858708602138629E+23  0.1376967436911494E-08  0.7917563707030886E-11  0.0000000000000000E+00
  0.2377339771289600E+07  0.8344010305706393E+23  0.1432043847317536E-08  0.8234253143957071E-11  0.0000000000000000E+00
  0.2472433362141184E+07  0.8858439697374161E+23  0.1489323173150491E-08  0.8563609350878308E-11  0.0000000000000000E+00
  0.2571330696626831E+07  0.9403697948839467E+23  0.1548893522752791E-08  0.8906138951276844E-11  0.0000000000000000E+00
  0.2674183924491905E+07  0.9981583062393005E+23  0.1610846528336954E-08  0.9262368830929780E-11  0.0000000000000000E+00
  0.2781151281471581E+07  0.1059399525289762E+24  0.1675277486915269E-08  0.9632846948258212E-11  0.0000000000000000E+00
  0.2892397332730444E+07  0.1124294262254651E+24  0.1742285506865331E-08  0.1001814317708271E-10  0.0000000000000000E+00
  0.3008093226039662E+07  0.1193054714403751E+24  0.1811973660356767E-08  0.1041885018308105E-10  0.0000000000000000E+00
  0.3128416955081249E+07  0.1265905096861143E+24  0.1884449141873544E-08  0.1083558433529575E-10  0.0000000000000000E+00
  0.3253553633284499E+07  0.1343082307627131E+24  0.1959823433075579E-08  0.1126898665409303E-10  0.0000000000000000E+00
  0.3383695778615879E+07  0.1424836628641018E+24  0.2038212474253153E-08  0.1171972379703076E-10  0.0000000000000000E+00
  0.3519043609760514E+07  0.1511432464802158E+24  0.2119736842637738E-08  0.1218848908415115E-10  0.0000000000000000E+00
  0.3659805354150935E+07  0.1603149122969077E+24  0.2204521937843413E-08  0.1267600356427485E-10  0.0000000000000000E+00
  0.3806197568316972E+07  0.1700281633059479E+24  0.2292698174723967E-08  0.1318301712393567E-10  0.0000000000000000E+00
  0.3958445471049652E+07  0.1803141613488192E+24  0.2384401183942236E-08  0.1371030964066120E-10  0.0000000000000000E+00
  0.4116783289891638E+07  0.1912058183294919E+24  0.2479772020560028E-08  0.1425869218237232E-10  0.0000000000000000E+00
  0.4281454621487304E+07  0.2027378923437039E+24  0.2578957380969360E-08  0.1482900825474600E-10  0.0000000000000000E+00
  0.4452712806346796E+07  0.2149470889853536E+24  0.2682109828498510E-08  0.1542213509845875E-10  0.0000000000000000E+00
  0.4630821318600668E+07  0.2278721681040039E+24  0.2789388028039766E-08  0.1603898503830573E-10  0.0000000000000000E+00
  0.4816054171344695E+07  0.2415540563019827E+24  0.2900956990059587E-08  0.1668050688626941E-10  0.0000000000000000E+00
  0.5008696338198483E+07  0.2560359654745150E+24  0.3016988324366333E-08  0.1734768740069503E-10  0.0000000000000000E+00
  0.5209044191726423E+07  0.2713635177121929E+24  0.3137660504025691E-08  0.1804155280381637E-10  0.0000000000000000E+00
  0.5417405959395480E+07  0.2875848769017198E+24  0.3263159139829574E-08  0.1876317035996484E-10  0.0000000000000000E+00
  0.5634102197771300E+07  0.3047508873783761E+24  0.3393677265740417E-08  0.1951365001688819E-10  0.0000000000000000E+00
  0.5859466285682152E+07  0.3229152200020180E+24  0.3529415635749744E-08  0.2029414611270247E-10  0.0000000000000000E+00
  0.6093844937109439E+07  0.3421345260478413E+24  0.3670583032607349E-08  0.2110585915110119E-10  0.0000000000000000E+00
  0.6337598734593816E+07  0.3624685993234375E+24  0.3817396588895725E-08  0.2195003764755106E-10  0.0000000000000000E+00
  0.6591102683977569E+07  0.3839805469451368E+24  0.3970082120943348E-08  0.2282798004931250E-10  0.0000000000000000E+00
  0.6854746791336671E+07  0.4067369692289015E+24  0.4128874476090119E-08  0.2374103673223675E-10  0.0000000000000000E+00
  0.7128936662990139E+07  0.4308081491751992E+24  0.4294017893838824E-08  0.2469061207740915E-10  0.0000000000000000E+00
  0.7414094129509744E+07  0.4562682520514965E+24  0.4465766381447804E-08  0.2567816663083135E-10  0.0000000000000000E+00
  0.7710657894690135E+07  0.4831955356026725E+24  0.4644384104542202E-08  0.2670521934946213E-10  0.0000000000000000E+00
  0.8019084210477741E+07  0.5116725714470810E+24  0.4830145793344267E-08  0.2777334993707014E-10  0.0000000000000000E+00
  0.8339847578896850E+07  0.5417864782445005E+24  0.5023337165147163E-08  0.2888420127348894E-10  0.0000000000000000E+00
  0.8673441482052725E+07  0.5736291672533716E+24  0.5224255363681724E-08  0.3003948194100913E-10  0.0000000000000000E+00
  0.9020379141334834E+07  0.6072976009257030E+24  0.5433209416051531E-08  0.3124096885179092E-10  0.0000000000000000E+00
  0.9381194306988228E+07  0.6428940652226707E+24  0.5650520707938713E-08  0.3249050998033640E-10  0.0000000000000000E+00
  0.9756442079267757E+07  0.6805264563684370E+24  0.5876523477810908E-08  0.3379002720522154E-10  0.0000000000000000E+00
  0.1014669976243847E+08  0.7203085827973035E+24  0.6111565330889066E-08  0.3514151926445659E-10  0.0000000000000000E+00
  0.1055256775293601E+08  0.7623604830881055E+24  0.6356007773666122E-08  0.3654706482901754E-10  0.0000000000000000E+00
  0.1097467046305345E+08  0.8068087607213408E+24  0.6610226769798104E-08  0.3800882569927324E-10  0.0000000000000000E+00
  0.1141365728157558E+08  0.8537869365366410E+24  0.6874613318222178E-08  0.3952905012922165E-10  0.0000000000000000E+00
  0.1187020357283861E+08  0.9034358198149266E+24  0.7149574054390181E-08  0.4111007628364488E-10  0.0000000000000000E+00
  0.1234501171575215E+08  0.9559038989560794E+24  0.7435531875541778E-08  0.4275433583349713E-10  0.0000000000000000E+00
  0.1283881218438224E+08  0.1011347752773714E+25  0.7732926590978299E-08  0.4446435769505204E-10  0.0000000000000000E+00
  0.1335236467175753E+08  0.1069932483481668E+25  0.8042215598336698E-08  0.4624277191855662E-10  0.0000000000000000E+00
  0.1388645925862783E+08  0.1131832172501148E+25  0.8363874586903093E-08  0.4809231373236937E-10  0.0000000000000000E+00
  0.1444191762897294E+08  0.1197230360276928E+25  0.8698398269046773E-08  0.5001582774879775E-10  0.0000000000000000E+00
  0.1501959433413186E+08  0.1266320551351585E+25  0.9046301140898928E-08  0.5201627233810059E-10  0.0000000000000000E+00
  0.1562037810749714E+08  0.1339306746011331E+25  0.9408118273445097E-08  0.5409672417737730E-10  0.0000000000000000E+00
  0.1624519323179702E+08  0.1416403999884359E+25  0.9784406135247237E-08  0.5626038298133640E-10  0.0000000000000000E+00
  0.1689500096106891E+08  0.1497839012944553E+25  0.1017574344805977E-07  0.5851057642221367E-10  0.0000000000000000E+00
  0.1757080099951166E+08  0.1583850749447257E+25  0.1058273207665458E-07  0.6085076524640229E-10  0.0000000000000000E+00
  0.1827363303949213E+08  0.1674691090402786E+25  0.1100599795422246E-07  0.6328454859565849E-10  0.0000000000000000E+00
  0.1900457836107182E+08  0.1770625520276460E+25  0.1144619204477314E-07  0.6581566954106115E-10  0.0000000000000000E+00
  0.1976476149551469E+08  0.1871933849690166E+25  0.1190399134401292E-07  0.6844802083823078E-10  0.0000000000000000E+00
  0.2055535195533528E+08  0.1978910975991748E+25  0.1238009992023799E-07  0.7118565091265246E-10  0.0000000000000000E+00
  0.2137756603354869E+08  0.2091867683655281E+25  0.1287524999684302E-07  0.7403277008430207E-10  0.0000000000000000E+00
  0.2223266867489064E+08  0.2211131486574796E+25  0.1339020307810848E-07  0.7699375704114144E-10  0.0000000000000000E+00
  0.2312197542188627E+08  0.2337047514422157E+25  0.1392575111999671E-07  0.8007316557143189E-10  0.0000000000000000E+00
  0.2404685443876172E+08  0.2469979445348803E+25  0.1448271774775578E-07  0.8327573156521168E-10  0.0000000000000000E+00
  0.2500872861631219E+08  0.2610310487429728E+25  0.1506195952220229E-07  0.8660638029569789E-10  0.0000000000000000E+00
  0.2600907776096468E+08  0.2758444411371533E+25  0.1566436725662867E-07  0.9007023399180246E-10  0.0000000000000000E+00
  0.2704944087140327E+08  0.2914806637134950E+25  0.1629086738635874E-07  0.9367261971339911E-10  0.0000000000000000E+00
  0.2813141850625940E+08  0.3079845377257834E+25  0.1694242339305575E-07  0.9741907754144406E-10  0.0000000000000000E+00
  0.2925667524650977E+08  0.3254032839809608E+25  0.1762003728597145E-07  0.1013153690955362E-09  0.0000000000000000E+00
  0.3042694225637016E+08  0.3437866494056343E+25  0.1832475114241224E-07  0.1053674863920055E-09  0.0000000000000000E+00
  0.3164401994662497E+08  0.3631870402075476E+25  0.1905764870978905E-07  0.1095816610561423E-09  0.0000000000000000E+00
  0.3290978074448997E+08  0.3836596619723264E+25  0.1981985707171266E-07  0.1139643739027230E-09  0.0000000000000000E+00
  0.3422617197426957E+08  0.4052626670534822E+25  0.2061254838069416E-07  0.1185223648995549E-09  0.0000000000000000E+00
  0.3559521885324036E+08  0.4280573096317624E+25  0.2143694166011263E-07  0.1232626435293493E-09  0.0000000000000000E+00
  0.3701902760736997E+08  0.4521081088396150E+25  0.2229430467821864E-07  0.1281924995658465E-09  0.0000000000000000E+00
  0.3849978871166477E+08  0.4774830203661677E+25  0.2318595589705255E-07  0.1333195142807502E-09  0.0000000000000000E+00
  0.4003978026013137E+08  0.5042536169802291E+25  0.2411326649927187E-07  0.1386515720986919E-09  0.0000000000000000E+00
  0.4164137147053662E+08  0.5324952784304434E+25  0.2507766249600134E-07  0.1441968727181344E-09  0.0000000000000000E+00
  0.4330702632935809E+08  0.5622873912058289E+25  0.2608062691894401E-07  0.1499639437168379E-09  0.0000000000000000E+00
  0.4503930738253241E+08  0.5937135586644133E+25  0.2712370210012083E-07  0.1559616536612577E-09  0.0000000000000000E+00
  0.4684087967783371E+08  0.6268618220636612E+25  0.2820849204274091E-07  0.1621992257400161E-09  0.0000000000000000E+00
  0.4871451486494706E+08  0.6618248930538644E+25  0.2933666488684450E-07  0.1686862519423969E-09  0.0000000000000000E+00
  0.5066309545954494E+08  0.6987003982243776E+25  0.3050995547350616E-07  0.1754327078036459E-09  0.0000000000000000E+00
  0.5268961927792674E+08  0.7375911363224426E+25  0.3173016801153713E-07  0.1824489677397343E-09  0.0000000000000000E+00
  0.5479720404904381E+08  0.7786053487968132E+25  0.3299917885078305E-07  0.1897458209951455E-09  0.0000000000000000E+00
  0.5698909221100557E+08  0.8218570043507317E+25  0.3431893936627697E-07  0.1973344882281875E-09  0.0000000000000000E+00
  0.5926865589944579E+08  0.8674660982249447E+25  0.3569147895767764E-07  0.2052266387593125E-09  0.0000000000000000E+00
  0.6163940213542363E+08  0.9155589669674214E+25  0.3711890816860034E-07  0.2134344085089461E-09  0.0000000000000000E+00
  0.6410497822084058E+08  0.9662686194856237E+25  0.3860342193063119E-07  0.2219704186523814E-09  0.0000000000000000E+00
  0.6666917734967421E+08  0.1019735085217967E+26  0.4014730293700755E-07  0.2308477950204023E-09  0.0000000000000000E+00
  0.6933594444366118E+08  0.1076105780303250E+26  0.4175292515114591E-07  0.2400801882754396E-09  0.0000000000000000E+00
  0.7210938222140764E+08  0.1135535892672826E+26  0.4342275745540625E-07  0.2496817948942593E-09  0.0000000000000000E+00
  0.7499375751026395E+08  0.1198188787036631E+26  0.4515936744569612E-07  0.2596673789894166E-09  0.0000000000000000E+00
  0.7799350781067450E+08  0.1264236430784406E+26  0.4696542537774248E-07  0.2700522950030027E-09  0.0000000000000000E+00
  0.8111324812310149E+08  0.1333859841875152E+26  0.4884370827109183E-07  0.2808525113075459E-09  0.0000000000000000E+00
  0.8435777804802555E+08  0.1407249559843634E+26  0.5079710417714072E-07  0.2920846347503269E-09  0.0000000000000000E+00
  0.8773208916994657E+08  0.1484606141109719E+26  0.5282861661775163E-07  0.3037659361788136E-09  0.0000000000000000E+00
  0.9124137273674443E+08  0.1566140679836468E+26  0.5494136920126956E-07  0.3159143769864281E-09  0.0000000000000000E+00
  0.9489102764621422E+08  0.1652075355648398E+26  0.5713861042302849E-07  0.3285486367194296E-09  0.0000000000000000E+00
  0.9868666875206278E+08  0.1742644009586395E+26  0.5942371865771852E-07  0.3416881417873200E-09  0.0000000000000000E+00
  0.1026341355021453E+09  0.1838092749747421E+26  0.6180020735128020E-07  0.3553530953208811E-09  0.0000000000000000E+00
  0.1067395009222311E+09  0.1938680588130213E+26  0.6427173042029773E-07  0.3695645082237093E-09  0.0000000000000000E+00
  0.1110090809591204E+09  0.2044680110287308E+26  0.6684208786718195E-07  0.3843442314649513E-09  0.0000000000000000E+00
  0.1154494441974852E+09  0.2156378179463762E+26  0.6951523161976439E-07  0.3997149896628461E-09  0.0000000000000000E+00
  0.1200674219653846E+09  0.2274076676990345E+26  0.7229527160426905E-07  0.4157004160106693E-09  0.0000000000000000E+00
  0.1248701188440000E+09  0.2398093280788171E+26  0.7518648206098519E-07  0.4323250885987254E-09  0.0000000000000000E+00
  0.1298649235977600E+09  0.2528762283938054E+26  0.7819330811233836E-07  0.4496145681881911E-09  0.0000000000000000E+00
  0.1350595205416704E+09  0.2666435455365726E+26  0.8132037259344305E-07  0.4675954374948344E-09  0.0000000000000000E+00
  0.1404619013633372E+09  0.2811482944800901E+26  0.8457248315562366E-07  0.4862953420429579E-09  0.0000000000000000E+00
  0.1460803774178707E+09  0.2964294234277104E+26  0.8795463965380887E-07  0.5057430326523225E-09  0.0000000000000000E+00
  0.1519235925145855E+09  0.3125279138555379E+26  0.9147204182914048E-07  0.5259684096233209E-09  0.0000000000000000E+00
  0.1580005362151689E+09  0.3294868856977684E+26  0.9513009729859005E-07  0.5470025686882783E-09  0.0000000000000000E+00
  0.1643205576637757E+09  0.3473517079381524E+26  0.9893442986384840E-07  0.5688778487994666E-09  0.0000000000000000E+00
  0.1708933799703267E+09  0.3661701148845040E+26  0.1028908881522422E-06  0.5916278818272459E-09  0.0000000000000000E+00
  0.1777291151691398E+09  0.3859923284171166E+26  0.1070055546029413E-06  0.6152876442446790E-09  0.0000000000000000E+00
  0.1848382797759054E+09  0.4068711865167123E+26  0.1112847548122506E-06  0.6398935108780136E-09  0.0000000000000000E+00
  0.1922318109669416E+09  0.4288622783935148E+26  0.1157350672523305E-06  0.6654833108056115E-09  0.0000000000000000E+00
  0.1999210834056193E+09  0.4520240865552554E+26  0.1203633333782628E-06  0.6920963854911875E-09  0.0000000000000000E+00
  0.2079179267418441E+09  0.4764181361690348E+26  0.1251766681389746E-06  0.7197736492406721E-09  0.0000000000000000E+00
  0.2162346438115178E+09  0.5021091520904536E+26  0.1301824709081535E-06  0.7485576520755732E-09  0.0000000000000000E+00
  0.2248840295639786E+09  0.5291652239521755E+26  0.1353884368519277E-06  0.7784926451194220E-09  0.0000000000000000E+00
  0.2338793907465377E+09  0.5576579797245489E+26  0.1408025687507605E-06  0.8096246485977628E-09  0.0000000000000000E+00
  0.2432345663763992E+09  0.5876627681813949E+26  0.1464331892936987E-06  0.8420015225561455E-09  0.0000000000000000E+00
  0.2529639490314552E+09  0.6192588507267067E+26  0.1522889538638440E-06  0.8756730404047774E-09  0.0000000000000000E+00
  0.2630825069927134E+09  0.6525296030612286E+26  0.1583788638346671E-06  0.9106909654028162E-09  0.0000000000000000E+00
  0.2736058072724220E+09  0.6875627271921925E+26  0.1647122803975677E-06  0.9471091301998153E-09  0.0000000000000000E+00
  0.2845500395633188E+09  0.7244504743152575E+26  0.1712989389418997E-06  0.9849835195565328E-09  0.0000000000000000E+00
  0.2959320411458516E+09  0.7632898791247665E+26  0.1781489640095261E-06  0.1024372356372192E-08  0.0000000000000000E+00
  0.3077693227916857E+09  0.8041830061370496E+26  0.1852728848468513E-06  0.1065336191150388E-08  0.0000000000000000E+00
  0.3200800957033532E+09  0.8472372086410245E+26  0.1926816515781913E-06  0.1107937995041080E-08  0.0000000000000000E+00
  0.3328832995314873E+09  0.8925654009220413E+26  0.2003866520252992E-06  0.1152243256601666E-08  0.0000000000000000E+00
  0.3461986315127468E+09  0.9402863444376898E+26  0.2083997291988502E-06  0.1198320082425795E-08  0.0000000000000000E+00
  0.3600465767732567E+09  0.9905249486594200E+26  0.2167331994887234E-06  0.1246239301794568E-08  0.0000000000000000E+00
  0.3744484398441870E+09  0.1043412587329657E+27  0.2253998715809859E-06  0.1296074575510936E-08  0.0000000000000000E+00
  0.3894263774379545E+09  0.1099087430923057E+27  0.2344130661306034E-06  0.1347902509084546E-08  0.0000000000000000E+00
  0.4050034325354728E+09  0.1157694796140197E+27  0.2437866362200547E-06  0.1401802770440997E-08  0.0000000000000000E+00
  0.4212035698368917E+09  0.1219387513305527E+27  0.2535349886352358E-06  0.1457858212336382E-08  0.0000000000000000E+00
  0.4380517126303673E+09  0.1284326312584030E+27  0.2636731059912921E-06  0.1516154999665296E-08  0.0000000000000000E+00
  0.4555737811355820E+09  0.1352680229979873E+27  0.2742165697423171E-06  0.1576782741857958E-08  0.0000000000000000E+00
  0.4737967323810053E+09  0.1424627034128082E+27  0.2851815841102144E-06  0.1639834630569975E-08  0.0000000000000000E+00
  0.4927486016762456E+09  0.1500353674942491E+27  0.2965850009694267E-06  0.1705407582876392E-08  0.0000000000000000E+00
  0.5124585457432954E+09  0.1580056755238156E+27  0.3084443457256997E-06  0.1773602390190161E-08  0.0000000000000000E+00
  0.5329568875730273E+09  0.1663943026501523E+27  0.3207778442285757E-06  0.1844523873133974E-08  0.0000000000000000E+00
  0.5542751630759484E+09  0.1752229910045210E+27  0.3336044507588925E-06  0.1918281042603569E-08  0.0000000000000000E+00
  0.5764461695989863E+09  0.1845146044842834E+27  0.3469438771342116E-06  0.1994987267270158E-08  0.0000000000000000E+00
  0.5995040163829458E+09  0.1942931863409714E+27  0.3608166229768154E-06  0.2074760447779534E-08  0.0000000000000000E+00
  0.6234841770382637E+09  0.2045840197162592E+27  0.3752440071906915E-06  0.2157723197915757E-08  0.0000000000000000E+00
  0.6484235441197942E+09  0.2154136912765837E+27  0.3902482006957755E-06  0.2244003033008018E-08  0.0000000000000000E+00
  0.6743604858845861E+09  0.2268101581047184E+27  0.4058522604696549E-06  0.2333732565870480E-08  0.0000000000000000E+00
  0.7013349053199695E+09  0.2388028180149312E+27  0.4220801649489304E-06  0.2427049710576460E-08  0.0000000000000000E+00
  0.7293883015327684E+09  0.2514225834665915E+27  0.4389568508445277E-06  0.2524097894380465E-08  0.0000000000000000E+00
  0.7585638335940791E+09  0.2647019592602910E+27  0.4565082514274051E-06  0.2625026278114084E-08  0.0000000000000000E+00
  0.7889063869378424E+09  0.2786751242096310E+27  0.4747613363433688E-06  0.2729989985394871E-08  0.0000000000000000E+00
  0.8204626424153560E+09  0.2933780169919918E+27  0.4937441530180387E-06  0.2839150341000913E-08  0.0000000000000000E+00
  0.8532811481119703E+09  0.3088484263918210E+27  0.5134858697154551E-06  0.2952675118777965E-08  0.0000000000000000E+00
  0.8874123940364492E+09  0.3251260861607655E+27  0.5340168203163401E-06  0.3070738799460696E-08  0.0000000000000000E+00
  0.9229088897979072E+09  0.3422527747306649E+27  0.5553685508846681E-06  0.3193522838804935E-08  0.0000000000000000E+00
  0.9598252453898236E+09  0.3602724200272707E+27  0.5775738680939423E-06  0.3321215946443754E-08  0.0000000000000000E+00
  0.9982182552054166E+09  0.3792312096452155E+27  0.6006668895874134E-06  0.3454014375896746E-08  0.0000000000000000E+00
  0.1038146985413633E+10  0.3991777066580146E+27  0.6246830963494501E-06  0.3592122226179099E-08  0.0000000000000000E+00
  0.1079672864830178E+10  0.4201629713509877E+27  0.6496593871683442E-06  0.3735751755475072E-08  0.0000000000000000E+00
  0.1122859779423386E+10  0.4422406891793071E+27  0.6756341352740455E-06  0.3885123707359051E-08  0.0000000000000000E+00
  0.1167774170600321E+10  0.4654673052691811E+27  0.7026472472376411E-06  0.4040467650066812E-08  0.0000000000000000E+00
  0.1214485137424334E+10  0.4899021657958754E+27  0.7307402242228721E-06  0.4202022329339850E-08  0.0000000000000000E+00
  0.1263064542921308E+10  0.5156076665896356E+27  0.7599562256835751E-06  0.4370036035386593E-08  0.0000000000000000E+00
  0.1313587124638160E+10  0.5426494093382749E+27  0.7903401356046845E-06  0.4544766984526230E-08  0.0000000000000000E+00
  0.1366130609623687E+10  0.5710963657736292E+27  0.8219386313883287E-06  0.4726483716103615E-08  0.0000000000000000E+00
  0.1420775834008634E+10  0.6010210502493178E+27  0.8548002554906042E-06  0.4915465505287396E-08  0.0000000000000000E+00
  0.1477606867368979E+10  0.6324997011371532E+27  0.8889754899188285E-06  0.5112002792388169E-08  0.0000000000000000E+00
  0.1536711142063739E+10  0.6656124714918105E+27  0.9245168337034454E-06  0.5316397629359028E-08  0.0000000000000000E+00
  0.1598179587746288E+10  0.7004436294558808E+27  0.9614788834633255E-06  0.5528964144167691E-08  0.0000000000000000E+00
  0.1662106771256140E+10  0.7370817689008752E+27  0.9999184171879273E-06  0.5750029023756972E-08  0.0000000000000000E+00
  0.1728591042106386E+10  0.7756200308257739E+27  0.1039894481364732E-05  0.5979932016339447E-08  0.0000000000000000E+00
  0.1797734683790641E+10  0.8161563360596223E+27  0.1081468481585462E-05  0.6219026453802052E-08  0.0000000000000000E+00
  0.1869644071142267E+10  0.8587936298438228E+27  0.1124704276769951E-05  0.6467679795027818E-08  0.0000000000000000E+00
  0.1944429833987958E+10  0.9036401388968803E+27  0.1169668277152049E-05  0.6726274190974348E-08  0.0000000000000000E+00
  0.2022207027347476E+10  0.9508096415964314E+27  0.1216429546177726E-05  0.6995207072382700E-08  0.0000000000000000E+00
  0.2103095308441375E+10  0.1000421751943898E+28  0.1265059906471516E-05  0.7274891761025498E-08  0.0000000000000000E+00
  0.2187219120779030E+10  0.1052602218010952E+28  0.1315634050033691E-05  0.7565758105439904E-08  0.0000000000000000E+00
  0.2274707885610192E+10  0.1107483235601895E+28  0.1368229652837009E-05  0.7868253142129229E-08  0.0000000000000000E+00
  0.2365696201034600E+10  0.1165203777902612E+28  0.1422927493998651E-05  0.8182841783256907E-08  0.0000000000000000E+00
  0.2460324049075984E+10  0.1225909941925109E+28  0.1479811579709935E-05  0.8510007531897757E-08  0.0000000000000000E+00
  0.2558737011039023E+10  0.1289755312596572E+28  0.1538969272113716E-05  0.8850253225954839E-08  0.0000000000000000E+00
  0.2661086491480585E+10  0.1356901345384560E+28  0.1600491423326929E-05  0.9204101811894881E-08  0.0000000000000000E+00
  0.2767529951139808E+10  0.1427517768393185E+28  0.1664472514813627E-05  0.9572097149502188E-08  0.0000000000000000E+00
  0.2878231149185400E+10  0.1501783004912062E+28  0.1731010802322067E-05  0.9954804848899478E-08  0.0000000000000000E+00
  0.2993360395152817E+10  0.1579884617446875E+28  0.1800208466607902E-05  0.1035281314113486E-07  0.0000000000000000E+00
  0.3113094810958930E+10  0.1662019774312375E+28  0.1872171770174413E-05  0.1076673378368692E-07  0.0000000000000000E+00
  0.3237618603397287E+10  0.1748395739919825E+28  0.1947011220269922E-05  0.1119720300229475E-07  0.0000000000000000E+00
  0.3367123347533178E+10  0.1839230389946891E+28  0.2024841738392118E-05  0.1164488247057723E-07  0.0000000000000000E+00
  0.3501808281434505E+10  0.1934752752635068E+28  0.2105782836558990E-05  0.1211046032896506E-07  0.0000000000000000E+00
  0.3641880612691886E+10  0.2035203577520446E+28  0.2189958800616429E-05  0.1259465224453167E-07  0.0000000000000000E+00
  0.3787555837199562E+10  0.2140835932965150E+28  0.2277498880863320E-05  0.1309820251337314E-07  0.0000000000000000E+00
  0.3939058070687544E+10  0.2251915833923168E+28  0.2368537490286196E-05  0.1362188520725532E-07  0.0000000000000000E+00
  0.4096620393515046E+10  0.2368722901442187E+28  0.2463214410707132E-05  0.1416650536631586E-07  0.0000000000000000E+00
  0.4260485209255648E+10  0.2491551055473727E+28  0.2561675007160712E-05  0.1473290023968248E-07  0.0000000000000000E+00
  0.4430904617625875E+10  0.2620709242638107E+28  0.2664070450828486E-05  0.1532194057594444E-07  0.0000000000000000E+00
  0.4608140802330910E+10  0.2756522200666555E+28  0.2770557950872468E-05  0.1593453196549414E-07  0.0000000000000000E+00
  0.4792466434424147E+10  0.2899331261325717E+28  0.2881300995522833E-05  0.1657161623683781E-07  0.0000000000000000E+00
  0.4984165091801113E+10  0.3049495193707588E+28  0.2996469602789135E-05  0.1723417290906091E-07  0.0000000000000000E+00
  0.5183531695473158E+10  0.3207391089859442E+28  0.3116240581179186E-05  0.1792322070272340E-07  0.0000000000000000E+00
  0.5390872963292085E+10  0.3373415294813724E+28  0.3240797800824947E-05  0.1863981911155370E-07  0.0000000000000000E+00
  0.5606507881823769E+10  0.3547984383171859E+28  0.3370332475430833E-05  0.1938507003740761E-07  0.0000000000000000E+00
  0.5830768197096720E+10  0.3731536184491065E+28  0.3505043455476364E-05  0.2016011949106044E-07  0.0000000000000000E+00
  0.6063998924980589E+10  0.3924530859822005E+28  0.3645137533122325E-05  0.2096615936150620E-07  0.0000000000000000E+00
  0.6306558881979813E+10  0.4127452031846026E+28  0.3790829759287574E-05  0.2180442925654855E-07  0.0000000000000000E+00
  0.6558821237259006E+10  0.4340807971167594E+28  0.3942343773382228E-05  0.2267621841758330E-07  0.0000000000000000E+00
  0.6821174086749366E+10  0.4565132841421454E+28  0.4099912146202407E-05  0.2358286771159266E-07  0.0000000000000000E+00
  0.7094021050219340E+10  0.4800988005969131E+28  0.4263776736511837E-05  0.2452577170349648E-07  0.0000000000000000E+00
  0.7377781892228114E+10  0.5048963399068361E+28  0.4434189061856587E-05  0.2550638081213657E-07  0.0000000000000000E+00
  0.7672893167917239E+10  0.5309678964516623E+28  0.4611410684181088E-05  0.2652620355330702E-07  0.0000000000000000E+00
  0.7979808894633929E+10  0.5583786164888270E+28  0.4795713610836146E-05  0.2758680887338484E-07  0.0000000000000000E+00
  0.8299001250419287E+10  0.5871969564600706E+28  0.4987380711593391E-05  0.2868982857726491E-07  0.0000000000000000E+00
  0.8630961300436058E+10  0.6174948490172913E+28  0.5186706152305001E-05  0.2983695985445674E-07  0.0000000000000000E+00
  0.8976199752453501E+10  0.6493478771153681E+28  0.5393995845873132E-05  0.3102996790736382E-07  0.0000000000000000E+00
  0.9335247742551641E+10  0.6828354565325168E+28  0.5609567921220016E-05  0.3227068868593384E-07  0.0000000000000000E+00
  0.9708657652253708E+10  0.7180410271910133E+28  0.5833753210977198E-05  0.3356103173304498E-07  0.0000000000000000E+00
  0.1009700395834386E+11  0.7550522536630533E+28  0.6066895758641196E-05  0.3490298314517725E-07  0.0000000000000000E+00
  0.1050088411667761E+11  0.7939612352587119E+28  0.6309353345972590E-05  0.3629860865311009E-07  0.0000000000000000E+00
  0.1092091948134472E+11  0.8348647261050388E+28  0.6561498041446659E-05  0.3775005682758775E-07  0.0000000000000000E+00
  0.1135775626059851E+11  0.8778643656365855E+28  0.6823716770595932E-05  0.3925956241510432E-07  0.0000000000000000E+00
  0.1181206651102245E+11  0.9230669199288184E+28  0.7096411909118539E-05  0.4082944980917819E-07  0.0000000000000000E+00
  0.1228454917146335E+11  0.9705845343164858E+28  0.7380001899661240E-05  0.4246213666271561E-07  0.0000000000000000E+00
  0.1277593113832188E+11  0.1020534997748826E+29  0.7674921893222202E-05  0.4416013764730121E-07  0.0000000000000000E+00
  0.1328696838385476E+11  0.1073042019342150E+29  0.7981624416156459E-05  0.4592606836550409E-07  0.0000000000000000E+00
  0.1381844711920895E+11  0.1128235517599070E+29  0.8300580063806121E-05  0.4776264942254851E-07  0.0000000000000000E+00
  0.1437118500397730E+11  0.1186251922769174E+29  0.8632278221818334E-05  0.4967271066397226E-07  0.0000000000000000E+00
  0.1494603240413640E+11  0.1247234492832063E+29  0.8977227816256401E-05  0.5165919558618079E-07  0.0000000000000000E+00
  0.1554387370030185E+11  0.1311333643587111E+29  0.9335958093653628E-05  0.5372516592710444E-07  0.0000000000000000E+00
  0.1616562864831393E+11  0.1378707293335495E+29  0.9709019432205417E-05  0.5587380644447889E-07  0.0000000000000000E+00
  0.1681225379424649E+11  0.1449521222639658E+29  0.1009698418534284E-04  0.5810842988959545E-07  0.0000000000000000E+00
  0.1748474394601635E+11  0.1523949449642299E+29  0.1050044755898062E-04  0.6043248218471099E-07  0.0000000000000000E+00
  0.1818413370385700E+11  0.1602174621420922E+29  0.1092002852378414E-04  0.6284954781266568E-07  0.0000000000000000E+00
  0.1891149905201128E+11  0.1684388421844399E+29  0.1135637076385373E-04  0.6536335542763129E-07  0.0000000000000000E+00
  0.1966795901409174E+11  0.1770791996385364E+29  0.1181014366328042E-04  0.6797778369630721E-07  0.0000000000000000E+00
  0.2045467737465541E+11  0.1861596394325779E+29  0.1228204333208547E-04  0.7069686737929182E-07  0.0000000000000000E+00
  0.2127286446964162E+11  0.1957023028770584E+29  0.1277279367311630E-04  0.7352480366278951E-07  0.0000000000000000E+00
  0.2212377904842729E+11  0.2057304154859720E+29  0.1328314749153442E-04  0.7646595875126486E-07  0.0000000000000000E+00
  0.2300873021036438E+11  0.2162683366536159E+29  0.1381388764859625E-04  0.7952487473213057E-07  0.0000000000000000E+00
  0.2392907941877896E+11  0.2273416112190683E+29  0.1436582826149568E-04  0.8270627672405162E-07  0.0000000000000000E+00
  0.2488624259553012E+11  0.2389770229461245E+29  0.1493981595110791E-04  0.8601508032097108E-07  0.0000000000000000E+00
  0.2588169229935133E+11  0.2512026499415296E+29  0.1553673113954769E-04  0.8945639934450808E-07  0.0000000000000000E+00
  0.2691695999132538E+11  0.2640479220284352E+29  0.1615748939953141E-04  0.9303555391795428E-07  0.0000000000000000E+00
  0.2799363839097839E+11  0.2775436800859561E+29  0.1680304285761223E-04  0.9675807887569670E-07  0.0000000000000000E+00
  0.2911338392661753E+11  0.2917222373582781E+29  0.1747438165343971E-04  0.1006297325225270E-06  0.0000000000000000E+00
  0.3027791928368223E+11  0.3066174427289808E+29  0.1817253545728195E-04  0.1046565057579633E-06  0.0000000000000000E+00
  0.3148903605502952E+11  0.3222647459477120E+29  0.1889857504813731E-04  0.1088446315814063E-06  0.0000000000000000E+00
  0.3274859749723071E+11  0.3387012647868029E+29  0.1965361395485580E-04  0.1132005949946882E-06  0.0000000000000000E+00
  0.3405854139711993E+11  0.3559658540956441E+29  0.2043881016278726E-04  0.1177311433193401E-06  0.0000000000000000E+00
  0.3542088305300473E+11  0.3740991767099541E+29  0.2125536788857368E-04  0.1224432969467181E-06  0.0000000000000000E+00
  0.3683771837512492E+11  0.3931437761624433E+29  0.2210453942580801E-04  0.1273443605399784E-06  0.0000000000000000E+00
  0.3831122711012992E+11  0.4131441511298539E+29  0.2298762706439020E-04  0.1324419347077910E-06  0.0000000000000000E+00
  0.3984367619453512E+11  0.4341468315407881E+29  0.2390598508652500E-04  0.1377439281706253E-06  0.0000000000000000E+00
  0.4143742324231652E+11  0.4562004562579017E+29  0.2486102184242291E-04  0.1432585704414339E-06  0.0000000000000000E+00
  0.4309492017200919E+11  0.4793558522387767E+29  0.2585420190888896E-04  0.1489944250436117E-06  0.0000000000000000E+00
  0.4481871697888956E+11  0.5036661150714867E+29  0.2688704833411052E-04  0.1549604032902070E-06  0.0000000000000000E+00
  0.4661146565804514E+11  0.5291866907755637E+29  0.2796114497208835E-04  0.1611657786495262E-06  0.0000000000000000E+00
  0.4847592428436695E+11  0.5559754587569423E+29  0.2907813891029232E-04  0.1676202017235009E-06  0.0000000000000000E+00
  0.5041496125574163E+11  0.5840928158077232E+29  0.3023974299426676E-04  0.1743337158664746E-06  0.0000000000000000E+00
  0.5243155970597130E+11  0.6136017610506974E+29  0.3144773845305900E-04  0.1813167734734355E-06  0.0000000000000000E+00
  0.5452882209421015E+11  0.6445679817452270E+29  0.3270397762949981E-04  0.1885802529681599E-06  0.0000000000000000E+00
  0.5670997497797856E+11  0.6770599398991298E+29  0.3401038681952552E-04  0.1961354765232472E-06  0.0000000000000000E+00
  0.5897837397709771E+11  0.7111489596717648E+29  0.3536896922489859E-04  0.2039942285456382E-06  0.0000000000000000E+00
  0.6133750893618162E+11  0.7469093156121593E+29  0.3678180802385845E-04  0.2121687749629001E-06  0.0000000000000000E+00
  0.6379100929362888E+11  0.7844183218555827E+29  0.3825106956441486E-04  0.2206718833473565E-06  0.0000000000000000E+00
  0.6634264966537404E+11  0.8237564225085316E+29  0.3977900668518482E-04  0.2295168439170337E-06  0.0000000000000000E+00
  0.6899635565198900E+11  0.8650072835913698E+29  0.4136796216886984E-04  0.2387174914544015E-06  0.0000000000000000E+00
  0.7175620987806856E+11  0.9082578870889017E+29  0.4302037233367446E-04  0.2482882281860052E-06  0.0000000000000000E+00
  0.7462645827319130E+11  0.9535986278887610E+29  0.4473877076817813E-04  0.2582440476683314E-06  0.0000000000000000E+00
  0.7761151660411896E+11  0.1001123414679681E+30  0.4652579221539404E-04  0.2686005597276276E-06  0.0000000000000000E+00
  0.8071597726828372E+11  0.1050929776246919E+30  0.4838417661197641E-04  0.2793740165039132E-06  0.0000000000000000E+00
  0.8394461635901508E+11  0.1103118975057521E+30  0.5031677328877731E-04  0.2905813396520853E-06  0.0000000000000000E+00
  0.8730240101337569E+11  0.1157796130591774E+30  0.5232654533920117E-04  0.3022401487558566E-06  0.0000000000000000E+00
  0.9079449705391072E+11  0.1215070355569699E+30  0.5441657416206294E-04  0.3143687910132526E-06  0.0000000000000000E+00
  0.9442627693606715E+11  0.1275054909069691E+30  0.5659006418592492E-04  0.3269863722555910E-06  0.0000000000000000E+00
  0.9820332801350984E+11  0.1337867371568029E+30  0.5885034778216438E-04  0.3401127893652254E-06  0.0000000000000000E+00
  0.1021314611340502E+12  0.1403629848174938E+30  0.6120089037431582E-04  0.3537687641609367E-06  0.0000000000000000E+00
  0.1062167195794122E+12  0.1472469207845321E+30  0.6364529575153198E-04  0.3679758788236533E-06  0.0000000000000000E+00
  0.1104653883625887E+12  0.1544517368136150E+30  0.6618731159432185E-04  0.3827566129392271E-06  0.0000000000000000E+00
  0.1148840038970923E+12  0.1619911637213228E+30  0.6883083522104982E-04  0.3981343822392969E-06  0.0000000000000000E+00
  0.1194793640529760E+12  0.1698795127316157E+30  0.7157991956401941E-04  0.4141335791258333E-06  0.0000000000000000E+00
  0.1242585386150950E+12  0.1781317256811050E+30  0.7443877938431729E-04  0.4307796150698316E-06  0.0000000000000000E+00
  0.1292288801596989E+12  0.1867634361313250E+30  0.7741179773496073E-04  0.4480989649797816E-06  0.0000000000000000E+00
  0.1343980353660868E+12  0.1957910438149574E+30  0.8050353268227191E-04  0.4661192136410579E-06  0.0000000000000000E+00
  0.1397739567807303E+12  0.2052318052594546E+30  0.8371872429580041E-04  0.4848691043332317E-06  0.0000000000000000E+00
  0.1453649150519595E+12  0.2151039438727267E+30  0.8706230191752639E-04  0.5043785897385522E-06  0.0000000000000000E+00
  0.1511795116540379E+12  0.2254267832160217E+30  0.9053939172150695E-04  0.5246788852615015E-06  0.0000000000000000E+00
  0.1572266921201994E+12  0.2362209075803309E+30  0.9415532457557308E-04  0.5458025248864149E-06  0.0000000000000000E+00
  0.1635157598050074E+12  0.2475083542461887E+30  0.9791564421714942E-04  0.5677834197077236E-06  0.0000000000000000E+00
  0.1700563901972077E+12  0.2593128418107975E+30  0.1018261157557506E-03  0.5906569192754452E-06  0.0000000000000000E+00
  0.1768586458050960E+12  0.2716600385038517E+30  0.1058927345152099E-03  0.6144598759071499E-06  0.0000000000000000E+00
  0.1839329916372999E+12  0.2845778731588896E+30  0.1101217352292170E-03  0.6392307121268182E-06  0.0000000000000000E+00
  0.1912903113027919E+12  0.2980968889653262E+30  0.1145196016042847E-03  0.6650094914008154E-06  0.0000000000000000E+00
  0.1989419237549036E+12  0.3122506355478737E+30  0.1190930762648275E-03  0.6918379923516825E-06  0.0000000000000000E+00
  0.2068996007050997E+12  0.3270760872044280E+30  0.1238491710956226E-03  0.7197597866416292E-06  0.0000000000000000E+00
  0.2151755847333037E+12  0.3426140626889011E+30  0.1287951779975317E-03  0.7488203207295864E-06  0.0000000000000000E+00
  0.2237826081226359E+12  0.3589096025306096E+30  0.1339386800729985E-03  0.7790670017184480E-06  0.0000000000000000E+00
  0.2327339124475414E+12  0.3760122305635995E+30  0.1392875632584946E-03  0.8105492875228123E-06  0.0000000000000000E+00
  0.2420432689454430E+12  0.3939759833810010E+30  0.1448500284217719E-03  0.8433187816021558E-06  0.0000000000000000E+00
  0.2517249997032607E+12  0.4128590307246384E+30  0.1506346039424942E-03  0.8774293325200171E-06  0.0000000000000000E+00
  0.2617939996913912E+12  0.4327226279587430E+30  0.1566501587955606E-03  0.9129371386065186E-06  0.0000000000000000E+00
  0.2722657596790468E+12  0.4536290385882087E+30  0.1629059161572040E-03  0.9499008580194843E-06  0.0000000000000000E+00
  0.2831563900662087E+12  0.4756379483452327E+30  0.1694114675547513E-03  0.9883817245186001E-06  0.0000000000000000E+00
  0.2944826456688571E+12  0.4988007877226070E+30  0.1761767875817631E-03  0.1028443669287642E-05  0.0000000000000000E+00
  0.3062619514956114E+12  0.5231523419152914E+30  0.1832122492011392E-03  0.1070153449161822E-05  0.0000000000000000E+00
  0.3185124295554359E+12  0.5486991555932450E+30  0.1905286396596764E-03  0.1113580781640914E-05  0.0000000000000000E+00
  0.3312529267376533E+12  0.5754046861629393E+30  0.1981371770385021E-03  0.1158798487094130E-05  0.0000000000000000E+00
  0.3445030438071595E+12  0.6031721028348960E+30  0.2060495274647814E-03  0.1205882638589865E-05  0.0000000000000000E+00
  0.3582831655594459E+12  0.6318271866817930E+30  0.2142778230111089E-03  0.1254912719812513E-05  0.0000000000000000E+00
  0.3726144921818237E+12  0.6611058216123461E+30  0.2228346803100494E-03  0.1305971791559806E-05  0.0000000000000000E+00
  0.3875190718690967E+12  0.6906524281113762E+30  0.2317332199123862E-03  0.1359146667347583E-05  0.0000000000000000E+00
  0.4030198347438605E+12  0.7200360867874143E+30  0.2409870864187757E-03  0.1414528098684865E-05  0.0000000000000000E+00
  0.4191406281336150E+12  0.7487884557474098E+30  0.2506104694156889E-03  0.1472210970620702E-05  0.0000000000000000E+00
  0.4359062532589596E+12  0.7764611925181704E+30  0.2606181252477537E-03  0.1532294508205645E-05  0.0000000000000000E+00
  0.4533425033893180E+12  0.8026920519138453E+30  0.2710253996598903E-03  0.1594882494555203E-05  0.0000000000000000E+00
  0.4714762035248907E+12  0.8272623683928828E+30  0.2818482513439619E-03  0.1660083501250385E-05  0.0000000000000000E+00
  0.4903352516658864E+12  0.8501288715804925E+30  0.2931032764260487E-03  0.1728011131861752E-05  0.0000000000000000E+00
  0.5099486617325219E+12  0.8714209858142830E+30  0.3048077339318901E-03  0.1798784279438525E-05  0.0000000000000000E+00
  0.5303466082018228E+12  0.8914069992163369E+30  0.3169795722695340E-03  0.1872527398863498E-05  0.0000000000000000E+00
  0.5515604725298958E+12  0.9104421919310961E+30  0.3296374567697911E-03  0.1949370795038196E-05  0.0000000000000000E+00
  0.5736228914310916E+12  0.9289148165947842E+30  0.3428007983267039E-03  0.2029450927931113E-05  0.0000000000000000E+00
  0.5965678070883352E+12  0.9472020992639078E+30  0.3564897831819241E-03  0.2112910735595411E-05  0.0000000000000000E+00
  0.6204305193718687E+12  0.9656418030687228E+30  0.3707254038986378E-03  0.2199899976341557E-05  0.0000000000000000E+00
  0.6452477401467434E+12  0.9845190475281534E+30  0.3855294915724931E-03  0.2290575591335388E-05  0.0000000000000000E+00
  0.6710576497526132E+12  0.1004064775246286E+31  0.4009247493288788E-03  0.2385102088983535E-05  0.0000000000000000E+00
  0.6978999557427177E+12  0.1024461409110172E+31  0.4169347871578564E-03  0.2483651952566516E-05  0.0000000000000000E+00
  0.7258159539724264E+12  0.1045851887603599E+31  0.4335841581401001E-03  0.2586406072685585E-05  0.0000000000000000E+00
  0.7548485921313235E+12  0.1068349447541816E+31  0.4508983961193106E-03  0.2693554206203204E-05  0.0000000000000000E+00
  0.7850425358165764E+12  0.1092046649789534E+31  0.4689040548787841E-03  0.2805295463479526E-05  0.0000000000000000E+00
  0.8164442372492395E+12  0.1117022976766330E+31  0.4876287488821039E-03  0.2921838825838964E-05  0.0000000000000000E+00
  0.8491020067392091E+12  0.1143350849983371E+31  0.5071011956403080E-03  0.3043403695342698E-05  0.0000000000000000E+00
  0.8830660870087775E+12  0.1171100190745424E+31  0.5273512597703680E-03  0.3170220479095589E-05  0.0000000000000000E+00
  0.9183887304891285E+12  0.1200341762038825E+31  0.5484099988123856E-03  0.3302531210480086E-05  0.0000000000000000E+00
  0.9551242797086937E+12  0.1231149553252169E+31  0.5703097108755954E-03  0.3440590209886505E-05  0.0000000000000000E+00
  0.9933292508970415E+12  0.1263602448123169E+31  0.5930839841860436E-03  0.3584664787699179E-05  0.0000000000000000E+00
  0.1033062420932923E+13  0.1297785377715557E+31  0.6167677486117092E-03  0.3735035992502806E-05  0.0000000000000000E+00
  0.1074384917770240E+13  0.1333790118855884E+31  0.6413973292438426E-03  0.3891999407693635E-05  0.0000000000000000E+00
  0.1117360314481050E+13  0.1371715860956741E+31  0.6670105021164210E-03  0.4055865999917350E-05  0.0000000000000000E+00
  0.1162054727060292E+13  0.1411669632819037E+31  0.6936465521488763E-03  0.4226963023010948E-05  0.0000000000000000E+00
  0.1208536916142703E+13  0.1453766656007569E+31  0.7213463334006252E-03  0.4405634981400712E-05  0.0000000000000000E+00
  0.1256878392788412E+13  0.1498130671989161E+31  0.7501523317294480E-03  0.4592244657204366E-05  0.0000000000000000E+00
  0.1307153528499948E+13  0.1544894275416902E+31  0.7801087299494152E-03  0.4787174205604048E-05  0.0000000000000000E+00
  0.1359439669639946E+13  0.1594199274783315E+31  0.8112614755878509E-03  0.4990826323399619E-05  0.0000000000000000E+00
  0.1413817256425544E+13  0.1646197093340174E+31  0.8436583513447781E-03  0.5203625496020993E-05  0.0000000000000000E+00
  0.1470369946682566E+13  0.1701049217059361E+31  0.8773490483623789E-03  0.5426019328675457E-05  0.0000000000000000E+00
  0.1529184744549869E+13  0.1758927692000253E+31  0.9123852424162835E-03  0.5658479967733698E-05  0.0000000000000000E+00
  0.1590352134331864E+13  0.1820015670383648E+31  0.9488206731449146E-03  0.5901505618918462E-05  0.0000000000000000E+00
  0.1653966219705138E+13  0.1884508002673852E+31  0.9867112264377394E-03  0.6155622169355274E-05  0.0000000000000000E+00
  0.1720124868493344E+13  0.1952611871811634E+31  0.1026115020108054E-02  0.6421384921077665E-05  0.0000000000000000E+00
  0.1788929863233078E+13  0.2024547465242524E+31  0.1067092492980915E-02  0.6699380444153164E-05  0.0000000000000000E+00
  0.1860487057762401E+13  0.2100548680397340E+31  0.1109706497532000E-02  0.6990228558213457E-05  0.0000000000000000E+00
  0.1934906540072897E+13  0.2180863859662444E+31  0.1154022396218560E-02  0.7294584451836271E-05  0.0000000000000000E+00
  0.2012302801675813E+13  0.2265756551519753E+31  0.1200108161649220E-02  0.7613140949940891E-05  0.0000000000000000E+00
  0.2092794913742845E+13  0.2355506295325594E+31  0.1248034480745190E-02  0.7946630940127509E-05  0.0000000000000000E+00
  0.2176506710292559E+13  0.2450409428056937E+31  0.1297874863051498E-02  0.8295829969717034E-05  0.0000000000000000E+00
  0.2263566978704262E+13  0.2550779912197771E+31  0.1349705753363125E-02  0.8661559026136257E-05  0.0000000000000000E+00
  0.2354109657852432E+13  0.2656950184722738E+31  0.1403606648837474E-02  0.9044687514248545E-05  0.0000000000000000E+00
  0.2448274044166529E+13  0.2769272027805743E+31  0.1459660220771360E-02  0.9446136445256788E-05  0.0000000000000000E+00
  0.2546205005933190E+13  0.2888117462422719E+31  0.1517952441227787E-02  0.9866881852908408E-05  0.0000000000000000E+00
  0.2648053206170518E+13  0.3013879666405854E+31  0.1578572714705107E-02  0.1030795845391763E-04  0.0000000000000000E+00
  0.2753975334417339E+13  0.3146973918747810E+31  0.1641614015048780E-02  0.1077046357079294E-04  0.0000000000000000E+00
  0.2864134347794033E+13  0.3287838572051373E+31  0.1707173027813879E-02  0.1125556133662489E-04  0.0000000000000000E+00
  0.2978699721705794E+13  0.3436936054982785E+31  0.1775350298294731E-02  0.1176448720285632E-04  0.0000000000000000E+00
  0.3097847710574026E+13  0.3594753906441745E+31  0.1846250385446653E-02  0.1229855277263219E-04  0.0000000000000000E+00
  0.3221761618996987E+13  0.3761805842915828E+31  0.1919982021933657E-02  0.1285915098401493E-04  0.0000000000000000E+00
  0.3350632083756866E+13  0.3938632860170208E+31  0.1996658280545242E-02  0.1344776166916285E-04  0.0000000000000000E+00
  0.3484657367107141E+13  0.4125804370045567E+31  0.2076396747235065E-02  0.1406595751751087E-04  0.0000000000000000E+00
  0.3624043661791427E+13  0.4323919372723681E+31  0.2159319701044252E-02  0.1471541047307299E-04  0.0000000000000000E+00
  0.3769005408263084E+13  0.4533607664369447E+31  0.2245554301182576E-02  0.1539789859821425E-04  0.0000000000000000E+00
  0.3919765624593607E+13  0.4755531079600412E+31  0.2335232781551515E-02  0.1611531343862465E-04  0.0000000000000000E+00
  0.4076556249577352E+13  0.4990384767758539E+31  0.2428492653004528E-02  0.1686966792677913E-04  0.0000000000000000E+00
  0.4239618499560446E+13  0.5238898501483886E+31  0.2525476913651553E-02  0.1766310486389586E-04  0.0000000000000000E+00
  0.4409203239542864E+13  0.5501838015612777E+31  0.2626334267526953E-02  0.1849790602332013E-04  0.0000000000000000E+00
  0.4585571369124579E+13  0.5780006373943466E+31  0.2731219351952834E-02  0.1937650192137422E-04  0.0000000000000000E+00
  0.4768994223889562E+13  0.6074245360941423E+31  0.2840292973942804E-02  0.2030148230503506E-04  0.0000000000000000E+00
  0.4959753992845146E+13  0.6385436894978665E+31  0.2953722356005030E-02  0.2127560740934312E-04  0.0000000000000000E+00
  0.5158144152558951E+13  0.6714504459230636E+31  0.3071681391717688E-02  0.2230182004121894E-04  0.0000000000000000E+00
  0.5364469918661310E+13  0.7062414545883372E+31  0.3194350911464795E-02  0.2338325855037906E-04  0.0000000000000000E+00
  0.5579048715407762E+13  0.7430178108835015E+31  0.3321918958735882E-02  0.2452327075231288E-04  0.0000000000000000E+00
  0.5802210664024072E+13  0.7818852019605547E+31  0.3454581077409050E-02  0.2572542887281696E-04  0.0000000000000000E+00
  0.6034299090585035E+13  0.8229540520714109E+31  0.3592540610453738E-02  0.2699354558839392E-04  0.0000000000000000E+00
  0.6275671054208437E+13  0.8663396670328705E+31  0.3736009010506977E-02  0.2833169124192130E-04  0.0000000000000000E+00
  0.6526697896376774E+13  0.9121623771560193E+31  0.3885206162795061E-02  0.2974421231838829E-04  0.0000000000000000E+00
  0.6787765812231846E+13  0.9605476779365800E+31  0.4040360720891522E-02  0.3123575127119752E-04  0.0000000000000000E+00
  0.7059276444721120E+13  0.1011626367764560E+32  0.4201710455821945E-02  0.3281126779553831E-04  0.0000000000000000E+00
  0.7341647502509965E+13  0.1065534681879601E+32  0.4369502619046751E-02  0.3447606165166598E-04  0.0000000000000000E+00
  0.7635313402610363E+13  0.1122414421771443E+32  0.4543994319874390E-02  0.3623579714757077E-04  0.0000000000000000E+00
  0.7940725938714778E+13  0.1182413079207429E+32  0.4725452917879729E-02  0.3809652939749083E-04  0.0000000000000000E+00
  0.8258354976263370E+13  0.1245683954061056E+32  0.4914156430925538E-02  0.4006473248001508E-04  0.0000000000000000E+00
  0.8588689175313905E+13  0.1312386265123355E+32  0.5110393959409257E-02  0.4214732962712757E-04  0.0000000000000000E+00
  0.8932236742326461E+13  0.1382685253099635E+32  0.5314466127382352E-02  0.4435172558345519E-04  0.0000000000000000E+00
  0.9289526212019520E+13  0.1456752275040327E+32  0.5526685541215861E-02  0.4668584128317917E-04  0.0000000000000000E+00
  0.9661107260500301E+13  0.1534764889521668E+32  0.5747377266513122E-02  0.4915815100053780E-04  0.0000000000000000E+00
  0.1004755155092031E+14  0.1616906931992155E+32  0.5976879323999163E-02  0.5177772213855280E-04  0.0000000000000000E+00
  0.1044945361295712E+14  0.1703368579835696E+32  0.6215543205146051E-02  0.5455425782951904E-04  0.0000000000000000E+00
  0.1086743175747541E+14  0.1794346406880003E+32  0.6463734408324395E-02  0.5749814252985947E-04  0.0000000000000000E+00
  0.1130212902777443E+14  0.1890043427309544E+32  0.6721832996303662E-02  0.6062049080110760E-04  0.0000000000000000E+00
  0.1175421418888540E+14  0.1990669129228528E+32  0.6990234175957491E-02  0.6393319947796580E-04  0.0000000000000000E+00
  0.1222438275644082E+14  0.2096439498480006E+32  0.7269348901065452E-02  0.6744900343351911E-04  0.0000000000000000E+00
  0.1271335806669845E+14  0.2207577033763382E+32  0.7559604499139172E-02  0.7118153516065254E-04  0.0000000000000000E+00
  0.1322189238936639E+14  0.2324310754627212E+32  0.7861445323238962E-02  0.7514538839741406E-04  0.0000000000000000E+00
  0.1375076808494105E+14  0.2446876204551045E+32  0.8175333429786696E-02  0.7935618603233646E-04  0.0000000000000000E+00
  0.1430079880833869E+14  0.2575515452094831E+32  0.8501749283422176E-02  0.8383065253342230E-04  0.0000000000000000E+00
  0.1487283076067224E+14  0.2710477093995594E+32  0.8841192489993094E-02  0.8858669115141035E-04  0.0000000000000000E+00
  0.1546774399109913E+14  0.2852016265154106E+32  0.9194182558813655E-02  0.9364346615386830E-04  0.0000000000000000E+00
  0.1608645375074310E+14  0.3000394661698332E+32  0.9561259695373340E-02  0.9902149035133462E-04  0.0000000000000000E+00
  0.1672991190077282E+14  0.3155880584754902E+32  0.9942985625725724E-02  0.1047427181798862E-03  0.0000000000000000E+00
  0.1739910837680373E+14  0.3318749014237864E+32  0.1033994445383751E-01  0.1108306446058079E-03  0.0000000000000000E+00
  0.1809507271187588E+14  0.3489281723892970E+32  0.1075274355322987E-01  0.1173104101171203E-03  0.0000000000000000E+00
  0.1881887562035092E+14  0.3667767451051352E+32  0.1118201449429829E-01  0.1242089120631813E-03  0.0000000000000000E+00
  0.1957163064516496E+14  0.3854502137079507E+32  0.1162841400875269E-01  0.1315549225969443E-03  0.0000000000000000E+00
  0.2035449587097155E+14  0.4049789257389388E+32  0.1209262499267720E-01  0.1393792134642475E-03  0.0000000000000000E+00
  0.2116867570581042E+14  0.4253940263132870E+32  0.1257535754976829E-01  0.1477146878701412E-03  0.0000000000000000E+00
  0.2201542273404284E+14  0.4467275160388182E+32  0.1307735007637102E-01  0.1565965196331517E-03  0.0000000000000000E+00
  0.2289603964340455E+14  0.4690123256773999E+32  0.1359937038999509E-01  0.1660622998138432E-03  0.0000000000000000E+00
  0.2381188122914073E+14  0.4922824110052241E+32  0.1414221690305699E-01  0.1761521909733786E-03  0.0000000000000000E+00
  0.2476435647830636E+14  0.5165728718430417E+32  0.1470671984365852E-01  0.1869090891802224E-03  0.0000000000000000E+00
  0.2575493073743862E+14  0.5419200997983821E+32  0.1529374252527850E-01  0.1983787938378720E-03  0.0000000000000000E+00
  0.2678512796693616E+14  0.5683619598915961E+32  0.1590418266731998E-01  0.2106101853526961E-03  0.0000000000000000E+00
  0.2785653308561361E+14  0.5959380119301307E+32  0.1653897376852197E-01  0.2236554105977470E-03  0.0000000000000000E+00
  0.2897079440903816E+14  0.6246897782500459E+32  0.1719908653531007E-01  0.2375700760548967E-03  0.0000000000000000E+00
  0.3012962618539969E+14  0.6546610652645057E+32  0.1788553036722502E-01  0.2524134484329661E-03  0.0000000000000000E+00
  0.3133481123281568E+14  0.6858983471414405E+32  0.1859935490163087E-01  0.2682486624628299E-03  0.0000000000000000E+00
  0.3258820368212830E+14  0.7184512208767297E+32  0.1934165161996386E-01  0.2851429354610041E-03  0.0000000000000000E+00
  0.3389173182941344E+14  0.7523729430255093E+32  0.2011355551783920E-01  0.3031677881302944E-03  0.0000000000000000E+00
  0.3524740110258998E+14  0.7877210593936298E+32  0.2091624684138298E-01  0.3223992709291700E-03  0.0000000000000000E+00
  0.3665729714669358E+14  0.8245581400534126E+32  0.2175095289220044E-01  0.3429181951903197E-03  0.0000000000000000E+00
  0.3812358903256132E+14  0.8629526331038697E+32  0.2261894990342677E-01  0.3648103680032950E-03  0.0000000000000000E+00
  0.3964853259386377E+14  0.9029798516042890E+32  0.2352156498933103E-01  0.3881668296965616E-03  0.0000000000000000E+00
  0.4123447389761833E+14  0.9447231090013328E+32  0.2446017817095556E-01  0.4130840925614319E-03  0.0000000000000000E+00
  0.4288385285352306E+14  0.9882750190503635E+32  0.2543622448026883E-01  0.4396643792555252E-03  0.0000000000000000E+00
  0.4459920696766398E+14  0.1033738976556392E+33  0.2645119614528709E-01  0.4680158591086043E-03  0.0000000000000000E+00
  0.4638317524637055E+14  0.1081230835013565E+33  0.2750664485857453E-01  0.4982528803316445E-03  0.0000000000000000E+00
  0.4823850225622537E+14  0.1130880796093547E+33  0.2860418413146035E-01  0.5304961959045451E-03  0.0000000000000000E+00
  0.5016804234647438E+14  0.1182835523459266E+33  0.2974549173620867E-01  0.5648731806938696E-03  0.0000000000000000E+00
  0.5217476404033336E+14  0.1237260488878002E+33  0.3093231223823810E-01  0.6015180371355651E-03  0.0000000000000000E+00
  0.5426175460194670E+14  0.1294342551074335E+33  0.3216645962030830E-01  0.6405719866163698E-03  0.0000000000000000E+00
  0.5643222478602456E+14  0.1354292755723268E+33  0.3344982000036140E-01  0.6821834435109318E-03  0.0000000000000000E+00
  0.5868951377746555E+14  0.1417349326268730E+33  0.3478435444442304E-01  0.7265081686906287E-03  0.0000000000000000E+00
  0.6103709432856417E+14  0.1483780786686214E+33  0.3617210187562025E-01  0.7737093992279564E-03  0.0000000000000000E+00
  0.6347857810170674E+14  0.1553889114270185E+33  0.3761518207995431E-01  0.8239579509925009E-03  0.0000000000000000E+00
  0.6601772122577502E+14  0.1628012756342128E+33  0.3911579880896705E-01  0.8774322908887356E-03  0.0000000000000000E+00
  0.6865843007480602E+14  0.1706529249944819E+33  0.4067624297884605E-01  0.9343185756423366E-03  0.0000000000000000E+00
  0.7140476727779827E+14  0.1789857044953723E+33  0.4229889596482035E-01  0.9948106543231988E-03  0.0000000000000000E+00
  0.7426095796891020E+14  0.1878455931160430E+33  0.4398623298888776E-01  0.1059110032224988E-02  0.0000000000000000E+00
  0.7723139628766661E+14  0.1972825187708493E+33  0.4574082659797821E-01  0.1127425794330649E-02  0.0000000000000000E+00
  0.8032065213917328E+14  0.2073498188543863E+33  0.4756535022857932E-01  0.1199974487410565E-02  0.0000000000000000E+00
  0.8353347822474022E+14  0.2181031705332184E+33  0.4946258185261687E-01  0.1276979960856902E-02  0.0000000000000000E+00
  0.8687481735372983E+14  0.2295987599316286E+33  0.5143540769798050E-01  0.1358673167687427E-02  0.0000000000000000E+00
  0.9034981004787903E+14  0.2418904187947325E+33  0.5348682603549757E-01  0.1445291928788841E-02  0.0000000000000000E+00
  0.9396380244979420E+14  0.2550254894478578E+33  0.5561995102237181E-01  0.1537080665448132E-02  0.0000000000000000E+00
  0.9772235454778597E+14  0.2690394311918415E+33  0.5783801659010344E-01  0.1634290107574201E-02  0.0000000000000000E+00
  0.1016312487296974E+15  0.2839499939166390E+33  0.6014438036267959E-01  0.1737176987773360E-02  0.0000000000000000E+00
  0.1056964986788853E+15  0.2997538751724352E+33  0.6254252758835496E-01  0.1846003734640437E-02  0.0000000000000000E+00
  0.1099243586260407E+15  0.3164334600035719E+33  0.6503607506562338E-01  0.1961038182287346E-02  0.0000000000000000E+00
  0.1143213329710824E+15  0.3339902726531217E+33  0.6762877504099858E-01  0.2082553317272650E-02  0.0000000000000000E+00
  0.1188941862899257E+15  0.3525352026391695E+33  0.7032451905297550E-01  0.2210827088731390E-02  0.0000000000000000E+00
  0.1236499537415227E+15  0.3724739070666409E+33  0.7312734169302521E-01  0.2346142312638203E-02  0.0000000000000000E+00
  0.1285959518911836E+15  0.3947948279793373E+33  0.7604142425069309E-01  0.2488786706762345E-02  0.0000000000000000E+00
  0.1337397899668310E+15  0.4213417852196438E+33  0.7907109820582681E-01  0.2639053098972410E-02  0.0000000000000000E+00
  0.1390893815655042E+15  0.4547628889816256E+33  0.8222084852667423E-01  0.2797239858090312E-02  0.0000000000000000E+00
  0.1446529568281244E+15  0.4978678938110882E+33  0.8549531672808494E-01  0.2963651603431825E-02  0.0000000000000000E+00
  0.1504390751012493E+15  0.5526873572689691E+33  0.8889930363935432E-01  0.3138600256441981E-02  0.0000000000000000E+00
  0.1564566381052993E+15  0.6200427210411191E+33  0.9243777182640957E-01  0.3322406505356562E-02  0.0000000000000000E+00
  0.1627149036295113E+15  0.6999830554200916E+33  0.9611584760810976E-01  0.3515401761494127E-02  0.0000000000000000E+00
  0.1692234997746918E+15  0.7925761559415668E+33  0.9993882260148315E-01  0.3717930693481795E-02  0.0000000000000000E+00
  0.1759924397656794E+15  0.8984472564613825E+33  0.1039121547258415E+00  0.3930354433291613E-02  0.0000000000000000E+00
  0.1830321373563066E+15  0.1018941252319523E+34  0.1080414685909917E+00  0.4153054555232024E-02  0.0000000000000000E+00
  0.1903534228505589E+15  0.1156081057712787E+34  0.1123325551903251E+00  0.4386437935783900E-02  0.0000000000000000E+00
  0.1979675597645813E+15  0.1312485968252207E+34  0.1167913708155444E+00  0.4630942608134656E-02  0.0000000000000000E+00
  0.2058862621551645E+15  0.1491320602225636E+34  0.1214240351063340E+00  0.4887044730137328E-02  0.0000000000000000E+00
  0.2141217126413711E+15  0.1696285802494950E+34  0.1262368281455689E+00  0.5155266787833518E-02  0.0000000000000000E+00
  0.2226865811470260E+15  0.1931642626082285E+34  0.1312361865088751E+00  0.5436187158186538E-02  0.0000000000000000E+00
  0.2315940443929070E+15  0.2202258409293987E+34  0.1364286981767073E+00  0.5730451153742489E-02  0.7132985704626742E-04
  0.2408578061686233E+15  0.2513666717248395E+34  0.1418210962178158E+00  0.6038783667941307E-02  0.1933683954034312E-03
  0.2504921184153682E+15  0.2872135920177476E+34  0.1474202511552638E+00  0.6362003531989452E-02  0.3262872190049242E-03
  0.2605118031519830E+15  0.3284743128756592E+34  0.1532331619302595E+00  0.6701039681706973E-02  0.4710610294788624E-03
  0.2709322752780623E+15  0.3759451376040460E+34  0.1592669453852278E+00  0.7056949214565859E-02  0.6287943243454072E-03
  0.2817695662891848E+15  0.4305188557261028E+34  0.1655288241959848E+00  0.7430937392101727E-02  0.8007391208319627E-03
  0.2930403489407522E+15  0.4931926972415205E+34  0.1720261131938123E+00  0.7824379609743382E-02  0.9883142625689940E-03
  0.3047619628983823E+15  0.5650762512884210E+34  0.1787662040318485E+00  0.8238845313509588E-02  0.1193126291380124E-02
  0.3169524414143176E+15  0.6473992679012745E+34  0.1857565481666734E+00  0.8676123789573225E-02  0.1416991825996685E-02
  0.3296305390708903E+15  0.7415192755826663E+34  0.1930046381453652E+00  0.9138251687032792E-02  0.1661961339668269E-02
  0.3428157606337259E+15  0.8489289629065616E+34  0.2005179872107078E+00  0.9627542055156074E-02  0.1930344168287293E-02
  0.3565283910590750E+15  0.9712632898811832E+34  0.2083041072625923E+00  0.1014661458297123E-01  0.2224734508989137E-02
  0.3707895267014380E+15  0.1110306313974170E+35  0.2163704852418689E+00  0.1069842662097733E-01  0.2548038085772955E-02
  0.3856211077694956E+15  0.1267997735698108E+35  0.2247245580337763E+00  0.1128630444226627E-01  0.2903499063573215E-02
  0.4010459520802754E+15  0.1446439188390482E+35  0.2333736860212439E+00  0.1191397406483644E-01  0.3294726686170499E-02
  0.4170877901634864E+15  0.1647900315173684E+35  0.2423251254534335E+00  0.1258559081098855E-01  0.3725720998059120E-02
  0.4337713017700259E+15  0.1874824692032214E+35  0.2515859998312495E+00  0.1330576662768601E-01  0.4200896888726106E-02
  0.4511221538408269E+15  0.2129835668671904E+35  0.2611632705485411E+00  0.1407959403978284E-01  0.4725105573928194E-02
  0.4691670399944600E+15  0.2415742207792430E+35  0.2710637070645071E+00  0.1491266546430308E-01  0.5303652508181947E-02
  0.4879337215942384E+15  0.2735544808358408E+35  0.2812938569184653E+00  0.1581108648890451E-01  0.5942310613120602E-02
  0.5074510704580080E+15  0.3092441599437584E+35  0.2918600159316365E+00  0.1678148162374960E-01  0.6647327616528384E-02
  0.5277491132763283E+15  0.3489834688489540E+35  0.3027681989707889E+00  0.1783099098742960E-01  0.7425426237071412E-02
  0.5488590778073814E+15  0.3931336842130741E+35  0.3140241116743472E+00  0.1896725639959261E-01  0.8283795931394576E-02
  0.5708134409196768E+15  0.4420778569022224E+35  0.3256331235616958E+00  0.2019839544080101E-01  0.9230074955189901E-02
  0.5936459785564639E+15  0.4962215664317086E+35  0.3376002429597781E+00  0.2153296221785346E-01  0.1027232158951559E-01
  0.6173918176987225E+15  0.5559937263817827E+35  0.3499300941866054E+00  0.2297989385128230E-01  0.1141897355801226E-01
  0.6420874904066714E+15  0.6218474444274639E+35  0.3626268974280329E+00  0.2454844208697829E-01  0.1267879491689587E-01
  0.6677709900229382E+15  0.6942609394749566E+35  0.3756944517313457E+00  0.2624808992499123E-01  0.1406081004067874E-01
  0.6944818296238558E+15  0.7737385173128699E+35  0.3891361215162984E+00  0.2808845374592900E-01  0.1557422474986867E-01
  0.7222611028088100E+15  0.8608116052120509E+35  0.4029548269710077E+00  0.3007917207950802E-01  0.1722833512303748E-01
  0.7511515469211624E+15  0.9560398450652370E+35  0.4171530386565570E+00  0.3222978287076676E-01  0.1903242508769642E-01
  0.7811976087980089E+15  0.1060012243965368E+36  0.4317327765907383E+00  0.3454959181754206E-01  0.2099565446771545E-01
  0.8124455131499292E+15  0.1173348380585660E+36  0.4466956140187743E+00  0.3704753503049751E-01  0.2312693974786455E-01
  0.8449433336759265E+15  0.1296699665341772E+36  0.4620426860082627E+00  0.3973203985220061E-01  0.2543483036122872E-01
  0.8787410670229636E+15  0.1430750652081686E+36  0.4777747029284017E+00  0.4261088811230013E-01  0.2792738377255999E-01
  0.9138907097038822E+15  0.1576220398948005E+36  0.4938919687915702E+00  0.4569108634476596E-01  0.3061204298019838E-01
  0.9504463380920376E+15  0.1733863876079312E+36  0.5103944043505587E+00  0.4897874751407497E-01  0.3349552025528663E-01
  0.9884641916157191E+15  0.1904473417943396E+36  0.5272815747594067E+00  0.5247898856940865E-01  0.3658369095198065E-01
  0.1028002759280348E+16  0.2088880218311368E+36  0.5445527215221896E+00  0.5619584766786798E-01  0.3988150104021831E-01
  0.1069122869651562E+16  0.2287955866173557E+36  0.5622067983746097E+00  0.6013222419886870E-01  0.4339289163166818E-01
  0.1111887784437624E+16  0.2502613921252669E+36  0.5802425106701077E+00  0.6428984384200699E-01  0.4712074320363065E-01
  0.1156363295815130E+16  0.2733811528170339E+36  0.5986583577775770E+00  0.6866924985674909E-01  0.5106684150407775E-01
  0.1202617827647735E+16  0.2982551068768766E+36  0.6174526779434729E+00  0.7326982070320895E-01  0.5523186628603295E-01
  0.1250722540753644E+16  0.3249881852559098E+36  0.6366236950287135E+00  0.7808981300321670E-01  0.5961540312305912E-01
  0.1300751442383790E+16  0.3536901845769584E+36  0.6561695665013962E+00  0.8312642784193412E-01  0.6421597765653227E-01
  0.1352781500079142E+16  0.3844759439976998E+36  0.6760884320507370E+00  0.8837589754558756E-01  0.6903111077604961E-01
  0.1406892760082308E+16  0.4174655261841861E+36  0.6963784621859942E+00  0.9383358939899032E-01  0.7405739248762168E-01
  0.1463168470485600E+16  0.4527844026006016E+36  0.7170379061962910E+00  0.9949412231773119E-01  0.7929057162123554E-01
  0.1521695209305024E+16  0.4905636433764054E+36  0.7380651388724973E+00  0.1053514922748749E+00  0.8472565809794010E-01
  0.1582563017677225E+16  0.5309401120683977E+36  0.7594587054296578E+00  0.1113992022927049E+00  0.9035703423029438E-01
  0.1645865538384314E+16  0.5740566656918085E+36  0.7812173641164069E+00  0.1176303930223909E+00  0.9617857146785523E-01
  0.1711700159919686E+16  0.6200623604524688E+36  0.8033401260547215E+00  0.1240379703125601E+00  0.1021837491074826E+00
  0.1780168166316474E+16  0.6691126636700822E+36  0.8258262919173298E+00  0.1306147266685266E+00  0.1083657717424200E+00
  0.1851374892969133E+16  0.7213696724425041E+36  0.8486754851191093E+00  0.1373534540818780E+00  0.1147176825931714E+00
  0.1925429888687898E+16  0.7770023396608102E+36  0.8718876812708023E+00  0.1442470463214721E+00  0.1212324703124196E+00
  0.2002447084235414E+16  0.8361867080447962E+36  0.8954632337163769E+00  0.1512885893828908E+00  0.1279031673506617E+00
  0.2082544967604831E+16  0.8991061529326167E+36  0.9194028950474342E+00  0.1584714393624051E+00  0.1347229384763874E+00
  0.2165846766309024E+16  0.9659516346182925E+36  0.9437078345575044E+00  0.1657892875301091E+00  0.1416851585365513E+00
  0.2252480636961386E+16  0.1036921961096785E+37  0.9683796516643985E+00  0.1732362128099870E+00  0.1487834789976268E+00
  0.2342579862439841E+16  0.1112224062139911E+37  0.9934203853886924E+00  0.1808067222248281E+00  0.1560118832087381E+00
  0.2436283056937434E+16  0.1192073275692052E+37  0.1018832520029984E+01  0.1884957801301743E+00  0.1633647306665066E+00
  0.2533734379214932E+16  0.1276693647642928E+37  0.1044618987229071E+01  0.1962988272480159E+00  0.1708367908320692E+00
  0.2635083754383530E+16  0.1366318246100693E+37  0.1070783164643182E+01  0.2042117906255049E+00  0.1784232672546186E+00
  0.2740487104558871E+16  0.1461189491359592E+37  0.1097328871492780E+01  0.2122310856965202E+00  0.1861198128967595E+00
  0.2850106588741226E+16  0.1561559502827016E+37  0.1124260361262174E+01  0.2203536116254861E+00  0.1939225376414049E+00
  0.2964110852290875E+16  0.1667690464245770E+37  0.1151582311852615E+01  0.2285767410745054E+00  0.2018280089958526E+00
  0.3082675286382510E+16  0.1779855008621488E+37  0.1179299813496097E+01  0.2368983054670776E+00  0.2098332470047028E+00
  0.3205982297837810E+16  0.1898336624342202E+37  0.1207418354741227E+01  0.2453165767337640E+00  0.2179357143480063E+00
  0.3334221589751323E+16  0.2023430084050495E+37  0.1235943806820113E+01  0.2538302464251987E+00  0.2261333025426223E+00
  0.3467590453341376E+16  0.2155441897911419E+37  0.1264882406697725E+01  0.2624384029723539E+00  0.2344243150904431E+00
  0.3606294071475031E+16  0.2294690792999680E+37  0.1294240739093635E+01  0.2711405077681672E+00  0.2428074483332008E+00
  0.3750545834334032E+16  0.2441508220611909E+37  0.1324025717750925E+01  0.2799363706423571E+00  0.2512817706851589E+00
  0.3900567667707394E+16  0.2596238893399454E+37  0.1354244566209365E+01  0.2888261252052403E+00  0.2598467008262167E+00
  0.4056590374415690E+16  0.2759241354304616E+37  0.1384904798320197E+01  0.2978102044483680E+00  0.2685019853519027E+00
  0.4218853989392318E+16  0.2930888579377245E+37  0.1416014198718800E+01  0.3068893169107997E+00  0.2772476762956497E+00
  0.4387608148968010E+16  0.3111568616647525E+37  0.1447580803449663E+01  0.3160644236502025E+00  0.2860841088640712E+00
  0.4563112474926731E+16  0.3301685263329267E+37  0.1479612880916047E+01  0.3253367161976131E+00  0.2950118796585777E+00
  0.4745636973923800E+16  0.3501658783735312E+37  0.1512118913304829E+01  0.3347075956232213E+00  0.3040318255969164E+00
  0.4935462452880752E+16  0.3711926670401680E+37  0.1545107578615732E+01  0.3441786527973052E+00  0.3131450036961152E+00
  0.5132880950995982E+16  0.3932944451027531E+37  0.1578587733403740E+01  0.3537516498947070E+00  0.3223526718335547E+00
  0.5338196189035821E+16  0.4165186543968282E+37  0.1612568396324175E+01  0.3634285031621997E+00  0.3316562705650405E+00
  0.5551724036597254E+16  0.4409147165146914E+37  0.1647058732551905E+01  0.3732112669449046E+00  0.3410574060472176E+00
  0.5773792998061144E+16  0.4665341289386608E+37  0.1682068039129524E+01  0.3831021189498108E+00  0.3505578340858185E+00
  0.6004744717983590E+16  0.4934305669316666E+37  0.1717605731284214E+01  0.3931033467106442E+00  0.3601594453104149E+00
  0.6244934506702934E+16  0.5216599915158341E+37  0.1753681329739316E+01  0.4032173352081822E+00  0.3698642514599026E+00
  0.6494731886971052E+16  0.5512807638865200E+37  0.1790304449034538E+01  0.4134465555929515E+00  0.3796743727502669E+00
  0.6754521162449894E+16  0.5823537666265575E+37  0.1827484786857988E+01  0.4237935549525765E+00  0.3895920262866832E+00
  0.7024702008947890E+16  0.6149425321048296E+37  0.1865232114383976E+01  0.4342609470633668E+00  0.3996195154752021E+00
  0.7305690089305806E+16  0.6491133784633132E+37  0.1903556267602510E+01  0.4448514040646235E+00  0.4097592203846362E+00
  0.7597917692878038E+16  0.6849355536175332E+37  0.1942467139619770E+01  0.4555676489943155E+00  0.4200135890064816E+00
  0.7901834400593160E+16  0.7224813877198081E+37  0.1981974673903211E+01  0.4664124491258454E+00  0.4303851293593162E+00
  0.8217907776616887E+16  0.7618264545574627E+37  0.2022088858440444E+01  0.4773886100474491E+00  0.4408764023839141E+00
  0.8546624087681563E+16  0.8030497423860916E+37  0.2062819720777501E+01  0.4884989704280776E+00  0.4514900155759645E+00
  0.8888489051188826E+16  0.8462338347241467E+37  0.2104177323899318E+01  0.4997463974162671E+00  0.4622286173046206E+00
  0.9244028613236380E+16  0.8914651016675388E+37  0.2146171762913327E+01  0.5111337826213876E+00  0.4730948917669263E+00
  0.9613789757765836E+16  0.9388339023123880E+37  0.2188813162495762E+01  0.5226640386296612E+00  0.4840915545303403E+00
  0.9998341348076470E+16  0.9884347989102357E+37  0.2232111675059476E+01  0.5343400960103555E+00  0.4952213486179642E+00
