      6    947    133          Itext Imax Icore

      Akmal, Pandariphande & Ravenhall: A18 + dv + UIX* model (the best one)

   Rho        Press       nbar       Ye         Ymu        Yn         Yp         Yla        Ysm        Ys0        Ysp       mstp       mstn       mstla      mstsm      msts0      mstsp
  g/cm3     dyne/cm2     #/fm3     [A_cell]    [A_ion]     [Z]

   0.23107886E+16  0.10794904E+37  0.98607296      0.18110679      0.15606236      0.66283085      0.33716915       0.0000000       0.0000000       0.0000000       0.0000000      0.24507365      0.20459389       0.0000000       0.0000000       0.0000000       0.0000000    
   0.22753396E+16  0.10502756E+37  0.97607296      0.17986475      0.15470366      0.66543159      0.33456841       0.0000000       0.0000000       0.0000000       0.0000000      0.24766284      0.20663525       0.0000000       0.0000000       0.0000000       0.0000000    
   0.22402207E+16  0.10215702E+37  0.96607296      0.17859869      0.15332042      0.66808088      0.33191912       0.0000000       0.0000000       0.0000000       0.0000000      0.25029474      0.20871832       0.0000000       0.0000000       0.0000000       0.0000000    
   0.22054295E+16  0.99336940E+36  0.95607296      0.17730831      0.15191239      0.67077930      0.32922070       0.0000000       0.0000000       0.0000000       0.0000000      0.25297006      0.21084446       0.0000000       0.0000000       0.0000000       0.0000000    
   0.21709636E+16  0.96566838E+36  0.94607296      0.17599328      0.15047931      0.67352741      0.32647259       0.0000000       0.0000000       0.0000000       0.0000000      0.25568950      0.21301510       0.0000000       0.0000000       0.0000000       0.0000000    
   0.21368206E+16  0.93846235E+36  0.93607296      0.17465333      0.14902095      0.67632572      0.32367428       0.0000000       0.0000000       0.0000000       0.0000000      0.25845379      0.21523175       0.0000000       0.0000000       0.0000000       0.0000000    
   0.21029980E+16  0.91174646E+36  0.92607296      0.17328816      0.14753709      0.67917474      0.32082526       0.0000000       0.0000000       0.0000000       0.0000000      0.26126363      0.21749596       0.0000000       0.0000000       0.0000000       0.0000000    
   0.20694935E+16  0.88551585E+36  0.91607296      0.17189753      0.14602755      0.68207492      0.31792508       0.0000000       0.0000000       0.0000000       0.0000000      0.26411973      0.21980936       0.0000000       0.0000000       0.0000000       0.0000000    
   0.20363047E+16  0.85976566E+36  0.90607296      0.17048117      0.14449213      0.68502669      0.31497331       0.0000000       0.0000000       0.0000000       0.0000000      0.26702281      0.22217366       0.0000000       0.0000000       0.0000000       0.0000000    
   0.20034291E+16  0.83449100E+36  0.89607296      0.16903888      0.14293069      0.68803043      0.31196957       0.0000000       0.0000000       0.0000000       0.0000000      0.26997357      0.22459065       0.0000000       0.0000000       0.0000000       0.0000000    
   0.19708644E+16  0.80968699E+36  0.88607296      0.16757045      0.14134309      0.69108646      0.30891354       0.0000000       0.0000000       0.0000000       0.0000000      0.27297274      0.22706219       0.0000000       0.0000000       0.0000000       0.0000000    
   0.19386083E+16  0.78534873E+36  0.87607296      0.16607569      0.13972923      0.69419508      0.30580492       0.0000000       0.0000000       0.0000000       0.0000000      0.27602101      0.22959023       0.0000000       0.0000000       0.0000000       0.0000000    
   0.19066584E+16  0.76147132E+36  0.86607296      0.16455447      0.13808904      0.69735650      0.30264350       0.0000000       0.0000000       0.0000000       0.0000000      0.27911909      0.23217682       0.0000000       0.0000000       0.0000000       0.0000000    
   0.18750122E+16  0.73804987E+36  0.85607296      0.16300666      0.13642245      0.70057089      0.29942911       0.0000000       0.0000000       0.0000000       0.0000000      0.28226768      0.23482410       0.0000000       0.0000000       0.0000000       0.0000000    
   0.18436675E+16  0.71507949E+36  0.84607296      0.16143217      0.13472947      0.70383836      0.29616164       0.0000000       0.0000000       0.0000000       0.0000000      0.28546748      0.23753429       0.0000000       0.0000000       0.0000000       0.0000000    
   0.18126220E+16  0.69255530E+36  0.83607296      0.15983095      0.13301011      0.70715895      0.29284105       0.0000000       0.0000000       0.0000000       0.0000000      0.28871918      0.24030975       0.0000000       0.0000000       0.0000000       0.0000000    
   0.17818733E+16  0.67047242E+36  0.82607296      0.15820298      0.13126442      0.71053261      0.28946739       0.0000000       0.0000000       0.0000000       0.0000000      0.29202348      0.24315292       0.0000000       0.0000000       0.0000000       0.0000000    
   0.17514190E+16  0.64882601E+36  0.81607296      0.15654828      0.12949250      0.71395922      0.28604078       0.0000000       0.0000000       0.0000000       0.0000000      0.29538104      0.24606638       0.0000000       0.0000000       0.0000000       0.0000000    
   0.17212570E+16  0.62761125E+36  0.80607296      0.15486693      0.12769449      0.71743858      0.28256142       0.0000000       0.0000000       0.0000000       0.0000000      0.29879256      0.24905282       0.0000000       0.0000000       0.0000000       0.0000000    
   0.16913848E+16  0.60682335E+36  0.79607296      0.15315903      0.12587058      0.72097039      0.27902961       0.0000000       0.0000000       0.0000000       0.0000000      0.30225871      0.25211505       0.0000000       0.0000000       0.0000000       0.0000000    
   0.16618002E+16  0.58645754E+36  0.78607296      0.15142475      0.12402098      0.72455426      0.27544574       0.0000000       0.0000000       0.0000000       0.0000000      0.30578016      0.25525604       0.0000000       0.0000000       0.0000000       0.0000000    
   0.16325009E+16  0.56650912E+36  0.77607296      0.14966431      0.12214599      0.72818970      0.27181030       0.0000000       0.0000000       0.0000000       0.0000000      0.30935757      0.25847888       0.0000000       0.0000000       0.0000000       0.0000000    
   0.16034846E+16  0.54697343E+36  0.76607296      0.14787797      0.12024592      0.73187611      0.26812389       0.0000000       0.0000000       0.0000000       0.0000000      0.31299161      0.26178682       0.0000000       0.0000000       0.0000000       0.0000000    
   0.15747491E+16  0.52784587E+36  0.75607296      0.14606608      0.11832116      0.73561276      0.26438724       0.0000000       0.0000000       0.0000000       0.0000000      0.31668293      0.26518326       0.0000000       0.0000000       0.0000000       0.0000000    
   0.15462921E+16  0.50912189E+36  0.74607296      0.14422902      0.11637216      0.73939882      0.26060118       0.0000000       0.0000000       0.0000000       0.0000000      0.32043220      0.26867178       0.0000000       0.0000000       0.0000000       0.0000000    
   0.15181113E+16  0.49079705E+36  0.73607296      0.14236727      0.11439941      0.74323332      0.25676668       0.0000000       0.0000000       0.0000000       0.0000000      0.32424007      0.27225611       0.0000000       0.0000000       0.0000000       0.0000000    
   0.14902046E+16  0.47286694E+36  0.72607296      0.14048135      0.11240348      0.74711517      0.25288483       0.0000000       0.0000000       0.0000000       0.0000000      0.32810721      0.27594019       0.0000000       0.0000000       0.0000000       0.0000000    
   0.14625696E+16  0.45532730E+36  0.71607296      0.13857188      0.11038499      0.75104314      0.24895686       0.0000000       0.0000000       0.0000000       0.0000000      0.33203428      0.27972812       0.0000000       0.0000000       0.0000000       0.0000000    
   0.14352042E+16  0.43817391E+36  0.70607296      0.13663953      0.10834464      0.75501583      0.24498417       0.0000000       0.0000000       0.0000000       0.0000000      0.33602196      0.28362423       0.0000000       0.0000000       0.0000000       0.0000000    
   0.14081060E+16  0.42140271E+36  0.69607296      0.13468509      0.10628319      0.75903172      0.24096828       0.0000000       0.0000000       0.0000000       0.0000000      0.34007093      0.28763304       0.0000000       0.0000000       0.0000000       0.0000000    
   0.13812729E+16  0.40500972E+36  0.68607296      0.13270939      0.10420148      0.76308913      0.23691087       0.0000000       0.0000000       0.0000000       0.0000000      0.34418191      0.29175930       0.0000000       0.0000000       0.0000000       0.0000000    
   0.13547026E+16  0.38899109E+36  0.67607296      0.13071338      0.10210041      0.76718621      0.23281379       0.0000000       0.0000000       0.0000000       0.0000000      0.34835560      0.29600799       0.0000000       0.0000000       0.0000000       0.0000000    
   0.13283928E+16  0.37334312E+36  0.66607296      0.12869809      0.99980959E-01  0.77132095      0.22867905       0.0000000       0.0000000       0.0000000       0.0000000      0.35259275      0.30038433       0.0000000       0.0000000       0.0000000       0.0000000    
   0.13023414E+16  0.35806221E+36  0.65607296      0.12666465      0.97844192E-01  0.77549116      0.22450884       0.0000000       0.0000000       0.0000000       0.0000000      0.35689415      0.30489379       0.0000000       0.0000000       0.0000000       0.0000000    
   0.12765460E+16  0.34314495E+36  0.64607296      0.12461427      0.95691240E-01  0.77969449      0.22030551       0.0000000       0.0000000       0.0000000       0.0000000      0.36126060      0.30954213       0.0000000       0.0000000       0.0000000       0.0000000    
   0.12510044E+16  0.32858805E+36  0.63607296      0.12254828      0.93523317E-01  0.78392840      0.21607160       0.0000000       0.0000000       0.0000000       0.0000000      0.36569298      0.31433535       0.0000000       0.0000000       0.0000000       0.0000000    
   0.12257144E+16  0.31438837E+36  0.62607296      0.12046809      0.91341712E-01  0.78819020      0.21180980       0.0000000       0.0000000       0.0000000       0.0000000      0.37019218      0.31927976       0.0000000       0.0000000       0.0000000       0.0000000    
   0.12006735E+16  0.30054296E+36  0.61607296      0.11837523      0.89147796E-01  0.79247697      0.20752303       0.0000000       0.0000000       0.0000000       0.0000000      0.37475919      0.32438198       0.0000000       0.0000000       0.0000000       0.0000000    
   0.11758795E+16  0.28704899E+36  0.60607296      0.11627132      0.86943017E-01  0.79678566      0.20321434       0.0000000       0.0000000       0.0000000       0.0000000      0.37939506      0.32964893       0.0000000       0.0000000       0.0000000       0.0000000    
   0.11513300E+16  0.27390382E+36  0.59607296      0.11415810      0.84728901E-01  0.80111300      0.19888700       0.0000000       0.0000000       0.0000000       0.0000000      0.38410091      0.33508787       0.0000000       0.0000000       0.0000000       0.0000000    
   0.11270226E+16  0.26110495E+36  0.58607296      0.11203739      0.82507050E-01  0.80545556      0.19454444       0.0000000       0.0000000       0.0000000       0.0000000      0.38887797      0.34070640       0.0000000       0.0000000       0.0000000       0.0000000    
   0.11029549E+16  0.24865005E+36  0.57607296      0.10991114      0.80279143E-01  0.80980972      0.19019028       0.0000000       0.0000000       0.0000000       0.0000000      0.39372758      0.34651246       0.0000000       0.0000000       0.0000000       0.0000000    
   0.10791245E+16  0.23653692E+36  0.56607296      0.10778138      0.78046929E-01  0.81417169      0.18582831       0.0000000       0.0000000       0.0000000       0.0000000      0.39865119      0.35251437       0.0000000       0.0000000       0.0000000       0.0000000    
   0.10555288E+16  0.22476352E+36  0.55607296      0.10565024      0.75812227E-01  0.81853753      0.18146247       0.0000000       0.0000000       0.0000000       0.0000000      0.40365039      0.35872085       0.0000000       0.0000000       0.0000000       0.0000000    
   0.10321654E+16  0.21332792E+36  0.54607296      0.10351998      0.73576923E-01  0.82290310      0.17709690       0.0000000       0.0000000       0.0000000       0.0000000      0.40872692      0.36514099       0.0000000       0.0000000       0.0000000       0.0000000    
   0.10090314E+16  0.20222832E+36  0.53607296      0.10139290      0.71342962E-01  0.82726414      0.17273586       0.0000000       0.0000000       0.0000000       0.0000000      0.41388270      0.37178428       0.0000000       0.0000000       0.0000000       0.0000000    
   0.98612443E+15  0.19146302E+36  0.52607296      0.99271427E-01  0.69112349E-01  0.83161622      0.16838378       0.0000000       0.0000000       0.0000000       0.0000000      0.41911982      0.37866064       0.0000000       0.0000000       0.0000000       0.0000000    
   0.96344157E+15  0.18103041E+36  0.51607296      0.97158058E-01  0.66887136E-01  0.83595481      0.16404519       0.0000000       0.0000000       0.0000000       0.0000000      0.42444058      0.38578043       0.0000000       0.0000000       0.0000000       0.0000000    
   0.94098005E+15  0.17092893E+36  0.50607296      0.95055361E-01  0.64669423E-01  0.84027522      0.15972478       0.0000000       0.0000000       0.0000000       0.0000000      0.42984750      0.39315442       0.0000000       0.0000000       0.0000000       0.0000000    
   0.91873699E+15  0.16115707E+36  0.49607296      0.92965975E-01  0.62461342E-01  0.84457268      0.15542732       0.0000000       0.0000000       0.0000000       0.0000000      0.43534336      0.40079385       0.0000000       0.0000000       0.0000000       0.0000000    
   0.89670941E+15  0.15171333E+36  0.48607296      0.90892592E-01  0.60265057E-01  0.84884235      0.15115765       0.0000000       0.0000000       0.0000000       0.0000000      0.44093117      0.40871040       0.0000000       0.0000000       0.0000000       0.0000000    
   0.87489426E+15  0.14259620E+36  0.47607296      0.88837954E-01  0.58082749E-01  0.85307930      0.14692070       0.0000000       0.0000000       0.0000000       0.0000000      0.44661427      0.41691618       0.0000000       0.0000000       0.0000000       0.0000000    
   0.85328837E+15  0.13380414E+36  0.46607296      0.86804832E-01  0.55916607E-01  0.85727856      0.14272144       0.0000000       0.0000000       0.0000000       0.0000000      0.45239627      0.42542379       0.0000000       0.0000000       0.0000000       0.0000000    
   0.83188849E+15  0.12533553E+36  0.45607296      0.84796023E-01  0.53768820E-01  0.86143516      0.13856484       0.0000000       0.0000000       0.0000000       0.0000000      0.45828113      0.43424626       0.0000000       0.0000000       0.0000000       0.0000000    
   0.81069128E+15  0.11718865E+36  0.44607296      0.82814324E-01  0.51641561E-01  0.86554411      0.13445589       0.0000000       0.0000000       0.0000000       0.0000000      0.46427316      0.44339707       0.0000000       0.0000000       0.0000000       0.0000000    
   0.78969327E+15  0.10936165E+36  0.43607296      0.80862525E-01  0.49536975E-01  0.86960050      0.13039950       0.0000000       0.0000000       0.0000000       0.0000000      0.47037703      0.45289009       0.0000000       0.0000000       0.0000000       0.0000000    
   0.76889090E+15  0.10185253E+36  0.42607296      0.78943386E-01  0.47457165E-01  0.87359945      0.12640055       0.0000000       0.0000000       0.0000000       0.0000000      0.47659783      0.46273965       0.0000000       0.0000000       0.0000000       0.0000000    
   0.74828047E+15  0.94659059E+35  0.41607296      0.77059618E-01  0.45404177E-01  0.87753620      0.12246380       0.0000000       0.0000000       0.0000000       0.0000000      0.48294107      0.47296042       0.0000000       0.0000000       0.0000000       0.0000000    
   0.72785821E+15  0.87778820E+35  0.40607296      0.75213865E-01  0.43379985E-01  0.88140615      0.11859385       0.0000000       0.0000000       0.0000000       0.0000000      0.48941270      0.48356741       0.0000000       0.0000000       0.0000000       0.0000000    
   0.70762019E+15  0.81209118E+35  0.39607296      0.73408677E-01  0.41386471E-01  0.88520485      0.11479515       0.0000000       0.0000000       0.0000000       0.0000000      0.49601914      0.49457594       0.0000000       0.0000000       0.0000000       0.0000000    
   0.68756237E+15  0.74946982E+35  0.38607296      0.71646489E-01  0.39425406E-01  0.88892811      0.11107189       0.0000000       0.0000000       0.0000000       0.0000000      0.50276729      0.50600153       0.0000000       0.0000000       0.0000000       0.0000000    
   0.66768062E+15  0.68989132E+35  0.37607296      0.69929594E-01  0.37498433E-01  0.89257197      0.10742803       0.0000000       0.0000000       0.0000000       0.0000000      0.50966460      0.51785987       0.0000000       0.0000000       0.0000000       0.0000000    
   0.64797067E+15  0.63331956E+35  0.36607296      0.68260116E-01  0.35607043E-01  0.89613284      0.10386716       0.0000000       0.0000000       0.0000000       0.0000000      0.51671901      0.53016670       0.0000000       0.0000000       0.0000000       0.0000000    
   0.62842812E+15  0.57971489E+35  0.35607296      0.66639980E-01  0.33752555E-01  0.89960747      0.10039253       0.0000000       0.0000000       0.0000000       0.0000000      0.52393906      0.54293767       0.0000000       0.0000000       0.0000000       0.0000000    
   0.60904847E+15  0.52903398E+35  0.34607296      0.65070877E-01  0.31936087E-01  0.90299304      0.97006964E-01   0.0000000       0.0000000       0.0000000       0.0000000      0.53133382      0.55618824       0.0000000       0.0000000       0.0000000       0.0000000    
   0.58982710E+15  0.48122963E+35  0.33607296      0.63554236E-01  0.30158535E-01  0.90628723      0.93712771E-01   0.0000000       0.0000000       0.0000000       0.0000000      0.53891300      0.56993350       0.0000000       0.0000000       0.0000000       0.0000000    
   0.57075929E+15  0.43625072E+35  0.32607296      0.62091182E-01  0.28420541E-01  0.90948828      0.90511723E-01   0.0000000       0.0000000       0.0000000       0.0000000      0.54668690      0.58418792       0.0000000       0.0000000       0.0000000       0.0000000    
   0.55184018E+15  0.39404206E+35  0.31607296      0.60682501E-01  0.26722463E-01  0.91259504      0.87404964E-01   0.0000000       0.0000000       0.0000000       0.0000000      0.55466643      0.59896514       0.0000000       0.0000000       0.0000000       0.0000000    
   0.53306485E+15  0.35454443E+35  0.30607296      0.59328594E-01  0.25064345E-01  0.91560706      0.84392939E-01   0.0000000       0.0000000       0.0000000       0.0000000      0.56286316      0.61427768       0.0000000       0.0000000       0.0000000       0.0000000    
   0.51442824E+15  0.31769452E+35  0.29607296      0.58029435E-01  0.23445876E-01  0.91852469      0.81475311E-01   0.0000000       0.0000000       0.0000000       0.0000000      0.57128930      0.63013655       0.0000000       0.0000000       0.0000000       0.0000000    
   0.49592521E+15  0.28342497E+35  0.28607296      0.56784517E-01  0.21866352E-01  0.92134913      0.78650870E-01   0.0000000       0.0000000       0.0000000       0.0000000      0.57995772      0.64655085       0.0000000       0.0000000       0.0000000       0.0000000    
   0.47755054E+15  0.25166439E+35  0.27607296      0.55592801E-01  0.20324635E-01  0.92408256      0.75917437E-01   0.0000000       0.0000000       0.0000000       0.0000000      0.58888195      0.66352730       0.0000000       0.0000000       0.0000000       0.0000000    
   0.45929891E+15  0.22233753E+35  0.26607296      0.54452653E-01  0.18819099E-01  0.92672825      0.73271753E-01   0.0000000       0.0000000       0.0000000       0.0000000      0.59807616      0.68106964       0.0000000       0.0000000       0.0000000       0.0000000    
   0.44116493E+15  0.19536530E+35  0.25607296      0.53361779E-01  0.17347578E-01  0.92929064      0.70709358E-01   0.0000000       0.0000000       0.0000000       0.0000000      0.60755518      0.69917793       0.0000000       0.0000000       0.0000000       0.0000000    
   0.42314315E+15  0.17066494E+35  0.24607296      0.52317150E-01  0.15907305E-01  0.93177555      0.68224455E-01   0.0000000       0.0000000       0.0000000       0.0000000      0.61733449      0.71784780       0.0000000       0.0000000       0.0000000       0.0000000    
   0.40522803E+15  0.14815017E+35  0.23607296      0.51314918E-01  0.14494838E-01  0.93419024      0.65809755E-01   0.0000000       0.0000000       0.0000000       0.0000000      0.62743016      0.73706948       0.0000000       0.0000000       0.0000000       0.0000000    
   0.38741402E+15  0.12773136E+35  0.22607296      0.50350324E-01  0.13105986E-01  0.93654369      0.63456310E-01   0.0000000       0.0000000       0.0000000       0.0000000      0.63785887      0.75682672       0.0000000       0.0000000       0.0000000       0.0000000    
   0.36969550E+15  0.10931569E+35  0.21607296      0.49417591E-01  0.11735719E-01  0.93884669      0.61153310E-01   0.0000000       0.0000000       0.0000000       0.0000000      0.64863784      0.77709551       0.0000000       0.0000000       0.0000000       0.0000000    
   0.35206681E+15  0.92807328E+34  0.20607296      0.48509807E-01  0.10378059E-01  0.94111213      0.58887866E-01   0.0000000       0.0000000       0.0000000       0.0000000      0.65978483      0.79784264       0.0000000       0.0000000       0.0000000       0.0000000    
   0.33452227E+15  0.78107611E+34  0.19607296      0.47618788E-01  0.90259721E-02  0.94335524      0.56644761E-01   0.0000000       0.0000000       0.0000000       0.0000000      0.67131802      0.81902390       0.0000000       0.0000000       0.0000000       0.0000000    
   0.31705622E+15  0.65115200E+34  0.18607296      0.46734929E-01  0.76712308E-02  0.94559384      0.54406160E-01   0.0000000       0.0000000       0.0000000       0.0000000      0.68325599      0.84058216       0.0000000       0.0000000       0.0000000       0.0000000    
   0.29966295E+15  0.53726195E+34  0.17607296      0.45847032E-01  0.63042692E-02  0.94784870      0.52151301E-01   0.0000000       0.0000000       0.0000000       0.0000000      0.69561764      0.86244498       0.0000000       0.0000000       0.0000000       0.0000000    
   0.28233682E+15  0.43834176E+34  0.16607296      0.44942117E-01  0.49140189E-02  0.95014386      0.49856136E-01   0.0000000       0.0000000       0.0000000       0.0000000      0.70842210      0.88452194       0.0000000       0.0000000       0.0000000       0.0000000    
   0.26507219E+15  0.35330080E+34  0.15607296      0.44005218E-01  0.34877313E-02  0.95250705      0.47492950E-01   0.0000000       0.0000000       0.0000000       0.0000000      0.72168868      0.90670144       0.0000000       0.0000000       0.0000000       0.0000000    
   0.24786351E+15  0.28101662E+34  0.14607296      0.43019159E-01  0.20107925E-02  0.95497005      0.45029952E-01   0.0000000       0.0000000       0.0000000       0.0000000      0.73543676      0.92884710       0.0000000       0.0000000       0.0000000       0.0000000    
   0.23070535E+15  0.22031594E+34  0.13607296      0.41964321E-01  0.46654110E-03  0.95756914      0.42430862E-01   0.0000000       0.0000000       0.0000000       0.0000000      0.74968579      0.95079337       0.0000000       0.0000000       0.0000000       0.0000000    
   0.21359246E+15  0.16985231E+34  0.12607296      0.40818415E-01   0.0000000      0.95918159      0.40818415E-01   0.0000000       0.0000000       0.0000000       0.0000000      0.76466196      0.97200591       0.0000000       0.0000000       0.0000000       0.0000000    
   0.21307346E+15  0.16845316E+34  0.12576930      0.40781935E-01   0.0000000      0.95921807      0.40781935E-01   0.0000000       0.0000000       0.0000000       0.0000000      0.76512801      0.97263659       0.0000000       0.0000000       0.0000000       0.0000000    
   0.21136460E+15  0.16390871E+34  0.12476930      0.40661035E-01   0.0000000      0.95933896      0.40661035E-01   0.0000000       0.0000000       0.0000000       0.0000000      0.76666652      0.97470894       0.0000000       0.0000000       0.0000000       0.0000000    
   0.20965614E+15  0.15946021E+34  0.12376930      0.40538940E-01   0.0000000      0.95946106      0.40538940E-01   0.0000000       0.0000000       0.0000000       0.0000000      0.76821077      0.97677407       0.0000000       0.0000000       0.0000000       0.0000000    
   0.20794808E+15  0.15510651E+34  0.12276930      0.40415624E-01   0.0000000      0.95958438      0.40415624E-01   0.0000000       0.0000000       0.0000000       0.0000000      0.76976077      0.97883173       0.0000000       0.0000000       0.0000000       0.0000000    
   0.20624040E+15  0.15084649E+34  0.12176930      0.40291057E-01   0.0000000      0.95970894      0.40291057E-01   0.0000000       0.0000000       0.0000000       0.0000000      0.77131655      0.98088162       0.0000000       0.0000000       0.0000000       0.0000000    
   0.20453311E+15  0.14667900E+34  0.12076930      0.40165214E-01   0.0000000      0.95983479      0.40165214E-01   0.0000000       0.0000000       0.0000000       0.0000000      0.77287813      0.98292349       0.0000000       0.0000000       0.0000000       0.0000000    
   0.20282620E+15  0.14260290E+34  0.11976930      0.40038065E-01   0.0000000      0.95996194      0.40038065E-01   0.0000000       0.0000000       0.0000000       0.0000000      0.77444552      0.98495705       0.0000000       0.0000000       0.0000000       0.0000000    
   0.20111967E+15  0.13861705E+34  0.11876930      0.39909582E-01   0.0000000      0.96009042      0.39909582E-01   0.0000000       0.0000000       0.0000000       0.0000000      0.77601875      0.98698201       0.0000000       0.0000000       0.0000000       0.0000000    
   0.19941350E+15  0.13472033E+34  0.11776930      0.39779736E-01   0.0000000      0.96022026      0.39779736E-01   0.0000000       0.0000000       0.0000000       0.0000000      0.77759783      0.98899809       0.0000000       0.0000000       0.0000000       0.0000000    
   0.19770770E+15  0.13091158E+34  0.11676930      0.39648499E-01   0.0000000      0.96035150      0.39648499E-01   0.0000000       0.0000000       0.0000000       0.0000000      0.77918279      0.99100499       0.0000000       0.0000000       0.0000000       0.0000000    
   0.19600225E+15  0.12718968E+34  0.11576930      0.39515840E-01   0.0000000      0.96048416      0.39515840E-01   0.0000000       0.0000000       0.0000000       0.0000000      0.78077364      0.99300241       0.0000000       0.0000000       0.0000000       0.0000000    
   0.19429716E+15  0.12355348E+34  0.11476930      0.39381731E-01   0.0000000      0.96061827      0.39381731E-01   0.0000000       0.0000000       0.0000000       0.0000000      0.78237041      0.99499006       0.0000000       0.0000000       0.0000000       0.0000000    
   0.19259242E+15  0.12000185E+34  0.11376930      0.39246140E-01   0.0000000      0.96075386      0.39246140E-01   0.0000000       0.0000000       0.0000000       0.0000000      0.78397311      0.99696761       0.0000000       0.0000000       0.0000000       0.0000000    
   0.19088802E+15  0.11653365E+34  0.11276930      0.39109039E-01   0.0000000      0.96089096      0.39109039E-01   0.0000000       0.0000000       0.0000000       0.0000000      0.78558176      0.99893475       0.0000000       0.0000000       0.0000000       0.0000000    
   0.18918396E+15  0.11314775E+34  0.11176930      0.38970396E-01   0.0000000      0.96102960      0.38970396E-01   0.0000000       0.0000000       0.0000000       0.0000000      0.78719638       1.0008912       0.0000000       0.0000000       0.0000000       0.0000000    
   0.18748024E+15  0.10984301E+34  0.11076930      0.38830181E-01   0.0000000      0.96116982      0.38830181E-01   0.0000000       0.0000000       0.0000000       0.0000000      0.78881699       1.0028365       0.0000000       0.0000000       0.0000000       0.0000000    
   0.18577684E+15  0.10661830E+34  0.10976930      0.38688361E-01   0.0000000      0.96131164      0.38688361E-01   0.0000000       0.0000000       0.0000000       0.0000000      0.79044360       1.0047705       0.0000000       0.0000000       0.0000000       0.0000000    
   0.18407376E+15  0.10347248E+34  0.10876930      0.38544906E-01   0.0000000      0.96145509      0.38544906E-01   0.0000000       0.0000000       0.0000000       0.0000000      0.79207625       1.0066928       0.0000000       0.0000000       0.0000000       0.0000000    
   0.18237100E+15  0.10040442E+34  0.10776930      0.38399784E-01   0.0000000      0.96160022      0.38399784E-01   0.0000000       0.0000000       0.0000000       0.0000000      0.79371493       1.0086030       0.0000000       0.0000000       0.0000000       0.0000000    
   0.18066856E+15  0.97412983E+33  0.10676930      0.38252963E-01   0.0000000      0.96174704      0.38252963E-01   0.0000000       0.0000000       0.0000000       0.0000000      0.79535968       1.0105009       0.0000000       0.0000000       0.0000000       0.0000000    
   0.17896642E+15  0.94497043E+33  0.10576930      0.38104409E-01   0.0000000      0.96189559      0.38104409E-01   0.0000000       0.0000000       0.0000000       0.0000000      0.79701050       1.0123859       0.0000000       0.0000000       0.0000000       0.0000000    
   0.17726458E+15  0.91655467E+33  0.10476930      0.37954091E-01   0.0000000      0.96204591      0.37954091E-01   0.0000000       0.0000000       0.0000000       0.0000000      0.79866742       1.0142579       0.0000000       0.0000000       0.0000000       0.0000000    
   0.17556305E+15  0.88887123E+33  0.10376930      0.37801976E-01   0.0000000      0.96219802      0.37801976E-01   0.0000000       0.0000000       0.0000000       0.0000000      0.80033046       1.0161164       0.0000000       0.0000000       0.0000000       0.0000000    
   0.17386180E+15  0.86190880E+33  0.10276930      0.37648029E-01   0.0000000      0.96235197      0.37648029E-01   0.0000000       0.0000000       0.0000000       0.0000000      0.80199963       1.0179610       0.0000000       0.0000000       0.0000000       0.0000000    
   0.17216085E+15  0.83565611E+33  0.10176930      0.37492218E-01   0.0000000      0.96250778      0.37492218E-01   0.0000000       0.0000000       0.0000000       0.0000000      0.80367494       1.0197914       0.0000000       0.0000000       0.0000000       0.0000000    
   0.17046017E+15  0.81010186E+33  0.10076930      0.37334508E-01   0.0000000      0.96266549      0.37334508E-01   0.0000000       0.0000000       0.0000000       0.0000000      0.80535642       1.0216072       0.0000000       0.0000000       0.0000000       0.0000000    
   0.16875978E+15  0.78523479E+33  0.99769300E-01  0.37174865E-01   0.0000000      0.96282513      0.37174865E-01   0.0000000       0.0000000       0.0000000       0.0000000      0.80704409       1.0234080       0.0000000       0.0000000       0.0000000       0.0000000    
   0.16705966E+15  0.76104362E+33  0.98769300E-01  0.37013255E-01   0.0000000      0.96298675      0.37013255E-01   0.0000000       0.0000000       0.0000000       0.0000000      0.80873794       1.0251934       0.0000000       0.0000000       0.0000000       0.0000000    
   0.16535981E+15  0.73751711E+33  0.97769300E-01  0.36849643E-01   0.0000000      0.96315036      0.36849643E-01   0.0000000       0.0000000       0.0000000       0.0000000      0.81043802       1.0269630       0.0000000       0.0000000       0.0000000       0.0000000    
   0.16366022E+15  0.71464400E+33  0.96769300E-01  0.36683993E-01   0.0000000      0.96331601      0.36683993E-01   0.0000000       0.0000000       0.0000000       0.0000000      0.81214432       1.0287165       0.0000000       0.0000000       0.0000000       0.0000000    
   0.16196089E+15  0.69241308E+33  0.95769300E-01  0.36516271E-01   0.0000000      0.96348373      0.36516271E-01   0.0000000       0.0000000       0.0000000       0.0000000      0.81385686       1.0304533       0.0000000       0.0000000       0.0000000       0.0000000    
   0.16026181E+15  0.67081311E+33  0.94769300E-01  0.36346441E-01   0.0000000      0.96365356      0.36346441E-01   0.0000000       0.0000000       0.0000000       0.0000000      0.81557567       1.0321731       0.0000000       0.0000000       0.0000000       0.0000000    
   0.15856299E+15  0.64983289E+33  0.93769300E-01  0.36174466E-01   0.0000000      0.96382553      0.36174466E-01   0.0000000       0.0000000       0.0000000       0.0000000      0.81730075       1.0338754       0.0000000       0.0000000       0.0000000       0.0000000    
   0.15686441E+15  0.62946123E+33  0.92769300E-01  0.36000312E-01   0.0000000      0.96399969      0.36000312E-01   0.0000000       0.0000000       0.0000000       0.0000000      0.81903212       1.0355598       0.0000000       0.0000000       0.0000000       0.0000000    
   0.15516607E+15  0.60968692E+33  0.91769300E-01  0.35823941E-01   0.0000000      0.96417606      0.35823941E-01   0.0000000       0.0000000       0.0000000       0.0000000      0.82076979       1.0372259       0.0000000       0.0000000       0.0000000       0.0000000    
   0.15346797E+15  0.59049882E+33  0.90769300E-01  0.35645317E-01   0.0000000      0.96435468      0.35645317E-01   0.0000000       0.0000000       0.0000000       0.0000000      0.82251377       1.0388732       0.0000000       0.0000000       0.0000000       0.0000000    
   0.15177010E+15  0.57188576E+33  0.89769300E-01  0.35464402E-01   0.0000000      0.96453560      0.35464402E-01   0.0000000       0.0000000       0.0000000       0.0000000      0.82426409       1.0405013       0.0000000       0.0000000       0.0000000       0.0000000    
   0.15007245E+15  0.55383660E+33  0.88769300E-01  0.35281161E-01   0.0000000      0.96471884      0.35281161E-01   0.0000000       0.0000000       0.0000000       0.0000000      0.82602075       1.0421096       0.0000000       0.0000000       0.0000000       0.0000000    
   0.14837503E+15  0.53634021E+33  0.87769300E-01  0.35095555E-01   0.0000000      0.96490444      0.35095555E-01   0.0000000       0.0000000       0.0000000       0.0000000      0.82778376       1.0436978       0.0000000       0.0000000       0.0000000       0.0000000    
   0.14682005E+15  0.52078578E+33  0.86853100E-01  0.34923396E-01   0.0000000      0.96507660      0.34923396E-01   0.0000000       0.0000000       0.0000000       0.0000000      0.82940463       1.0451348       0.0000000       0.0000000       0.0000000       0.0000000    
   0.14512304E+15  0.50431760E+33  0.85853100E-01  0.34733154E-01   0.0000000      0.96526685      0.34733154E-01   0.0000000       0.0000000       0.0000000       0.0000000      0.83117985       1.0466829       0.0000000       0.0000000       0.0000000       0.0000000    
   0.14342625E+15  0.48836984E+33  0.84853100E-01  0.34540439E-01   0.0000000      0.96545956      0.34540439E-01   0.0000000       0.0000000       0.0000000       0.0000000      0.83296146       1.0482095       0.0000000       0.0000000       0.0000000       0.0000000    
   0.14172965E+15  0.47293145E+33  0.83853100E-01  0.34345211E-01   0.0000000      0.96565479      0.34345211E-01   0.0000000       0.0000000       0.0000000       0.0000000      0.83474948       1.0497139       0.0000000       0.0000000       0.0000000       0.0000000    
   0.14003327E+15  0.45799139E+33  0.82853100E-01  0.34147432E-01   0.0000000      0.96585257      0.34147432E-01   0.0000000       0.0000000       0.0000000       0.0000000      0.83654390       1.0511958       0.0000000       0.0000000       0.0000000       0.0000000    
   0.13833707E+15  0.44353864E+33  0.81853100E-01  0.33947064E-01   0.0000000      0.96605294      0.33947064E-01   0.0000000       0.0000000       0.0000000       0.0000000      0.83834474       1.0526545       0.0000000       0.0000000       0.0000000       0.0000000    
   0.13685107E+15  0.43991672E+33  0.80899999E-01  0.33753649E-01   0.0000000      0.96624635      0.33753649E-01   0.0000000       0.0000000       0.0000000       0.0000000      0.84006711       1.0540227       0.0000000       0.0000000       0.0000000       0.0000000    
1.3093657E+14  4.0633317E+32  7.7417443E-02   1233.6341       77.610292       40.000000    
1.2502437E+14  3.7846132E+32  7.3934888E-02   1237.3552       133.19822       40.000000    
1.1911435E+14  3.5343923E+32  7.0452333E-02   1238.5644       168.56746       40.000000    
1.1320639E+14  3.2951793E+32  6.6969778E-02   1237.3169       190.75938       40.000000    
1.0730039E+14  3.0605601E+32  6.3487222E-02   1233.6667       204.92480       40.000000    
1.0139627E+14  2.8304497E+32  6.0004667E-02   1227.6660       214.14075       40.000000    
   9.54950e+13   2.48120e+32   5.65740e-02     448      72      13
   9.31790e+13   2.42470e+32   5.52040e-02     448      72      13
   9.23260e+13   2.40250e+32   5.46990e-02     448      72      13
   9.16730e+13   2.40250e+32   5.43140e-02     448      75      14
   9.05550e+13   2.36950e+32   5.36520e-02     448      76      14
   8.87940e+13   2.31550e+32   5.26110e-02     448      77      14
   8.71330e+13   2.26280e+32   5.16290e-02     448      77      14
   8.63330e+13   2.23690e+32   5.11570e-02     448      78      14
   8.59270e+13   2.23690e+32   5.09170e-02     448      83      15
   8.51480e+13   2.21130e+32   5.04560e-02     448      83      15
   8.36260e+13   2.16100e+32   4.95570e-02     448      84      15
   8.21350e+13   2.11180e+32   4.86760e-02     448      84      15
   8.06570e+13   2.06370e+32   4.78020e-02     448      84      15
   7.91940e+13   2.01680e+32   4.69380e-02     448      85      15
   7.77470e+13   1.97080e+32   4.60820e-02     448      85      15
   7.63160e+13   1.92600e+32   4.52360e-02     448      85      15
   7.49010e+13   1.88210e+32   4.44000e-02     448      86      15
   7.35040e+13   1.83930e+32   4.35740e-02     448      86      15
   7.30530e+13   1.82560e+32   4.33070e-02     448      86      15
   7.26380e+13   1.82560e+32   4.30620e-02     448      91      16
   7.17150e+13   1.79740e+32   4.25160e-02     448      91      16
   7.03610e+13   1.75650e+32   4.17150e-02     448      92      16
   6.90250e+13   1.71650e+32   4.09250e-02     448      92      16
   6.77090e+13   1.67750e+32   4.01480e-02     448      92      16
   6.64130e+13   1.63930e+32   3.93810e-02     448      92      16
   6.51380e+13   1.60200e+32   3.86270e-02     448      92      16
   6.38840e+13   1.56550e+32   3.78850e-02     448      92      16
   6.26500e+13   1.52990e+32   3.71560e-02     448      92      16
   6.14380e+13   1.49500e+32   3.64380e-02     448      92      16
   6.02450e+13   1.46100e+32   3.57330e-02     448      92      16
   5.90760e+13   1.42780e+32   3.50410e-02     448      92      16
   5.79160e+13   1.39530e+32   3.43550e-02     448      92      16
   5.67930e+13   1.36350e+32   3.36900e-02     448      92      16
   5.56800e+13   1.33250e+32   3.30320e-02     448      92      16
   5.45950e+13   1.30210e+32   3.23900e-02     448      92      16
   5.35340e+13   1.27250e+32   3.17620e-02     448      92      16
   5.24870e+13   1.24350e+32   3.11420e-02     448      92      16
   5.14610e+13   1.21520e+32   3.05360e-02     448      92      16
   5.04560e+13   1.18760e+32   2.99400e-02     448      91      16
   4.94700e+13   1.16050e+32   2.93570e-02     448      91      16
   4.85050e+13   1.13410e+32   2.87850e-02     448      91      16
   4.75590e+13   1.10830e+32   2.82250e-02     448      91      16
   4.66320e+13   1.08310e+32   2.76770e-02     448      91      16
   4.57240e+13   1.05840e+32   2.71390e-02     448      90      16
   4.48340e+13   1.03430e+32   2.66130e-02     448      90      16
   4.39640e+13   1.01080e+32   2.60970e-02     448      90      16
   4.31110e+13   9.87760e+31   2.55920e-02     448      90      16
   4.22760e+13   9.65280e+31   2.50980e-02     448      90      16
   4.14580e+13   9.43310e+31   2.46130e-02     448      89      16
   4.06580e+13   9.21830e+31   2.41390e-02     448      89      16
   3.98740e+13   9.00850e+31   2.36750e-02     448      89      16
   3.91080e+13   8.80350e+31   2.32210e-02     448      89      16
   3.83540e+13   8.60310e+31   2.27750e-02     448      88      16
   3.76150e+13   8.40720e+31   2.23370e-02     448      88      16
   3.68990e+13   8.21590e+31   2.19130e-02     448      88      16
   3.61970e+13   8.02880e+31   2.14970e-02     448      87      16
   3.55030e+13   7.84610e+31   2.10860e-02     448      87      16
   3.48290e+13   7.66750e+31   2.06870e-02     448      87      16
   3.41700e+13   7.49300e+31   2.02960e-02     448      87      16
   3.35290e+13   7.32240e+31   1.99160e-02     448      86      16
   3.28960e+13   7.15570e+31   1.95410e-02     448      86      16
   3.22760e+13   6.99280e+31   1.91740e-02     448      86      16
   3.16700e+13   6.83370e+31   1.88150e-02     448      85      16
   3.10770e+13   6.67810e+31   1.84630e-02     448      85      16
   3.04960e+13   6.52610e+31   1.81190e-02     448      85      16
   2.99280e+13   6.37750e+31   1.77820e-02     448      85      16
   2.93710e+13   6.23240e+31   1.74520e-02     448      84      16
   2.88260e+13   6.09050e+31   1.71290e-02     448      84      16
   2.82920e+13   5.95190e+31   1.68120e-02     448      84      16
   2.77700e+13   5.81640e+31   1.65030e-02     448      83      16
   2.72580e+13   5.68400e+31   1.61990e-02     448      83      16
   2.67580e+13   5.55460e+31   1.59020e-02     448      83      16
   2.62670e+13   5.42820e+31   1.56110e-02     448      83      16
   2.57870e+13   5.30460e+31   1.53270e-02     448      82      16
   2.53160e+13   5.18390e+31   1.50480e-02     448      82      16
   2.48560e+13   5.06590e+31   1.47740e-02     448      82      16
   2.44040e+13   4.95050e+31   1.45070e-02     448      81      16
   2.39620e+13   4.83790e+31   1.42450e-02     448      81      16
   2.35300e+13   4.72770e+31   1.39880e-02     448      81      16
   2.31050e+13   4.62010e+31   1.37360e-02     448      81      16
   2.26900e+13   4.51500e+31   1.34900e-02     448      80      16
   2.22830e+13   4.41220e+31   1.32480e-02     448      80      16
   2.18840e+13   4.31170e+31   1.30120e-02     448      80      16
   2.14930e+13   4.21360e+31   1.27800e-02     448      79      16
   2.11100e+13   4.11770e+31   1.25530e-02     448      79      16
   2.07350e+13   4.02400e+31   1.23300e-02     448      79      16
   2.03670e+13   3.93240e+31   1.21120e-02     448      79      16
   2.00060e+13   3.84280e+31   1.18980e-02     448      78      16
   1.96530e+13   3.75540e+31   1.16880e-02     448      78      16
   1.93070e+13   3.66990e+31   1.14820e-02     448      78      16
   1.89670e+13   3.58640e+31   1.12810e-02     448      78      16
   1.86350e+13   3.50470e+31   1.10840e-02     448      77      16
   1.83080e+13   3.42490e+31   1.08900e-02     448      77      16
   1.79890e+13   3.34700e+31   1.07000e-02     448      77      16
   1.76750e+13   3.27080e+31   1.05140e-02     448      77      16
   1.73670e+13   3.19630e+31   1.03310e-02     448      76      16
   1.64930e+13   3.19630e+31   9.81110e-03     224      65      14
   1.64040e+13   3.17380e+31   9.75860e-03     224      65      14
   1.61200e+13   3.10150e+31   9.59000e-03     224      64      14
   1.58420e+13   3.03090e+31   9.42450e-03     224      64      14
   1.55680e+13   2.96190e+31   9.26210e-03     224      64      14
   1.53000e+13   2.89450e+31   9.10270e-03     224      64      14
   1.50360e+13   2.82860e+31   8.94620e-03     224      64      14
   1.47780e+13   2.76420e+31   8.79270e-03     224      63      14
   1.45240e+13   2.70130e+31   8.64200e-03     224      63      14
   1.42750e+13   2.63980e+31   8.49410e-03     224      63      14
   1.40300e+13   2.57970e+31   8.34890e-03     224      63      14
   1.37900e+13   2.52100e+31   8.20640e-03     224      63      14
   1.35550e+13   2.46360e+31   8.06650e-03     224      63      14
   1.33230e+13   2.40760e+31   7.92910e-03     224      63      14
   1.30960e+13   2.35280e+31   7.79430e-03     224      62      14
   1.28740e+13   2.29920e+31   7.66190e-03     224      62      14
   1.26550e+13   2.24690e+31   7.53200e-03     224      62      14
   1.24400e+13   2.19570e+31   7.40440e-03     224      62      14
   1.22290e+13   2.14570e+31   7.27910e-03     224      62      14
   1.20220e+13   2.09690e+31   7.15610e-03     224      62      14
   1.18190e+13   2.04920e+31   7.03530e-03     224      61      14
   1.16190e+13   2.00250e+31   6.91670e-03     224      61      14
   1.14230e+13   1.95690e+31   6.80020e-03     224      61      14
   1.12310e+13   1.91240e+31   6.68590e-03     224      61      14
   1.10420e+13   1.86890e+31   6.57350e-03     224      61      14
   1.08560e+13   1.82630e+31   6.46320e-03     224      61      14
   1.06740e+13   1.78470e+31   6.35490e-03     224      61      14
   1.04950e+13   1.74410e+31   6.24850e-03     224      60      14
   1.03190e+13   1.70440e+31   6.14400e-03     224      60      14
   1.01460e+13   1.66560e+31   6.04140e-03     224      60      14
   9.97650e+12   1.62770e+31   5.94060e-03     224      60      14
   9.81000e+12   1.59070e+31   5.84150e-03     224      60      14
   9.64630e+12   1.55440e+31   5.74430e-03     224      60      14
   9.48560e+12   1.51910e+31   5.64870e-03     224      60      14
   9.32770e+12   1.48450e+31   5.55480e-03     224      60      14
   9.17260e+12   1.45070e+31   5.46260e-03     224      59      14
   9.02020e+12   1.41770e+31   5.37210e-03     224      59      14
   8.87050e+12   1.38540e+31   5.28310e-03     224      59      14
   8.72350e+12   1.35390e+31   5.19560e-03     224      59      14
   8.57900e+12   1.32300e+31   5.10970e-03     224      59      14
   8.43700e+12   1.29290e+31   5.02530e-03     224      59      14
   8.29760e+12   1.26350e+31   4.94240e-03     224      59      14
   8.16060e+12   1.23470e+31   4.86090e-03     224      59      14
   8.02590e+12   1.20660e+31   4.78080e-03     224      58      14
   7.89360e+12   1.17920e+31   4.70220e-03     224      58      14
   7.76360e+12   1.15230e+31   4.62480e-03     224      58      14
   7.63590e+12   1.12610e+31   4.54890e-03     224      58      14
   7.51030e+12   1.10050e+31   4.47420e-03     224      58      14
   7.38700e+12   1.07540e+31   4.40080e-03     224      58      14
   7.26580e+12   1.05090e+31   4.32870e-03     224      58      14
   7.14670e+12   1.02700e+31   4.25790e-03     224      58      14
   7.02960e+12   1.00360e+31   4.18820e-03     224      58      14
   6.91450e+12   9.80790e+30   4.11980e-03     224      57      14
   6.80140e+12   9.58460e+30   4.05250e-03     224      57      14
   6.69030e+12   9.36650e+30   3.98640e-03     224      57      14
   6.58100e+12   9.15330e+30   3.92140e-03     224      57      14
   6.47370e+12   8.94490e+30   3.85750e-03     224      57      14
   6.36810e+12   8.74130e+30   3.79470e-03     224      57      14
   6.34290e+12   8.69280e+30   3.77970e-03     224      57      14
   6.16290e+12   8.69280e+30   3.67260e-03     224      64      16
   6.08630e+12   8.54230e+30   3.62700e-03     224      64      16
   5.98670e+12   8.34790e+30   3.56780e-03     224      64      16
   5.88880e+12   8.15790e+30   3.50950e-03     224      64      16
   5.79260e+12   7.97220e+30   3.45220e-03     224      64      16
   5.69790e+12   7.79070e+30   3.39590e-03     224      64      16
   5.60490e+12   7.61340e+30   3.34060e-03     224      64      16
   5.51350e+12   7.44010e+30   3.28620e-03     224      63      16
   5.42360e+12   7.27070e+30   3.23270e-03     224      63      16
   5.33530e+12   7.10520e+30   3.18010e-03     224      63      16
   5.24840e+12   6.94350e+30   3.12840e-03     224      63      16
   5.16300e+12   6.78540e+30   3.07750e-03     224      63      16
   5.07900e+12   6.63100e+30   3.02760e-03     224      63      16
   4.99650e+12   6.48000e+30   2.97840e-03     224      63      16
   4.91530e+12   6.33250e+30   2.93010e-03     224      63      16
   4.83550e+12   6.18840e+30   2.88260e-03     224      63      16
   4.75710e+12   6.04750e+30   2.83590e-03     224      63      16
   4.67990e+12   5.90980e+30   2.79000e-03     224      63      16
   4.60410e+12   5.77530e+30   2.74480e-03     224      62      16
   3.73030e+12   5.77530e+30   2.22380e-03     112      53      14
   3.70890e+12   5.73000e+30   2.21100e-03     112      53      14
   3.64680e+12   5.59950e+30   2.17410e-03     112      52      14
   3.58580e+12   5.47210e+30   2.13780e-03     112      52      14
   3.52590e+12   5.34750e+30   2.10210e-03     112      52      14
   3.46700e+12   5.22580e+30   2.06710e-03     112      52      14
   3.40900e+12   5.10680e+30   2.03260e-03     112      52      14
   3.35210e+12   4.99060e+30   1.99870e-03     112      52      14
   3.29610e+12   4.87700e+30   1.96540e-03     112      52      14
   3.24110e+12   4.76600e+30   1.93260e-03     112      52      14
   3.18700e+12   4.65750e+30   1.90040e-03     112      52      14
   3.13380e+12   4.55150e+30   1.86870e-03     112      52      14
   3.08150e+12   4.44790e+30   1.83760e-03     112      52      14
   3.03010e+12   4.34660e+30   1.80700e-03     112      52      14
   2.97950e+12   4.24770e+30   1.77690e-03     112      52      14
   2.92980e+12   4.15100e+30   1.74730e-03     112      52      14
   2.88100e+12   4.05650e+30   1.71820e-03     112      52      14
   2.83290e+12   3.96420e+30   1.68960e-03     112      52      14
   2.78570e+12   3.87390e+30   1.66140e-03     112      52      14
   2.73930e+12   3.78570e+30   1.63380e-03     112      52      14
   2.69360e+12   3.69960e+30   1.60660e-03     112      52      14
   2.64870e+12   3.61540e+30   1.57990e-03     112      51      14
   2.60460e+12   3.53310e+30   1.55360e-03     112      51      14
   2.56120e+12   3.45260e+30   1.52780e-03     112      51      14
   2.51860e+12   3.37400e+30   1.50240e-03     112      51      14
   2.47670e+12   3.29720e+30   1.47740e-03     112      51      14
   2.43540e+12   3.22220e+30   1.45280e-03     112      51      14
   2.39490e+12   3.14880e+30   1.42870e-03     112      51      14
   2.35500e+12   3.07720e+30   1.40490e-03     112      51      14
   2.31580e+12   3.00710e+30   1.38160e-03     112      51      14
   2.27730e+12   2.93870e+30   1.35860e-03     112      51      14
   2.23940e+12   2.87180e+30   1.33610e-03     112      51      14
   2.20220e+12   2.80640e+30   1.31390e-03     112      51      14
   2.16560e+12   2.74250e+30   1.29210e-03     112      51      14
   2.12950e+12   2.68010e+30   1.27060e-03     112      51      14
   2.09410e+12   2.61910e+30   1.24950e-03     112      51      14
   2.05930e+12   2.55950e+30   1.22880e-03     112      51      14
   2.04910e+12   2.54200e+30   1.22270e-03     112      51      14
   1.21760e+12   2.54200e+30   7.26500e-04      56      48      14
   1.20290e+12   2.50120e+30   7.17750e-04      56      48      14
   1.18230e+12   2.44430e+30   7.05480e-04      56      48      14
   1.16200e+12   2.38860e+30   6.93420e-04      56      48      14
   1.14210e+12   2.33430e+30   6.81560e-04      56      48      14
   1.12250e+12   2.28110e+30   6.69910e-04      56      48      14
   1.10330e+12   2.22920e+30   6.58460e-04      56      48      14
   1.08440e+12   2.17850e+30   6.47200e-04      56      48      14
   1.06580e+12   2.12890e+30   6.36140e-04      56      48      14
   1.04760e+12   2.08040e+30   6.25260e-04      56      48      14
   1.02960e+12   2.03310e+30   6.14580e-04      56      48      14
   1.01200e+12   1.98680e+30   6.04070e-04      56      48      14
   9.94660e+11   1.94160e+30   5.93740e-04      56      48      14
   9.77620e+11   1.89740e+30   5.83590e-04      56      48      14
   9.60870e+11   1.85420e+30   5.73620e-04      56      48      14
   9.44410e+11   1.81200e+30   5.63810e-04      56      48      14
   9.28240e+11   1.77070e+30   5.54180e-04      56      48      14
   9.12340e+11   1.73040e+30   5.44700e-04      56      48      14
   8.96710e+11   1.69100e+30   5.35390e-04      56      48      14
   8.81350e+11   1.65250e+30   5.26240e-04      56      48      14
   8.66260e+11   1.61490e+30   5.17250e-04      56      48      14
   8.51420e+11   1.57820e+30   5.08400e-04      56      48      14
   8.36840e+11   1.54220e+30   4.99710e-04      56      48      14
   8.22510e+11   1.50710e+30   4.91170e-04      56      48      14
   8.08420e+11   1.47280e+30   4.82780e-04      56      48      14
   7.94570e+11   1.43930e+30   4.74520e-04      56      48      14
   7.80970e+11   1.40650e+30   4.66410e-04      56      48      14
   7.67590e+11   1.37450e+30   4.58440e-04      56      48      14
   7.54450e+11   1.34320e+30   4.50610e-04      56      48      14
   7.41530e+11   1.31270e+30   4.42900e-04      56      48      14
   7.28830e+11   1.28280e+30   4.35330e-04      56      48      14
   7.16350e+11   1.25360e+30   4.27890e-04      56      48      14
   7.04080e+11   1.22500e+30   4.20580e-04      56      48      14
   6.92020e+11   1.19720e+30   4.13390e-04      56      48      14
   6.86200e+11   1.18370e+30   4.09920e-04      56      48      14
   6.04230e+11   1.18370e+30   3.61030e-04      56      54      16
   5.98910e+11   1.16990e+30   3.57860e-04      56      54      16
   5.88640e+11   1.14330e+30   3.51730e-04      56      54      16
   5.78540e+11   1.11730e+30   3.45710e-04      56      53      16
   5.68620e+11   1.09180e+30   3.39790e-04      56      53      16
   5.58870e+11   1.06700e+30   3.33980e-04      56      53      16
   5.49280e+11   1.04270e+30   3.28260e-04      56      53      16
   5.39860e+11   1.01890e+30   3.22640e-04      56      53      16
   5.30610e+11   9.95750e+29   3.17120e-04      56      53      16
   5.21510e+11   9.73090e+29   3.11690e-04      56      53      16
   5.12560e+11   9.50940e+29   3.06360e-04      56      53      16
   5.08220e+11   9.40230e+29   3.03770e-04      56      53      16
   4.78620e+11   9.40230e+29   2.86120e-04      56      56      17
   4.74430e+11   9.29290e+29   2.83620e-04      56      56      17
   4.66290e+11   9.08140e+29   2.78760e-04      56      56      17
   4.58300e+11   8.87470e+29   2.73990e-04      56      56      17
   4.50430e+11   8.67260e+29   2.69300e-04      56      56      17
   4.42710e+11   8.47520e+29   2.64690e-04      56      56      17
   4.35170e+11   8.28380e+29   2.60190e-04      56      56      17
   4.10950e+11   8.28380e+29   2.45740e-04      56      56      18
   4.10900e+11   8.28230e+29   2.45710e-04      56      56      18
   4.03850e+11   8.09380e+29   2.41500e-04      56      56      18
   3.96920e+11   7.90950e+29   2.37370e-04      56      56      18
   3.90110e+11   7.72950e+29   2.33300e-04      56      56      18
   3.83420e+11   7.55360e+29   2.29310e-04      56      56      18
   3.76840e+11   7.38160e+29   2.25390e-04      56      56      18
   3.70380e+11   7.21360e+29   2.21530e-04      56      56      18
   3.64020e+11   7.04940e+29   2.17740e-04      56      56      18
   3.57780e+11   6.88890e+29   2.14010e-04      56      56      18
   3.51640e+11   6.73210e+29   2.10350e-04      56      56      18
   3.45610e+11   6.57890e+29   2.06740e-04      56      56      18
   3.39680e+11   6.42910e+29   2.03210e-04      56      56      18
   3.33860e+11   6.28280e+29   1.99730e-04      56      56      18
   3.28130e+11   6.13980e+29   1.96310e-04      56      56      18
   3.22500e+11   6.00000e+29   1.92950e-04      56      56      18
   3.18910e+11   5.73000e+29   1.90840e-04      56      56      18
   3.13440e+11   5.59950e+29   1.87570e-04      56      56      18
   3.08070e+11   5.47210e+29   1.84360e-04      56      56      18
   3.02780e+11   5.34750e+29   1.81200e-04      56      56      18
   2.97590e+11   5.22580e+29   1.78100e-04      56      56      18
   2.92490e+11   5.10680e+29   1.75050e-04      56      56      18
   2.87470e+11   4.99060e+29   1.72060e-04      56      56      18
   2.82540e+11   4.87700e+29   1.69110e-04      56      56      18
   2.77690e+11   4.76600e+29   1.66220e-04      56      56      18
   2.72930e+11   4.65750e+29   1.63370e-04      56      56      18
   2.68250e+11   4.55150e+29   1.60580e-04      56      56      18
   2.63650e+11   4.44790e+29   1.57830e-04      56      56      18
   2.59130e+11   4.34660e+29   1.55130e-04      56      56      18
   2.54690e+11   4.24770e+29   1.52470e-04      56      56      18
   2.50320e+11   4.15100e+29   1.49860e-04      56      56      18
   2.46030e+11   4.05650e+29   1.47300e-04      56      56      18
   2.41810e+11   3.96420e+29   1.44770e-04      56      56      18
   2.37660e+11   3.87390e+29   1.42300e-04      56      56      18
   2.33590e+11   3.78570e+29   1.39860e-04      56      56      18
   2.29580e+11   3.69960e+29   1.37470e-04      56      56      18
   2.25640e+11   3.61540e+29   1.35110e-04      56      56      18
   2.21780e+11   3.53310e+29   1.32800e-04      56      56      18
   2.17970e+11   3.45260e+29   1.30530e-04      56      56      18
   2.17400e+11   3.44060e+29   1.30190e-04      56      56      18
   1.95990e+11   3.44060e+29   1.17390e-04      56      56      20
   1.93130e+11   3.37400e+29   1.15680e-04      56      56      20
   1.89820e+11   3.29720e+29   1.13700e-04      56      56      20
   1.86570e+11   3.22220e+29   1.11750e-04      56      56      20
   1.83370e+11   3.14880e+29   1.09840e-04      56      56      20
   1.80220e+11   3.07720e+29   1.07960e-04      56      56      20
   1.77130e+11   3.00710e+29   1.06110e-04      56      56      20
   1.74100e+11   2.93870e+29   1.04300e-04      56      56      20
   1.71110e+11   2.87180e+29   1.02510e-04      56      56      20
   1.68180e+11   2.80640e+29   1.00760e-04      56      56      20
   1.65290e+11   2.74250e+29   9.90330e-05      56      56      20
   1.62460e+11   2.68010e+29   9.73380e-05      56      56      20
   1.59670e+11   2.61910e+29   9.56720e-05      56      56      20
   1.56940e+11   2.55950e+29   9.40340e-05      56      56      20
   1.54240e+11   2.50120e+29   9.24250e-05      56      56      20
   1.51600e+11   2.44430e+29   9.08430e-05      56      56      20
   1.49000e+11   2.38860e+29   8.92880e-05      56      56      20
   1.46450e+11   2.33430e+29   8.77600e-05      56      56      20
   1.43940e+11   2.28110e+29   8.62580e-05      56      56      20
   1.41470e+11   2.22920e+29   8.47820e-05      56      56      20
   1.39040e+11   2.17850e+29   8.33310e-05      56      56      20
   1.36660e+11   2.12890e+29   8.19050e-05      56      56      20
   1.34320e+11   2.08040e+29   8.05030e-05      56      56      20
   1.32010e+11   2.03310e+29   7.91250e-05      56      56      20
   1.29750e+11   1.98680e+29   7.77710e-05      56      56      20
   1.27530e+11   1.94160e+29   7.64400e-05      56      56      20
   1.25340e+11   1.89740e+29   7.51320e-05      56      56      20
   1.23190e+11   1.85420e+29   7.38460e-05      56      56      20
   1.21080e+11   1.81200e+29   7.25820e-05      56      56      20
   1.19000e+11   1.77070e+29   7.13400e-05      56      56      20
   1.16960e+11   1.73040e+29   7.01190e-05      56      56      20
   1.14960e+11   1.69100e+29   6.89190e-05      56      56      20
   1.12990e+11   1.65250e+29   6.77400e-05      56      56      20
   1.11050e+11   1.61490e+29   6.65800e-05      56      56      20
   1.09150e+11   1.57820e+29   6.54410e-05      56      56      20
   1.07280e+11   1.54220e+29   6.43210e-05      56      56      20
   1.05440e+11   1.50710e+29   6.32200e-05      56      56      20
   1.03630e+11   1.47280e+29   6.21380e-05      56      56      20
   1.01850e+11   1.43930e+29   6.10750e-05      56      56      20
   1.00110e+11   1.40650e+29   6.00300e-05      56      56      20
   9.83930e+10   1.37450e+29   5.90020e-05      56      56      20
   9.67060e+10   1.34320e+29   5.79930e-05      56      56      20
   9.50490e+10   1.31270e+29   5.70000e-05      56      56      20
   9.34200e+10   1.28280e+29   5.60250e-05      56      56      20
   9.18190e+10   1.25360e+29   5.50660e-05      56      56      20
   9.02450e+10   1.22500e+29   5.41240e-05      56      56      20
   8.86980e+10   1.19720e+29   5.31970e-05      56      56      20
   8.71780e+10   1.16990e+29   5.22870e-05      56      56      20
   8.56840e+10   1.14330e+29   5.13920e-05      56      56      20
   8.42160e+10   1.11730e+29   5.05130e-05      56      56      20
   8.27730e+10   1.09180e+29   4.96490e-05      56      56      20
   8.13540e+10   1.06700e+29   4.87990e-05      56      56      20
   7.99600e+10   1.04270e+29   4.79640e-05      56      56      20
   7.85900e+10   1.01890e+29   4.71430e-05      56      56      20
   7.72430e+10   9.95750e+28   4.63360e-05      56      56      20
   7.59190e+10   9.73090e+28   4.55440e-05      56      56      20
   7.46180e+10   9.50940e+28   4.47640e-05      56      56      20
   7.33400e+10   9.29290e+28   4.39980e-05      56      56      20
   7.33050e+10   9.28700e+28   4.39770e-05      56      56      20
   6.67540e+10   9.28700e+28   4.00520e-05      56      56      22
   6.56410e+10   9.08140e+28   3.93850e-05      56      56      22
   6.45160e+10   8.87470e+28   3.87110e-05      56      56      22
   6.34110e+10   8.67260e+28   3.80490e-05      56      56      22
   6.23240e+10   8.47520e+28   3.73980e-05      56      56      22
   6.12560e+10   8.28230e+28   3.67580e-05      56      56      22
   6.02060e+10   8.09380e+28   3.61290e-05      56      56      22
   5.91750e+10   7.90950e+28   3.55110e-05      56      56      22
   5.81610e+10   7.72950e+28   3.49030e-05      56      56      22
   5.71640e+10   7.55360e+28   3.43060e-05      56      56      22
   5.61840e+10   7.38160e+28   3.37190e-05      56      56      22
   5.52220e+10   7.21360e+28   3.31420e-05      56      56      22
   5.42760e+10   7.04940e+28   3.25750e-05      56      56      22
   5.33460e+10   6.88890e+28   3.20180e-05      56      56      22
   5.24320e+10   6.73210e+28   3.14700e-05      56      56      22
   5.15330e+10   6.57890e+28   3.09310e-05      56      56      22
   5.06500e+10   6.42910e+28   3.04020e-05      56      56      22
   4.97820e+10   6.28280e+28   2.98820e-05      56      56      22
   4.89290e+10   6.13980e+28   2.93710e-05      56      56      22
   4.80910e+10   6.00000e+28   2.88680e-05      56      56      22
   4.72670e+10   5.86340e+28   2.83740e-05      56      56      22
   4.64570e+10   5.73000e+28   2.78890e-05      56      56      22
   4.56620e+10   5.59950e+28   2.74120e-05      56      56      22
   4.48790e+10   5.47210e+28   2.69430e-05      56      56      22
   4.41100e+10   5.34750e+28   2.64820e-05      56      56      22
   4.33550e+10   5.22580e+28   2.60290e-05      56      56      22
   4.26120e+10   5.10680e+28   2.55830e-05      56      56      22
   4.18820e+10   4.99060e+28   2.51460e-05      56      56      22
   4.11650e+10   4.87700e+28   2.47160e-05      56      56      22
   4.04600e+10   4.76600e+28   2.42930e-05      56      56      22
   3.97660e+10   4.65750e+28   2.38770e-05      56      56      22
   3.90850e+10   4.55150e+28   2.34690e-05      56      56      22
   3.84160e+10   4.44790e+28   2.30670e-05      56      56      22
   3.77580e+10   4.34660e+28   2.26730e-05      56      56      22
   3.71110e+10   4.24770e+28   2.22850e-05      56      56      22
   3.64750e+10   4.15100e+28   2.19030e-05      56      56      22
   3.58510e+10   4.05650e+28   2.15290e-05      56      56      22
   3.52370e+10   3.96420e+28   2.11600e-05      56      56      22
   3.46330e+10   3.87390e+28   2.07980e-05      56      56      22
   3.40400e+10   3.78570e+28   2.04430e-05      56      56      22
   3.34570e+10   3.69960e+28   2.00930e-05      56      56      22
   3.28840e+10   3.61540e+28   1.97490e-05      56      56      22
   3.23210e+10   3.53310e+28   1.94110e-05      56      56      22
   3.17670e+10   3.45260e+28   1.90790e-05      56      56      22
   3.12230e+10   3.37400e+28   1.87530e-05      56      56      22
   3.06880e+10   3.29720e+28   1.84320e-05      56      56      22
   3.01630e+10   3.22220e+28   1.81170e-05      56      56      22
   2.96460e+10   3.14880e+28   1.78070e-05      56      56      22
   2.91390e+10   3.07720e+28   1.75030e-05      56      56      22
   2.86400e+10   3.00710e+28   1.72030e-05      56      56      22
   2.81490e+10   2.93870e+28   1.69090e-05      56      56      22
   2.76670e+10   2.87180e+28   1.66200e-05      56      56      22
   2.71940e+10   2.80640e+28   1.63350e-05      56      56      22
   2.67280e+10   2.74250e+28   1.60560e-05      56      56      22
   2.62700e+10   2.68010e+28   1.57810e-05      56      56      22
   2.58200e+10   2.61910e+28   1.55120e-05      56      56      22
   2.53780e+10   2.55950e+28   1.52460e-05      56      56      22
   2.49440e+10   2.50120e+28   1.49860e-05      56      56      22
   2.45170e+10   2.44430e+28   1.47290e-05      56      56      22
   2.40970e+10   2.38860e+28   1.44770e-05      56      56      22
   2.36840e+10   2.33430e+28   1.42300e-05      56      56      22
   2.32790e+10   2.28110e+28   1.39860e-05      56      56      22
   2.28800e+10   2.22920e+28   1.37470e-05      56      56      22
   2.24890e+10   2.17850e+28   1.35120e-05      56      56      22
   2.21040e+10   2.12890e+28   1.32810e-05      56      56      22
   2.17250e+10   2.08040e+28   1.30540e-05      56      56      22
   2.13530e+10   2.03310e+28   1.28310e-05      56      56      22
   2.09880e+10   1.98680e+28   1.26110e-05      56      56      22
   2.06290e+10   1.94160e+28   1.23960e-05      56      56      22
   2.02760e+10   1.89740e+28   1.21840e-05      56      56      22
   1.99520e+10   1.85710e+28   1.19900e-05      56      56      22
   1.83210e+10   1.85710e+28   1.10100e-05      56      56      24
   1.82990e+10   1.85420e+28   1.09970e-05      56      56      24
   1.79860e+10   1.81200e+28   1.08090e-05      56      56      24
   1.76780e+10   1.77070e+28   1.06240e-05      56      56      24
   1.73750e+10   1.73040e+28   1.04420e-05      56      56      24
   1.70780e+10   1.69100e+28   1.02640e-05      56      56      24
   1.67860e+10   1.65250e+28   1.00880e-05      56      56      24
   1.64980e+10   1.61490e+28   9.91570e-06      56      56      24
   1.62160e+10   1.57820e+28   9.74620e-06      56      56      24
   1.59380e+10   1.54220e+28   9.57960e-06      56      56      24
   1.56660e+10   1.50710e+28   9.41580e-06      56      56      24
   1.53970e+10   1.47280e+28   9.25480e-06      56      56      24
   1.51340e+10   1.43930e+28   9.09660e-06      56      56      24
   1.48750e+10   1.40650e+28   8.94100e-06      56      56      24
   1.46200e+10   1.37450e+28   8.78820e-06      56      56      24
   1.43700e+10   1.34320e+28   8.63790e-06      56      56      24
   1.41240e+10   1.31270e+28   8.49030e-06      56      56      24
   1.38830e+10   1.28280e+28   8.34510e-06      56      56      24
   1.36450e+10   1.25360e+28   8.20250e-06      56      56      24
   1.34110e+10   1.22500e+28   8.06220e-06      56      56      24
   1.31820e+10   1.19720e+28   7.92440e-06      56      56      24
   1.29560e+10   1.16990e+28   7.78900e-06      56      56      24
   1.27350e+10   1.14330e+28   7.65580e-06      56      56      24
   1.25170e+10   1.11730e+28   7.52490e-06      56      56      24
   1.23030e+10   1.09180e+28   7.39630e-06      56      56      24
   1.20920e+10   1.06700e+28   7.26990e-06      56      56      24
   1.18850e+10   1.04270e+28   7.14560e-06      56      56      24
   1.16820e+10   1.01890e+28   7.02350e-06      56      56      24
   1.14820e+10   9.95750e+27   6.90340e-06      56      56      24
   1.12860e+10   9.73090e+27   6.78550e-06      56      56      24
   1.10930e+10   9.50940e+27   6.66950e-06      56      56      24
   1.09030e+10   9.29290e+27   6.55550e-06      56      56      24
   1.07160e+10   9.08140e+27   6.44350e-06      56      56      24
   1.05330e+10   8.87470e+27   6.33330e-06      56      56      24
   1.03530e+10   8.67260e+27   6.22510e-06      56      56      24
   1.01760e+10   8.47520e+27   6.11870e-06      56      56      24
   1.00020e+10   8.28230e+27   6.01410e-06      56      56      24
   9.83060e+09   8.09380e+27   5.91140e-06      56      56      24
   9.66240e+09   7.90950e+27   5.81040e-06      56      56      24
   9.49720e+09   7.72950e+27   5.71110e-06      56      56      24
   9.33470e+09   7.55360e+27   5.61350e-06      56      56      24
   9.17510e+09   7.38160e+27   5.51760e-06      56      56      24
   9.01820e+09   7.21360e+27   5.42330e-06      56      56      24
   8.86400e+09   7.04940e+27   5.33060e-06      56      56      24
   8.71240e+09   6.88890e+27   5.23950e-06      56      56      24
   8.56340e+09   6.73210e+27   5.15000e-06      56      56      24
   8.41690e+09   6.57890e+27   5.06200e-06      56      56      24
   8.27300e+09   6.42910e+27   4.97550e-06      56      56      24
   8.13150e+09   6.28280e+27   4.89050e-06      56      56      24
   7.99250e+09   6.13980e+27   4.80700e-06      56      56      24
   7.85580e+09   6.00000e+27   4.72480e-06      56      56      24
   7.72150e+09   5.86340e+27   4.64410e-06      56      56      24
   7.58950e+09   5.73000e+27   4.56480e-06      56      56      24
   7.45980e+09   5.59950e+27   4.48680e-06      56      56      24
   7.33220e+09   5.47210e+27   4.41020e-06      56      56      24
   7.20690e+09   5.34750e+27   4.33480e-06      56      56      24
   7.08370e+09   5.22580e+27   4.26080e-06      56      56      24
   6.96260e+09   5.10680e+27   4.18800e-06      56      56      24
   6.84360e+09   4.99060e+27   4.11650e-06      56      56      24
   6.72660e+09   4.87700e+27   4.04620e-06      56      56      24
   6.61160e+09   4.76600e+27   3.97710e-06      56      56      24
   6.49860e+09   4.65750e+27   3.90910e-06      56      56      24
   6.38750e+09   4.55150e+27   3.84240e-06      56      56      24
   6.27830e+09   4.44790e+27   3.77680e-06      56      56      24
   6.17100e+09   4.34660e+27   3.71230e-06      56      56      24
   6.06560e+09   4.24770e+27   3.64890e-06      56      56      24
   5.96190e+09   4.15100e+27   3.58660e-06      56      56      24
   5.86000e+09   4.05650e+27   3.52530e-06      56      56      24
   5.75990e+09   3.96420e+27   3.46510e-06      56      56      24
   5.66150e+09   3.87390e+27   3.40590e-06      56      56      24
   5.56470e+09   3.78570e+27   3.34780e-06      56      56      24
   5.46960e+09   3.69960e+27   3.29060e-06      56      56      24
   5.37620e+09   3.61540e+27   3.23440e-06      56      56      24
   5.28430e+09   3.53310e+27   3.17920e-06      56      56      24
   5.19400e+09   3.45260e+27   3.12490e-06      56      56      24
   5.10530e+09   3.37400e+27   3.07160e-06      56      56      24
   5.01810e+09   3.29720e+27   3.01920e-06      56      56      24
   4.93240e+09   3.22220e+27   2.96760e-06      56      56      24
   4.84810e+09   3.14880e+27   2.91700e-06      56      56      24
   4.76530e+09   3.07720e+27   2.86720e-06      56      56      24
   4.68390e+09   3.00710e+27   2.81820e-06      56      56      24
   4.60390e+09   2.93870e+27   2.77010e-06      56      56      24
   4.52530e+09   2.87180e+27   2.72280e-06      56      56      24
   4.44800e+09   2.80640e+27   2.67640e-06      56      56      24
   4.37200e+09   2.74250e+27   2.63070e-06      56      56      24
   4.29730e+09   2.68010e+27   2.58580e-06      56      56      24
   4.22390e+09   2.61910e+27   2.54170e-06      56      56      24
   4.15180e+09   2.55950e+27   2.49830e-06      56      56      24
   4.08090e+09   2.50120e+27   2.45570e-06      56      56      24
   4.01120e+09   2.44430e+27   2.41380e-06      56      56      24
   3.94270e+09   2.38860e+27   2.37260e-06      56      56      24
   3.87540e+09   2.33430e+27   2.33210e-06      56      56      24
   3.80930e+09   2.28110e+27   2.29230e-06      56      56      24
   3.74420e+09   2.22920e+27   2.25320e-06      56      56      24
   3.68030e+09   2.17850e+27   2.21480e-06      56      56      24
   3.61750e+09   2.12890e+27   2.17700e-06      56      56      24
   3.55570e+09   2.08040e+27   2.13980e-06      56      56      24
   3.49500e+09   2.03310e+27   2.10330e-06      56      56      24
   3.43540e+09   1.98680e+27   2.06750e-06      56      56      24
   3.37670e+09   1.94160e+27   2.03220e-06      56      56      24
   3.31910e+09   1.89740e+27   1.99750e-06      56      56      24
   3.26250e+09   1.85420e+27   1.96350e-06      56      56      24
   3.20680e+09   1.81200e+27   1.93000e-06      56      56      24
   3.15210e+09   1.77070e+27   1.89710e-06      56      56      24
   3.09830e+09   1.73040e+27   1.86470e-06      56      56      24
   3.04540e+09   1.69100e+27   1.83290e-06      56      56      24
   2.99350e+09   1.65250e+27   1.80170e-06      56      56      24
   2.94240e+09   1.61490e+27   1.77090e-06      56      56      24
   2.89220e+09   1.57820e+27   1.74070e-06      56      56      24
   2.84280e+09   1.54220e+27   1.71110e-06      56      56      24
   2.79430e+09   1.50710e+27   1.68190e-06      56      56      24
   2.74670e+09   1.47280e+27   1.65320e-06      56      56      24
   2.69980e+09   1.43930e+27   1.62500e-06      56      56      24
   2.65380e+09   1.40650e+27   1.59730e-06      56      56      24
   2.60850e+09   1.37450e+27   1.57010e-06      56      56      24
   2.56400e+09   1.34320e+27   1.54330e-06      56      56      24
   2.52030e+09   1.31270e+27   1.51700e-06      56      56      24
   2.47730e+09   1.28280e+27   1.49120e-06      56      56      24
   2.43510e+09   1.25360e+27   1.46580e-06      56      56      24
   2.39360e+09   1.22500e+27   1.44080e-06      56      56      24
   2.35280e+09   1.19720e+27   1.41620e-06      56      56      24
   2.31260e+09   1.16990e+27   1.39210e-06      56      56      24
   2.27320e+09   1.14330e+27   1.36840e-06      56      56      24
   2.23450e+09   1.11730e+27   1.34510e-06      56      56      24
   2.19640e+09   1.09180e+27   1.32220e-06      56      56      24
   2.15890e+09   1.06700e+27   1.29960e-06      56      56      24
   2.12210e+09   1.04270e+27   1.27750e-06      56      56      24
   2.08600e+09   1.01890e+27   1.25570e-06      56      56      24
   2.05040e+09   9.95750e+26   1.23430e-06      56      56      24
   2.01550e+09   9.73090e+26   1.21330e-06      56      56      24
   1.98110e+09   9.50940e+26   1.19270e-06      56      56      24
   1.94740e+09   9.29290e+26   1.17230e-06      56      56      24
   1.91420e+09   9.08140e+26   1.15240e-06      56      56      24
   1.88160e+09   8.87470e+26   1.13280e-06      56      56      24
   1.84950e+09   8.67260e+26   1.11350e-06      56      56      24
   1.81800e+09   8.47520e+26   1.09450e-06      56      56      24
   1.78710e+09   8.28230e+26   1.07590e-06      56      56      24
   1.75660e+09   8.09380e+26   1.05760e-06      56      56      24
   1.72670e+09   7.90950e+26   1.03960e-06      56      56      24
   1.69730e+09   7.72950e+26   1.02190e-06      56      56      24
   1.66840e+09   7.55360e+26   1.00450e-06      56      56      24
   1.64000e+09   7.38160e+26   9.87380e-07      56      56      24
   1.61210e+09   7.21360e+26   9.70570e-07      56      56      24
   1.58460e+09   7.04940e+26   9.54060e-07      56      56      24
   1.55760e+09   6.88890e+26   9.37820e-07      56      56      24
   1.53110e+09   6.73210e+26   9.21860e-07      56      56      24
   1.50510e+09   6.57890e+26   9.06180e-07      56      56      24
   1.49060e+09   6.49450e+26   8.97500e-07      56      56      24
   1.37840e+09   6.49450e+26   8.29900e-07      56      56      26
   1.36800e+09   6.42910e+26   8.23670e-07      56      56      26
   1.34470e+09   6.28280e+26   8.09660e-07      56      56      26
   1.32180e+09   6.13980e+26   7.95880e-07      56      56      26
   1.29930e+09   6.00000e+26   7.82350e-07      56      56      26
   1.27720e+09   5.86340e+26   7.69040e-07      56      56      26
   1.25550e+09   5.73000e+26   7.55960e-07      56      56      26
   1.23410e+09   5.59950e+26   7.43110e-07      56      56      26
   1.21310e+09   5.47210e+26   7.30470e-07      56      56      26
   1.19250e+09   5.34750e+26   7.18050e-07      56      56      26
   1.17220e+09   5.22580e+26   7.05840e-07      56      56      26
   1.15230e+09   5.10680e+26   6.93840e-07      56      56      26
   1.13270e+09   4.99060e+26   6.82050e-07      56      56      26
   1.11340e+09   4.87700e+26   6.70450e-07      56      56      26
   1.09450e+09   4.76600e+26   6.59060e-07      56      56      26
   1.07590e+09   4.65750e+26   6.47860e-07      56      56      26
   1.05760e+09   4.55150e+26   6.36850e-07      56      56      26
   1.03960e+09   4.44790e+26   6.26030e-07      56      56      26
   1.02190e+09   4.34660e+26   6.15390e-07      56      56      26
   1.00460e+09   4.24770e+26   6.04930e-07      56      56      26
   9.87480e+08   4.15100e+26   5.94660e-07      56      56      26
   9.70700e+08   4.05650e+26   5.84550e-07      56      56      26
   9.54210e+08   3.96420e+26   5.74630e-07      56      56      26
   9.37990e+08   3.87390e+26   5.64870e-07      56      56      26
   9.22060e+08   3.78570e+26   5.55270e-07      56      56      26
   9.06390e+08   3.69960e+26   5.45840e-07      56      56      26
   8.90990e+08   3.61540e+26   5.36580e-07      56      56      26
   8.75860e+08   3.53310e+26   5.27470e-07      56      56      26
   8.60980e+08   3.45260e+26   5.18510e-07      56      56      26
   8.46360e+08   3.37400e+26   5.09710e-07      56      56      26
   8.31990e+08   3.29720e+26   5.01060e-07      56      56      26
   8.17860e+08   3.22220e+26   4.92550e-07      56      56      26
   8.03980e+08   3.14880e+26   4.84190e-07      56      56      26
   7.90330e+08   3.07720e+26   4.75980e-07      56      56      26
   7.76910e+08   3.00710e+26   4.67900e-07      56      56      26
   7.63730e+08   2.93870e+26   4.59960e-07      56      56      26
   7.50760e+08   2.87180e+26   4.52160e-07      56      56      26
   7.38020e+08   2.80640e+26   4.44490e-07      56      56      26
   7.25500e+08   2.74250e+26   4.36950e-07      56      56      26
   7.13190e+08   2.68010e+26   4.29540e-07      56      56      26
   7.01090e+08   2.61910e+26   4.22260e-07      56      56      26
   6.89200e+08   2.55950e+26   4.15100e-07      56      56      26
   6.77510e+08   2.50120e+26   4.08060e-07      56      56      26
   6.66020e+08   2.44430e+26   4.01140e-07      56      56      26
   6.54730e+08   2.38860e+26   3.94340e-07      56      56      26
   6.43630e+08   2.33430e+26   3.87660e-07      56      56      26
   6.32720e+08   2.28110e+26   3.81090e-07      56      56      26
   6.21990e+08   2.22920e+26   3.74630e-07      56      56      26
   6.11450e+08   2.17850e+26   3.68290e-07      56      56      26
   6.01080e+08   2.12890e+26   3.62050e-07      56      56      26
   5.90900e+08   2.08040e+26   3.55910e-07      56      56      26
   5.80890e+08   2.03310e+26   3.49880e-07      56      56      26
   5.71040e+08   1.98680e+26   3.43960e-07      56      56      26
   5.61370e+08   1.94160e+26   3.38130e-07      56      56      26
   5.51860e+08   1.89740e+26   3.32410e-07      56      56      26
   5.42520e+08   1.85420e+26   3.26780e-07      56      56      26
   5.33330e+08   1.81200e+26   3.21250e-07      56      56      26
   5.24300e+08   1.77070e+26   3.15810e-07      56      56      26
   5.15420e+08   1.73040e+26   3.10470e-07      56      56      26
   5.06700e+08   1.69100e+26   3.05210e-07      56      56      26
   4.98120e+08   1.65250e+26   3.00050e-07      56      56      26
   4.89690e+08   1.61490e+26   2.94970e-07      56      56      26
   4.81400e+08   1.57820e+26   2.89980e-07      56      56      26
   4.73260e+08   1.54220e+26   2.85080e-07      56      56      26
   4.65250e+08   1.50710e+26   2.80260e-07      56      56      26
   4.57380e+08   1.47280e+26   2.75520e-07      56      56      26
   4.49650e+08   1.43930e+26   2.70860e-07      56      56      26
   4.42040e+08   1.40650e+26   2.66280e-07      56      56      26
   4.34570e+08   1.37450e+26   2.61780e-07      56      56      26
   4.27220e+08   1.34320e+26   2.57360e-07      56      56      26
   4.20000e+08   1.31270e+26   2.53010e-07      56      56      26
   4.12900e+08   1.28280e+26   2.48730e-07      56      56      26
   4.05930e+08   1.25360e+26   2.44530e-07      56      56      26
   3.99070e+08   1.22500e+26   2.40400e-07      56      56      26
   3.92320e+08   1.19720e+26   2.36340e-07      56      56      26
   3.85700e+08   1.16990e+26   2.32350e-07      56      56      26
   3.79180e+08   1.14330e+26   2.28430e-07      56      56      26
   3.72780e+08   1.11730e+26   2.24570e-07      56      56      26
   3.66490e+08   1.09180e+26   2.20780e-07      56      56      26
   3.60300e+08   1.06700e+26   2.17060e-07      56      56      26
   3.54220e+08   1.04270e+26   2.13390e-07      56      56      26
   3.48240e+08   1.01890e+26   2.09790e-07      56      56      26
   3.42360e+08   9.95750e+25   2.06250e-07      56      56      26
   3.36590e+08   9.73090e+25   2.02770e-07      56      56      26
   3.30910e+08   9.50940e+25   1.99360e-07      56      56      26
   3.25330e+08   9.29290e+25   1.95990e-07      56      56      26
   3.19840e+08   9.08140e+25   1.92690e-07      56      56      26
   3.14450e+08   8.87470e+25   1.89440e-07      56      56      26
   3.09150e+08   8.67260e+25   1.86250e-07      56      56      26
   3.03940e+08   8.47520e+25   1.83110e-07      56      56      26
   2.98810e+08   8.28230e+25   1.80030e-07      56      56      26
   2.93780e+08   8.09380e+25   1.76990e-07      56      56      26
   2.88830e+08   7.90950e+25   1.74010e-07      56      56      26
   2.83960e+08   7.72950e+25   1.71080e-07      56      56      26
   2.79180e+08   7.55360e+25   1.68200e-07      56      56      26
   2.74480e+08   7.38160e+25   1.65370e-07      56      56      26
   2.69860e+08   7.21360e+25   1.62590e-07      56      56      26
   2.65320e+08   7.04940e+25   1.59850e-07      56      56      26
   2.60850e+08   6.88890e+25   1.57160e-07      56      56      26
   2.56460e+08   6.73210e+25   1.54520e-07      56      56      26
   2.52150e+08   6.57890e+25   1.51920e-07      56      56      26
   2.47900e+08   6.42910e+25   1.49360e-07      56      56      26
   2.43730e+08   6.28280e+25   1.46850e-07      56      56      26
   2.39640e+08   6.13980e+25   1.44380e-07      56      56      26
   2.35610e+08   6.00000e+25   1.41960e-07      56      56      26
   2.31650e+08   5.86340e+25   1.39570e-07      56      56      26
   2.27750e+08   5.73000e+25   1.37230e-07      56      56      26
   2.23930e+08   5.59950e+25   1.34920e-07      56      56      26
   2.20170e+08   5.47210e+25   1.32650e-07      56      56      26
   2.16470e+08   5.34750e+25   1.30430e-07      56      56      26
   2.12830e+08   5.22580e+25   1.28240e-07      56      56      26
   2.09260e+08   5.10680e+25   1.26080e-07      56      56      26
   2.05750e+08   4.99060e+25   1.23970e-07      56      56      26
   2.02290e+08   4.87700e+25   1.21890e-07      56      56      26
   1.98900e+08   4.76600e+25   1.19840e-07      56      56      26
   1.95560e+08   4.65750e+25   1.17830e-07      56      56      26
   1.92280e+08   4.55150e+25   1.15860e-07      56      56      26
   1.89060e+08   4.44790e+25   1.13920e-07      56      56      26
   1.85890e+08   4.34660e+25   1.12010e-07      56      56      26
   1.82770e+08   4.24770e+25   1.10130e-07      56      56      26
   1.79710e+08   4.15100e+25   1.08280e-07      56      56      26
   1.76700e+08   4.05650e+25   1.06470e-07      56      56      26
   1.73740e+08   3.96420e+25   1.04690e-07      56      56      26
   1.70830e+08   3.87390e+25   1.02930e-07      56      56      26
   1.67970e+08   3.78570e+25   1.01210e-07      56      56      26
   1.65150e+08   3.69960e+25   9.95170e-08      56      56      26
   1.62390e+08   3.61540e+25   9.78510e-08      56      56      26
   1.59670e+08   3.53310e+25   9.62140e-08      56      56      26
   1.57000e+08   3.45260e+25   9.46050e-08      56      56      26
   1.54380e+08   3.37400e+25   9.30230e-08      56      56      26
   1.51790e+08   3.29720e+25   9.14680e-08      56      56      26
   1.49260e+08   3.22220e+25   8.99390e-08      56      56      26
   1.46760e+08   3.14880e+25   8.84360e-08      56      56      26
   1.44310e+08   3.07720e+25   8.69580e-08      56      56      26
   1.41900e+08   3.00710e+25   8.55060e-08      56      56      26
   1.39530e+08   2.93870e+25   8.40780e-08      56      56      26
   1.37200e+08   2.87180e+25   8.26740e-08      56      56      26
   1.34910e+08   2.80640e+25   8.12940e-08      56      56      26
   1.32650e+08   2.74250e+25   7.99380e-08      56      56      26
   1.30440e+08   2.68010e+25   7.86040e-08      56      56      26
   1.28270e+08   2.61910e+25   7.72930e-08      56      56      26
   1.26130e+08   2.55950e+25   7.60040e-08      56      56      26
   1.24020e+08   2.50120e+25   7.47370e-08      56      56      26
   1.21960e+08   2.44430e+25   7.34920e-08      56      56      26
   1.19920e+08   2.38860e+25   7.22670e-08      56      56      26
   1.17920e+08   2.33430e+25   7.10630e-08      56      56      26
   1.15960e+08   2.28110e+25   6.98800e-08      56      56      26
   1.14030e+08   2.22920e+25   6.87160e-08      56      56      26
   1.12130e+08   2.17850e+25   6.75720e-08      56      56      26
   1.10260e+08   2.12890e+25   6.64480e-08      56      56      26
   1.08430e+08   2.08040e+25   6.53420e-08      56      56      26
   1.06630e+08   2.03310e+25   6.42560e-08      56      56      26
   1.04850e+08   1.98680e+25   6.31870e-08      56      56      26
   1.03110e+08   1.94160e+25   6.21370e-08      56      56      26
   1.01390e+08   1.89740e+25   6.11040e-08      56      56      26
   9.97100e+07   1.85420e+25   6.00890e-08      56      56      26
   9.80530e+07   1.81200e+25   5.90910e-08      56      56      26
   9.64250e+07   1.77070e+25   5.81100e-08      56      56      26
   9.48240e+07   1.73040e+25   5.71450e-08      56      56      26
   9.32500e+07   1.69100e+25   5.61970e-08      56      56      26
   9.17020e+07   1.65250e+25   5.52640e-08      56      56      26
   9.01810e+07   1.61490e+25   5.43480e-08      56      56      26
   8.86850e+07   1.57820e+25   5.34460e-08      56      56      26
   8.72150e+07   1.54220e+25   5.25600e-08      56      56      26
   8.57690e+07   1.50710e+25   5.16890e-08      56      56      26
   8.43480e+07   1.47280e+25   5.08330e-08      56      56      26
   8.29510e+07   1.43930e+25   4.99910e-08      56      56      26
   8.15770e+07   1.40650e+25   4.91630e-08      56      56      26
   8.02270e+07   1.37450e+25   4.83500e-08      56      56      26
   7.88990e+07   1.34320e+25   4.75500e-08      56      56      26
   7.75930e+07   1.31270e+25   4.67630e-08      56      56      26
   7.63100e+07   1.28280e+25   4.59900e-08      56      56      26
   7.50480e+07   1.25360e+25   4.52290e-08      56      56      26
   7.38080e+07   1.22500e+25   4.44820e-08      56      56      26
   7.25880e+07   1.19720e+25   4.37470e-08      56      56      26
   7.13890e+07   1.16990e+25   4.30240e-08      56      56      26
   7.02100e+07   1.14330e+25   4.23140e-08      56      56      26
   6.90510e+07   1.11730e+25   4.16160e-08      56      56      26
   6.79110e+07   1.09180e+25   4.09290e-08      56      56      26
   6.67910e+07   1.06700e+25   4.02540e-08      56      56      26
   6.56890e+07   1.04270e+25   3.95900e-08      56      56      26
   6.46060e+07   1.01890e+25   3.89370e-08      56      56      26
   6.35410e+07   9.95750e+24   3.82960e-08      56      56      26
   6.24940e+07   9.73090e+24   3.76650e-08      56      56      26
   6.14650e+07   9.50940e+24   3.70450e-08      56      56      26
   6.04530e+07   9.29290e+24   3.64350e-08      56      56      26
   5.94580e+07   9.08140e+24   3.58350e-08      56      56      26
   5.84800e+07   8.87470e+24   3.52460e-08      56      56      26
   5.75180e+07   8.67260e+24   3.46660e-08      56      56      26
   5.65720e+07   8.47520e+24   3.40960e-08      56      56      26
   5.56420e+07   8.28230e+24   3.35360e-08      56      56      26
   5.47280e+07   8.09380e+24   3.29850e-08      56      56      26
   5.38290e+07   7.90950e+24   3.24430e-08      56      56      26
   5.29450e+07   7.72950e+24   3.19100e-08      56      56      26
   5.20760e+07   7.55360e+24   3.13870e-08      56      56      26
   5.12220e+07   7.38160e+24   3.08720e-08      56      56      26
   5.03810e+07   7.21360e+24   3.03660e-08      56      56      26
   4.95550e+07   7.04940e+24   2.98680e-08      56      56      26
   4.87430e+07   6.88890e+24   2.93780e-08      56      56      26
   4.79450e+07   6.73210e+24   2.88970e-08      56      56      26
   4.71590e+07   6.57890e+24   2.84240e-08      56      56      26
   4.63870e+07   6.42910e+24   2.79590e-08      56      56      26
   4.56280e+07   6.28280e+24   2.75010e-08      56      56      26
4.35556E+06	2.10831E+23	2.62579E-09	56	56	26
3.94365E+06	1.81505E+23	2.37748E-09	56	56	26
3.57202E+06	1.56257E+23	2.15345E-09	56	56	26
3.23662E+06	1.34522E+23	1.95126E-09	56	56	26
2.93379E+06	1.15810E+23	1.76870E-09	56	56	26
2.894E+06      1.132E+23      1.743E-09      56.       56.       26.
1.701E+06      4.983E+22      1.025E-09      56.       56.       26.
1.000E+06      2.159E+22      6.023E-10      56.       56.       26.
5.878E+05      9.218E+21      3.540E-10      56.       56.       26.
3.455E+05      3.882E+21      2.081E-10      56.       56.       26.
2.031E+05      1.615E+21      1.223E-10      56.       56.       26.
1.194E+05      6.639E+20      7.190E-11      56.       56.       26.
7.017E+04      2.700E+20      4.226E-11      56.       56.       26.
4.125E+04      1.086E+20      2.484E-11      56.       56.       26.
2.424E+04      4.319E+19      1.460E-11      56.       56.       26.
1.425E+04      1.693E+19      8.583E-12      56.       56.       26.
8.377E+03      6.528E+18      5.045E-12      56.       56.       26.
4.924E+03      2.460E+18      2.966E-12      56.       56.       26.
2.894E+03      8.985E+17      1.743E-12      56.       56.       26.
1.701E+03      3.127E+17      1.025E-12      56.       56.       26.
1.000E+03      1.003E+17      6.023E-13      56.       56.       26.
