      6    188    48         Itext Imax Icore

      Akmal, Pandariphande & Ravenhall: A18 + dv + UIX* model (the best one)

     Rho          Press           nbar            Ye            Ymu             Yn              Yp            Yla            Ysm            Ys0            Ysp           mstp            mstn           mstla          mstsm          msts0         mstsp
    g/cm3         dyne/cm2        #/fm3         [A_cell]       [A_ion]          [Z]

   0.11699290E+17  0.82707007E+37  0.25118900E+01  0.76326591E-01  0.66248124E-01  0.85742529E+00  0.14257471E+00  0.00000000E+00  0.00000000E+00  0.00000000E+00  0.00000000E+00  0.10000000E+01  0.10000000E+01  0.00000000E+00  0.00000000E+00  0.00000000E+00  0.00000000E+00
   0.99317963E+16  0.68710829E+37  0.22908700E+01  0.76385391E-01  0.65681160E-01  0.85793345E+00  0.14206655E+00  0.00000000E+00  0.00000000E+00  0.00000000E+00  0.00000000E+00  0.10000000E+01  0.10000000E+01  0.00000000E+00  0.00000000E+00  0.00000000E+00  0.00000000E+00
   0.84449888E+16  0.57030791E+37  0.20893000E+01  0.76427033E-01  0.65061504E-01  0.85851146E+00  0.14148854E+00  0.00000000E+00  0.00000000E+00  0.00000000E+00  0.00000000E+00  0.10000000E+01  0.10000000E+01  0.00000000E+00  0.00000000E+00  0.00000000E+00  0.00000000E+00
   0.71934621E+16  0.47283326E+37  0.19054600E+01  0.76447682E-01  0.64381829E-01  0.85917049E+00  0.14082951E+00  0.00000000E+00  0.00000000E+00  0.00000000E+00  0.00000000E+00  0.10000000E+01  0.10000000E+01  0.00000000E+00  0.00000000E+00  0.00000000E+00  0.00000000E+00
   0.61392268E+16  0.39149117E+37  0.17378000E+01  0.76440327E-01  0.63634480E-01  0.85992519E+00  0.14007481E+00  0.00000000E+00  0.00000000E+00  0.00000000E+00  0.00000000E+00  0.10000000E+01  0.10000000E+01  0.00000000E+00  0.00000000E+00  0.00000000E+00  0.00000000E+00
   0.52505151E+16  0.32361877E+37  0.15848900E+01  0.76398362E-01  0.62811299E-01  0.86079034E+00  0.13920966E+00  0.00000000E+00  0.00000000E+00  0.00000000E+00  0.00000000E+00  0.10000000E+01  0.10000000E+01  0.00000000E+00  0.00000000E+00  0.00000000E+00  0.00000000E+00
   0.45006759E+16  0.26699862E+37  0.14454400E+01  0.76314479E-01  0.61902950E-01  0.86178257E+00  0.13821743E+00  0.00000000E+00  0.00000000E+00  0.00000000E+00  0.00000000E+00  0.10000000E+01  0.10000000E+01  0.00000000E+00  0.00000000E+00  0.00000000E+00  0.00000000E+00
   0.38674251E+16  0.21977858E+37  0.13182600E+01  0.76181482E-01  0.60900733E-01  0.86291779E+00  0.13708221E+00  0.00000000E+00  0.00000000E+00  0.00000000E+00  0.00000000E+00  0.10000000E+01  0.10000000E+01  0.00000000E+00  0.00000000E+00  0.00000000E+00  0.00000000E+00
   0.33321160E+16  0.18041573E+37  0.12022600E+01  0.75993046E-01  0.59797881E-01  0.86420907E+00  0.13579093E+00  0.00000000E+00  0.00000000E+00  0.00000000E+00  0.00000000E+00  0.10000000E+01  0.10000000E+01  0.00000000E+00  0.00000000E+00  0.00000000E+00  0.00000000E+00
   0.28790784E+16  0.14762655E+37  0.10964800E+01  0.75741737E-01  0.58585382E-01  0.86567288E+00  0.13432712E+00  0.00000000E+00  0.00000000E+00  0.00000000E+00  0.00000000E+00  0.10000000E+01  0.10000000E+01  0.00000000E+00  0.00000000E+00  0.00000000E+00  0.00000000E+00
   0.24952096E+16  0.12033756E+37  0.10000000E+01  0.75425100E-01  0.57260900E-01  0.86731400E+00  0.13268600E+00  0.00000000E+00  0.00000000E+00  0.00000000E+00  0.00000000E+00  0.10000000E+01  0.10000000E+01  0.00000000E+00  0.00000000E+00  0.00000000E+00  0.00000000E+00
   0.21694568E+16  0.97656976E+36  0.91201100E+00  0.75040433E-01  0.55818735E-01  0.86914083E+00  0.13085917E+00  0.00000000E+00  0.00000000E+00  0.00000000E+00  0.00000000E+00  0.10000000E+01  0.10000000E+01  0.00000000E+00  0.00000000E+00  0.00000000E+00  0.00000000E+00
   0.18926035E+16  0.78841219E+36  0.83176400E+00  0.74586541E-01  0.54257698E-01  0.87115576E+00  0.12884424E+00  0.00000000E+00  0.00000000E+00  0.00000000E+00  0.00000000E+00  0.10000000E+01  0.10000000E+01  0.00000000E+00  0.00000000E+00  0.00000000E+00  0.00000000E+00
   0.16568646E+16  0.63271039E+36  0.75857800E+00  0.74062654E-01  0.52577059E-01  0.87336029E+00  0.12663971E+00  0.00000000E+00  0.00000000E+00  0.00000000E+00  0.00000000E+00  0.10000000E+01  0.10000000E+01  0.00000000E+00  0.00000000E+00  0.00000000E+00  0.00000000E+00
   0.14557208E+16  0.50429727E+36  0.69183100E+00  0.73466063E-01  0.50773238E-01  0.87576070E+00  0.12423930E+00  0.00000000E+00  0.00000000E+00  0.00000000E+00  0.00000000E+00  0.10000000E+01  0.10000000E+01  0.00000000E+00  0.00000000E+00  0.00000000E+00  0.00000000E+00
   0.12836742E+16  0.39885007E+36  0.63095700E+00  0.72791965E-01  0.48841522E-01  0.87836651E+00  0.12163349E+00  0.00000000E+00  0.00000000E+00  0.00000000E+00  0.00000000E+00  0.10000000E+01  0.10000000E+01  0.00000000E+00  0.00000000E+00  0.00000000E+00  0.00000000E+00
   0.11361005E+16  0.31273983E+36  0.57544000E+00  0.72031141E-01  0.46775163E-01  0.88119370E+00  0.11880630E+00  0.00000000E+00  0.00000000E+00  0.00000000E+00  0.00000000E+00  0.10000000E+01  0.10000000E+01  0.00000000E+00  0.00000000E+00  0.00000000E+00  0.00000000E+00
   0.10091116E+16  0.24290474E+36  0.52480700E+00  0.71171878E-01  0.44565526E-01  0.88426260E+00  0.11573740E+00  0.00000000E+00  0.00000000E+00  0.00000000E+00  0.00000000E+00  0.10000000E+01  0.10000000E+01  0.00000000E+00  0.00000000E+00  0.00000000E+00  0.00000000E+00
   0.89943279E+15  0.18673962E+36  0.47863000E+00  0.70200572E-01  0.42203581E-01  0.88759585E+00  0.11240415E+00  0.00000000E+00  0.00000000E+00  0.00000000E+00  0.00000000E+00  0.10000000E+01  0.10000000E+01  0.00000000E+00  0.00000000E+00  0.00000000E+00  0.00000000E+00
   0.80431861E+15  0.14201549E+36  0.43651600E+00  0.69101705E-01  0.39680332E-01  0.89121796E+00  0.10878204E+00  0.00000000E+00  0.00000000E+00  0.00000000E+00  0.00000000E+00  0.10000000E+01  0.10000000E+01  0.00000000E+00  0.00000000E+00  0.00000000E+00  0.00000000E+00
   0.72146406E+15  0.10681018E+36  0.39810700E+00  0.67882755E-01  0.37008392E-01  0.89510885E+00  0.10489115E+00  0.00000000E+00  0.00000000E+00  0.00000000E+00  0.00000000E+00  0.10000000E+01  0.10000000E+01  0.00000000E+00  0.00000000E+00  0.00000000E+00  0.00000000E+00
   0.64894382E+15  0.79456464E+35  0.36307800E+00  0.66533637E-01  0.34187695E-01  0.89927867E+00  0.10072133E+00  0.00000000E+00  0.00000000E+00  0.00000000E+00  0.00000000E+00  0.10000000E+01  0.10000000E+01  0.00000000E+00  0.00000000E+00  0.00000000E+00  0.00000000E+00
   0.58515168E+15  0.58503693E+35  0.33113100E+00  0.65073340E-01  0.31242922E-01  0.90368374E+00  0.96316262E-01  0.00000000E+00  0.00000000E+00  0.00000000E+00  0.00000000E+00  0.10000000E+01  0.10000000E+01  0.00000000E+00  0.00000000E+00  0.00000000E+00  0.00000000E+00
   0.52876131E+15  0.42693984E+35  0.30199500E+00  0.63525555E-01  0.28205434E-01  0.90826901E+00  0.91730989E-01  0.00000000E+00  0.00000000E+00  0.00000000E+00  0.00000000E+00  0.10000000E+01  0.10000000E+01  0.00000000E+00  0.00000000E+00  0.00000000E+00  0.00000000E+00
   0.47866922E+15  0.30945212E+35  0.27542300E+00  0.61919302E-01  0.25110103E-01  0.91297059E+00  0.87029406E-01  0.00000000E+00  0.00000000E+00  0.00000000E+00  0.00000000E+00  0.10000000E+01  0.10000000E+01  0.00000000E+00  0.00000000E+00  0.00000000E+00  0.00000000E+00
   0.43397159E+15  0.22341237E+35  0.25118900E+00  0.60281700E-01  0.21992603E-01  0.91772570E+00  0.82274303E-01  0.00000000E+00  0.00000000E+00  0.00000000E+00  0.00000000E+00  0.10000000E+01  0.10000000E+01  0.00000000E+00  0.00000000E+00  0.00000000E+00  0.00000000E+00
   0.39392501E+15  0.16123099E+35  0.22908700E+00  0.58633620E-01  0.18884965E-01  0.92248142E+00  0.77518585E-01  0.00000000E+00  0.00000000E+00  0.00000000E+00  0.00000000E+00  0.10000000E+01  0.10000000E+01  0.00000000E+00  0.00000000E+00  0.00000000E+00  0.00000000E+00
   0.35791982E+15  0.11677507E+35  0.20893000E+00  0.56983200E-01  0.15814388E-01  0.92720241E+00  0.72797588E-01  0.00000000E+00  0.00000000E+00  0.00000000E+00  0.00000000E+00  0.10000000E+01  0.10000000E+01  0.00000000E+00  0.00000000E+00  0.00000000E+00  0.00000000E+00
   0.32544794E+15  0.85232555E+34  0.19054600E+00  0.55327323E-01  0.12805307E-01  0.93186737E+00  0.68132629E-01  0.00000000E+00  0.00000000E+00  0.00000000E+00  0.00000000E+00  0.10000000E+01  0.10000000E+01  0.00000000E+00  0.00000000E+00  0.00000000E+00  0.00000000E+00
   0.29609578E+15  0.62929610E+34  0.17378000E+00  0.53650708E-01  0.98842214E-02  0.93646507E+00  0.63534929E-01  0.00000000E+00  0.00000000E+00  0.00000000E+00  0.00000000E+00  0.10000000E+01  0.10000000E+01  0.00000000E+00  0.00000000E+00  0.00000000E+00  0.00000000E+00
   0.26950859E+15  0.47136725E+34  0.15848900E+00  0.51928904E-01  0.70895772E-02  0.94098152E+00  0.59018481E-01  0.00000000E+00  0.00000000E+00  0.00000000E+00  0.00000000E+00  0.10000000E+01  0.10000000E+01  0.00000000E+00  0.00000000E+00  0.00000000E+00  0.00000000E+00
   0.24539401E+15  0.35883192E+34  0.14454400E+00  0.50067938E-01  0.44567052E-02  0.94547536E+00  0.54524643E-01  0.00000000E+00  0.00000000E+00  0.00000000E+00  0.00000000E+00  0.10000000E+01  0.10000000E+01  0.00000000E+00  0.00000000E+00  0.00000000E+00  0.00000000E+00
   0.22349176E+15  0.27736646E+34  0.13182600E+00  0.48212113E-01  0.21807534E-02  0.94960713E+00  0.50392866E-01  0.00000000E+00  0.00000000E+00  0.00000000E+00  0.00000000E+00  0.10000000E+01  0.10000000E+01  0.00000000E+00  0.00000000E+00  0.00000000E+00  0.00000000E+00
   0.20358613E+15  0.21731761E+34  0.12022600E+00  0.46108662E-01  0.42029178E-03  0.95347105E+00  0.46528954E-01  0.00000000E+00  0.00000000E+00  0.00000000E+00  0.00000000E+00  0.10000000E+01  0.10000000E+01  0.00000000E+00  0.00000000E+00  0.00000000E+00  0.00000000E+00
   0.18548459E+15  0.17127358E+34  0.10964800E+00  0.43624416E-01  0.00000000E+00  0.95637558E+00  0.43624416E-01  0.00000000E+00  0.00000000E+00  0.00000000E+00  0.00000000E+00  0.10000000E+01  0.10000000E+01  0.00000000E+00  0.00000000E+00  0.00000000E+00  0.00000000E+00
   0.16901440E+15  0.13588787E+34  0.10000000E+00  0.41032800E-01  0.00000000E+00  0.95896720E+00  0.41032800E-01  0.00000000E+00  0.00000000E+00  0.00000000E+00  0.00000000E+00  0.10000000E+01  0.10000000E+01  0.00000000E+00  0.00000000E+00  0.00000000E+00  0.00000000E+00
   0.15402404E+15  0.10853191E+34  0.91201100E-01  0.38453593E-01  0.00000000E+00  0.96154641E+00  0.38453593E-01  0.00000000E+00  0.00000000E+00  0.00000000E+00  0.00000000E+00  0.10000000E+01  0.10000000E+01  0.00000000E+00  0.00000000E+00  0.00000000E+00  0.00000000E+00
   0.14037640E+15  0.87106168E+33  0.83176400E-01  0.35898644E-01  0.00000000E+00  0.96410136E+00  0.35898644E-01  0.00000000E+00  0.00000000E+00  0.00000000E+00  0.00000000E+00  0.10000000E+01  0.10000000E+01  0.00000000E+00  0.00000000E+00  0.00000000E+00  0.00000000E+00
   0.12794830E+15  0.70163704E+33  0.75857800E-01  0.33381801E-01  0.00000000E+00  0.96661820E+00  0.33381801E-01  0.00000000E+00  0.00000000E+00  0.00000000E+00  0.00000000E+00  0.10000000E+01  0.10000000E+01  0.00000000E+00  0.00000000E+00  0.00000000E+00  0.00000000E+00
   0.11662852E+15  0.56682633E+33  0.69183100E-01  0.30918823E-01  0.00000000E+00  0.96908118E+00  0.30918823E-01  0.00000000E+00  0.00000000E+00  0.00000000E+00  0.00000000E+00  0.10000000E+01  0.10000000E+01  0.00000000E+00  0.00000000E+00  0.00000000E+00  0.00000000E+00
   0.10631542E+15  0.46205847E+33  0.63095700E-01  0.28681352E-01  0.00000000E+00  0.97131865E+00  0.28681352E-01  0.00000000E+00  0.00000000E+00  0.00000000E+00  0.00000000E+00  0.10000000E+01  0.10000000E+01  0.00000000E+00  0.00000000E+00  0.00000000E+00  0.00000000E+00
   0.96919519E+14  0.39252939E+33  0.57544000E-01  0.27517552E-01  0.00000000E+00  0.97248245E+00  0.27517552E-01  0.00000000E+00  0.00000000E+00  0.00000000E+00  0.00000000E+00  0.10000000E+01  0.10000000E+01  0.00000000E+00  0.00000000E+00  0.00000000E+00  0.00000000E+00
   0.88356141E+14  0.32384788E+33  0.52480700E-01  0.26536422E-01  0.00000000E+00  0.97346358E+00  0.26536422E-01  0.00000000E+00  0.00000000E+00  0.00000000E+00  0.00000000E+00  0.10000000E+01  0.10000000E+01  0.00000000E+00  0.00000000E+00  0.00000000E+00  0.00000000E+00
   0.80552906E+14  0.26774204E+33  0.47863000E-01  0.25499864E-01  0.00000000E+00  0.97450014E+00  0.25499864E-01  0.00000000E+00  0.00000000E+00  0.00000000E+00  0.00000000E+00  0.10000000E+01  0.10000000E+01  0.00000000E+00  0.00000000E+00  0.00000000E+00  0.00000000E+00
   0.73441359E+14  0.22192073E+33  0.43651600E-01  0.24694857E-01  0.00000000E+00  0.97530514E+00  0.24694857E-01  0.00000000E+00  0.00000000E+00  0.00000000E+00  0.00000000E+00  0.10000000E+01  0.10000000E+01  0.00000000E+00  0.00000000E+00  0.00000000E+00  0.00000000E+00
   0.66959462E+14  0.18464875E+33  0.39810700E-01  0.24104952E-01  0.00000000E+00  0.97589505E+00  0.24104952E-01  0.00000000E+00  0.00000000E+00  0.00000000E+00  0.00000000E+00  0.10000000E+01  0.10000000E+01  0.00000000E+00  0.00000000E+00  0.00000000E+00  0.00000000E+00
   0.61051237E+14  0.15439617E+33  0.36307800E-01  0.23712095E-01  0.00000000E+00  0.97628791E+00  0.23712095E-01  0.00000000E+00  0.00000000E+00  0.00000000E+00  0.00000000E+00  0.10000000E+01  0.10000000E+01  0.00000000E+00  0.00000000E+00  0.00000000E+00  0.00000000E+00
   0.55665522E+14  0.12984630E+33  0.33113100E-01  0.23498887E-01  0.00000000E+00  0.97650111E+00  0.23498887E-01  0.00000000E+00  0.00000000E+00  0.00000000E+00  0.00000000E+00  0.10000000E+01  0.10000000E+01  0.00000000E+00  0.00000000E+00  0.00000000E+00  0.00000000E+00
4.681E+13		1.122E+32		2.780E-02		896		120		22
4.411E+13		1.021E+32		2.620E-02		896		120		22
4.379E+13		1.021E+32		2.601E-02		896		122		24
4.212E+13		9.613E+31		2.502E-02		896		122		24
3.741E+13		8.011E+31		2.223E-02		896		122		24
3.523E+13		7.311E+31		2.093E-02		896		122		24
3.493E+13		7.311E+31		2.076E-02		896		124		26
3.201E+13		6.409E+31		1.903E-02		896		124		26
2.810E+13		5.278E+31		1.671E-02		896		124		26
2.784E+13		5.278E+31		1.656E-02		896		126		28
2.613E+13		4.807E+31		1.554E-02		896		126		28
2.317E+13		4.028E+31		1.378E-02		896		126		28
2.287E+13		4.028E+31		1.360E-02		448		70		16
1.954E+13		3.204E+31		1.162E-02		448		70		16
1.866E+13		2.998E+31		1.110E-02		448		70		16
1.838E+13		2.998E+31		1.094E-02		448		76		18
1.531E+13		2.304E+31		9.112E-03		448		76		18
1.506E+13		2.304E+31		8.965E-03		448		82		20
1.275E+13		1.816E+31		7.594E-03		448		82		20
1.254E+13		1.816E+31		7.464E-03		448		88		22
1.148E+13		1.602E+31		6.835E-03		448		88		22
1.077E+13		1.463E+31		6.412E-03		448		88		22
1.057E+13		1.463E+31		6.296E-03		448		94		24
1.047E+13		1.442E+31		6.234E-03		448		94		24
9.633E+12		1.282E+31		5.738E-03		448		94		24
9.345E+12		1.228E+31		5.567E-03		448		94		24
8.980E+12		1.228E+31		5.349E-03		224		54		14
8.423E+12		1.122E+31		5.018E-03		224		54		14
7.551E+12		9.613E+30		4.499E-03		224		54		14
7.342E+12		9.239E+30		4.374E-03		224		54		14
7.041E+12		9.239E+30		4.196E-03		224		60		16
6.361E+12		8.011E+30		3.791E-03		224		60		16
5.915E+12		7.233E+30		3.525E-03		224		60		16
5.665E+12		7.233E+30		3.377E-03		224		66		18
5.196E+12		6.409E+30		3.097E-03		224		66		18
4.982E+12		6.044E+30		2.970E-03		224		66		18
4.379E+12		6.044E+30		2.610E-03		112		44		12
3.708E+12		4.807E+30		2.211E-03		112		44		12
3.648E+12		4.699E+30		2.175E-03		112		44		12
3.338E+12		4.699E+30		1.990E-03		112		50		14
2.871E+12		3.825E+30		1.712E-03		112		50		14
2.634E+12		3.825E+30		1.571E-03		112		56		16
2.319E+12		3.216E+30		1.383E-03		112		56		16
2.134E+12		3.216E+30		1.273E-03		112		62		18
1.911E+12		2.771E+30		1.141E-03		112		62		18
1.766E+12		2.771E+30		1.054E-03		112		68		20
1.702E+12		2.637E+30		1.016E-03		112		68		20
1.702E+12		2.637E+30		1.016E-03		112		68		20
1.455E+12		2.637E+30		8.682E-04		56		40		12
1.358E+12		2.403E+30		8.100E-04		56		40		12
1.294E+12		2.253E+30		7.721E-04		56		40		12
1.131E+12		2.253E+30		6.748E-04		56		46		14
1.026E+12		1.980E+30		6.126E-04		56		46		14
9.075E+11		1.980E+30		5.418E-04		56		52		16
7.740E+11		1.602E+30		4.623E-04		56		52		16
7.151E+11		1.442E+30		4.272E-04		56		52		16
6.848E+11		1.361E+30		4.091E-04		56		52		16
6.110E+11		1.361E+30		3.651E-04		56		56		18
5.840E+11		1.282E+30		3.490E-04		56		56		18
5.282E+11		1.122E+30		3.158E-04		56		56		18
4.705E+11		9.613E+29		2.813E-04		56		56		18
4.102E+11		8.011E+29		2.454E-04		56		56		18
3.469E+11		6.409E+29		2.076E-04		56		56		18
2.795E+11		4.807E+29		1.673E-04		56		56		18
2.769E+11		4.747E+29		1.657E-04		56		56		18
2.496E+11		4.747E+29		1.494E-04		56		56		20
1.858E+11		3.204E+29		1.113E-04		56		56		20
1.497E+11		2.403E+29		8.971E-05		56		56		20
1.104E+11		1.602E+29		6.619E-05		56		56		20
1.020E+11		1.442E+29		6.117E-05		56		56		20
9.337E+10		1.282E+29		5.600E-05		56		56		20
8.619E+10		1.152E+29		5.170E-05		56		56		20
7.848E+10		1.152E+29		4.708E-05		56		56		22
7.691E+10		1.122E+29		4.614E-05		56		56		22
6.851E+10		9.613E+28		4.110E-05		56		56		22
5.975E+10		8.011E+28		3.585E-05		56		56		22
5.053E+10		6.409E+28		3.033E-05		56		56		22
4.072E+10		4.807E+28		2.445E-05		56		56		22
3.004E+10		3.204E+28		1.804E-05		56		56		22
2.421E+10		2.403E+28		1.455E-05		56		56		22
1.786E+10		1.602E+28		1.074E-05		56		56		22
1.651E+10		1.442E+28		9.921E-06		56		56		22
1.511E+10		1.282E+28		9.083E-06		56		56		22
1.367E+10		1.122E+28		8.219E-06		56		56		22
1.218E+10		9.613E+27		7.323E-06		56		56		22
1.214E+10		9.569E+27		7.298E-06		56		56		22
1.115E+10		9.569E+27		6.701E-06		56		56		24
9.756E+09		8.011E+27		5.866E-06		56		56		24
9.756E+09		8.011E+27		5.866E-06		56		56		24
8.254E+09		6.409E+27		4.964E-06		56		56		24
6.654E+09		4.807E+27		4.003E-06		56		56		24
4.912E+09		3.204E+27		2.956E-06		56		56		24
3.961E+09		2.403E+27		2.384E-06		56		56		24
2.925E+09		1.602E+27		1.761E-06		56		56		24
2.704E+09		1.442E+27		1.627E-06		56		56		24
2.476E+09		1.282E+27		1.490E-06		56		56		24
2.241E+09		1.122E+27		1.349E-06		56		56		24
1.997E+09		9.613E+26		1.202E-06		56		56		24
1.743E+09		8.011E+26		1.050E-06		56		56		24
1.495E+09		6.517E+26		8.999E-07		56		56		24
1.382E+09		6.517E+26		8.320E-07		56		56		26
1.365E+09		6.409E+26		8.217E-07		56		56		26
1.101E+09		4.807E+26		6.632E-07		56		56		26
8.145E+08		3.204E+26		4.905E-07		56		56		26
6.577E+08		2.403E+26		3.961E-07		56		56		26
5.573E+08		1.923E+26		3.357E-07		56		56		26
4.868E+08		1.602E+26		2.932E-07		56		56		26
4.503E+08		1.442E+26		2.712E-07		56		56		26
4.127E+08		1.282E+26		2.486E-07		56		56		26
3.738E+08		1.122E+26		2.252E-07		56		56		26
3.336E+08		9.613E+25		2.010E-07		56		56		26
2.916E+08		8.011E+25		1.757E-07		56		56		26
2.473E+08		6.409E+25		1.490E-07		56		56		26
2.001E+08		4.807E+25		1.206E-07		56		56		26
1.487E+08		3.204E+25		8.957E-08		56		56		26
1.205E+08		2.403E+25		7.259E-08		56		56		26
1.024E+08		1.923E+25		6.169E-08		56		56		26
8.966E+07		1.602E+25		5.404E-08		56		56		26
7.017E+07      1.141E+25      4.226E-08      56.       56.       26.
4.125E+07      5.446E+24      2.484E-08      56.       56.       26.
2.424E+07      2.576E+24      1.460E-08      56.       56.       26.
1.425E+07      1.205E+24      8.583E-09      56.       56.       26.
8.377E+06      5.561E+23      5.045E-09      56.       56.       26.
4.924E+06      2.529E+23      2.966E-09      56.       56.       26.
2.894E+06      1.132E+23      1.743E-09      56.       56.       26.
1.701E+06      4.983E+22      1.025E-09      56.       56.       26.
1.000E+06      2.159E+22      6.023E-10      56.       56.       26.
5.878E+05      9.218E+21      3.540E-10      56.       56.       26.
3.455E+05      3.882E+21      2.081E-10      56.       56.       26.
2.031E+05      1.615E+21      1.223E-10      56.       56.       26.
1.194E+05      6.639E+20      7.190E-11      56.       56.       26.
7.017E+04      2.700E+20      4.226E-11      56.       56.       26.
4.125E+04      1.086E+20      2.484E-11      56.       56.       26.
2.424E+04      4.319E+19      1.460E-11      56.       56.       26.
1.425E+04      1.693E+19      8.583E-12      56.       56.       26.
8.377E+03      6.528E+18      5.045E-12      56.       56.       26.
4.924E+03      2.460E+18      2.966E-12      56.       56.       26.
2.894E+03      8.985E+17      1.743E-12      56.       56.       26.
1.701E+03      3.127E+17      1.025E-12      56.       56.       26.
1.000E+03      1.003E+17      6.023E-13      56.       56.       26.


#CRUST: from "Crust_EOS_Acc_Fe_pycno_HZ2008_3.dat": Fe compressed by accretion.
#       (This one has pycno-nuclear reactions wholly allowed: 
#        the EOS is basically the same when pycno are suppressed
