      6    104    43         Itext Imax Icore

      Akmal, Pandariphande & Ravenhall: A18 + dv + UIX* model (the best one)

     Rho          Press           nbar            Ye            Ymu             Yn              Yp            Yla            Ysm            Ys0            Ysp           mstp            mstn           mstla          mstsm          msts0         mstsp
    g/cm3         dyne/cm2        #/fm3         [A_cell]       [A_ion]          [Z]

   0.11699290E+17  0.82707007E+37  0.25118900E+01  0.76326591E-01  0.66248124E-01  0.85742529E+00  0.14257471E+00  0.00000000E+00  0.00000000E+00  0.00000000E+00  0.00000000E+00  0.10000000E+01  0.10000000E+01  0.00000000E+00  0.00000000E+00  0.00000000E+00  0.00000000E+00
   0.99317963E+16  0.68710829E+37  0.22908700E+01  0.76385391E-01  0.65681160E-01  0.85793345E+00  0.14206655E+00  0.00000000E+00  0.00000000E+00  0.00000000E+00  0.00000000E+00  0.10000000E+01  0.10000000E+01  0.00000000E+00  0.00000000E+00  0.00000000E+00  0.00000000E+00
   0.84449888E+16  0.57030791E+37  0.20893000E+01  0.76427033E-01  0.65061504E-01  0.85851146E+00  0.14148854E+00  0.00000000E+00  0.00000000E+00  0.00000000E+00  0.00000000E+00  0.10000000E+01  0.10000000E+01  0.00000000E+00  0.00000000E+00  0.00000000E+00  0.00000000E+00
   0.71934621E+16  0.47283326E+37  0.19054600E+01  0.76447682E-01  0.64381829E-01  0.85917049E+00  0.14082951E+00  0.00000000E+00  0.00000000E+00  0.00000000E+00  0.00000000E+00  0.10000000E+01  0.10000000E+01  0.00000000E+00  0.00000000E+00  0.00000000E+00  0.00000000E+00
   0.61392268E+16  0.39149117E+37  0.17378000E+01  0.76440327E-01  0.63634480E-01  0.85992519E+00  0.14007481E+00  0.00000000E+00  0.00000000E+00  0.00000000E+00  0.00000000E+00  0.10000000E+01  0.10000000E+01  0.00000000E+00  0.00000000E+00  0.00000000E+00  0.00000000E+00
   0.52505151E+16  0.32361877E+37  0.15848900E+01  0.76398362E-01  0.62811299E-01  0.86079034E+00  0.13920966E+00  0.00000000E+00  0.00000000E+00  0.00000000E+00  0.00000000E+00  0.10000000E+01  0.10000000E+01  0.00000000E+00  0.00000000E+00  0.00000000E+00  0.00000000E+00
   0.45006759E+16  0.26699862E+37  0.14454400E+01  0.76314479E-01  0.61902950E-01  0.86178257E+00  0.13821743E+00  0.00000000E+00  0.00000000E+00  0.00000000E+00  0.00000000E+00  0.10000000E+01  0.10000000E+01  0.00000000E+00  0.00000000E+00  0.00000000E+00  0.00000000E+00
   0.38674251E+16  0.21977858E+37  0.13182600E+01  0.76181482E-01  0.60900733E-01  0.86291779E+00  0.13708221E+00  0.00000000E+00  0.00000000E+00  0.00000000E+00  0.00000000E+00  0.10000000E+01  0.10000000E+01  0.00000000E+00  0.00000000E+00  0.00000000E+00  0.00000000E+00
   0.33321160E+16  0.18041573E+37  0.12022600E+01  0.75993046E-01  0.59797881E-01  0.86420907E+00  0.13579093E+00  0.00000000E+00  0.00000000E+00  0.00000000E+00  0.00000000E+00  0.10000000E+01  0.10000000E+01  0.00000000E+00  0.00000000E+00  0.00000000E+00  0.00000000E+00
   0.28790784E+16  0.14762655E+37  0.10964800E+01  0.75741737E-01  0.58585382E-01  0.86567288E+00  0.13432712E+00  0.00000000E+00  0.00000000E+00  0.00000000E+00  0.00000000E+00  0.10000000E+01  0.10000000E+01  0.00000000E+00  0.00000000E+00  0.00000000E+00  0.00000000E+00
   0.24952096E+16  0.12033756E+37  0.10000000E+01  0.75425100E-01  0.57260900E-01  0.86731400E+00  0.13268600E+00  0.00000000E+00  0.00000000E+00  0.00000000E+00  0.00000000E+00  0.10000000E+01  0.10000000E+01  0.00000000E+00  0.00000000E+00  0.00000000E+00  0.00000000E+00
   0.21694568E+16  0.97656976E+36  0.91201100E+00  0.75040433E-01  0.55818735E-01  0.86914083E+00  0.13085917E+00  0.00000000E+00  0.00000000E+00  0.00000000E+00  0.00000000E+00  0.10000000E+01  0.10000000E+01  0.00000000E+00  0.00000000E+00  0.00000000E+00  0.00000000E+00
   0.18926035E+16  0.78841219E+36  0.83176400E+00  0.74586541E-01  0.54257698E-01  0.87115576E+00  0.12884424E+00  0.00000000E+00  0.00000000E+00  0.00000000E+00  0.00000000E+00  0.10000000E+01  0.10000000E+01  0.00000000E+00  0.00000000E+00  0.00000000E+00  0.00000000E+00
   0.16568646E+16  0.63271039E+36  0.75857800E+00  0.74062654E-01  0.52577059E-01  0.87336029E+00  0.12663971E+00  0.00000000E+00  0.00000000E+00  0.00000000E+00  0.00000000E+00  0.10000000E+01  0.10000000E+01  0.00000000E+00  0.00000000E+00  0.00000000E+00  0.00000000E+00
   0.14557208E+16  0.50429727E+36  0.69183100E+00  0.73466063E-01  0.50773238E-01  0.87576070E+00  0.12423930E+00  0.00000000E+00  0.00000000E+00  0.00000000E+00  0.00000000E+00  0.10000000E+01  0.10000000E+01  0.00000000E+00  0.00000000E+00  0.00000000E+00  0.00000000E+00
   0.12836742E+16  0.39885007E+36  0.63095700E+00  0.72791965E-01  0.48841522E-01  0.87836651E+00  0.12163349E+00  0.00000000E+00  0.00000000E+00  0.00000000E+00  0.00000000E+00  0.10000000E+01  0.10000000E+01  0.00000000E+00  0.00000000E+00  0.00000000E+00  0.00000000E+00
   0.11361005E+16  0.31273983E+36  0.57544000E+00  0.72031141E-01  0.46775163E-01  0.88119370E+00  0.11880630E+00  0.00000000E+00  0.00000000E+00  0.00000000E+00  0.00000000E+00  0.10000000E+01  0.10000000E+01  0.00000000E+00  0.00000000E+00  0.00000000E+00  0.00000000E+00
   0.10091116E+16  0.24290474E+36  0.52480700E+00  0.71171878E-01  0.44565526E-01  0.88426260E+00  0.11573740E+00  0.00000000E+00  0.00000000E+00  0.00000000E+00  0.00000000E+00  0.10000000E+01  0.10000000E+01  0.00000000E+00  0.00000000E+00  0.00000000E+00  0.00000000E+00
   0.89943279E+15  0.18673962E+36  0.47863000E+00  0.70200572E-01  0.42203581E-01  0.88759585E+00  0.11240415E+00  0.00000000E+00  0.00000000E+00  0.00000000E+00  0.00000000E+00  0.10000000E+01  0.10000000E+01  0.00000000E+00  0.00000000E+00  0.00000000E+00  0.00000000E+00
   0.80431861E+15  0.14201549E+36  0.43651600E+00  0.69101705E-01  0.39680332E-01  0.89121796E+00  0.10878204E+00  0.00000000E+00  0.00000000E+00  0.00000000E+00  0.00000000E+00  0.10000000E+01  0.10000000E+01  0.00000000E+00  0.00000000E+00  0.00000000E+00  0.00000000E+00
   0.72146406E+15  0.10681018E+36  0.39810700E+00  0.67882755E-01  0.37008392E-01  0.89510885E+00  0.10489115E+00  0.00000000E+00  0.00000000E+00  0.00000000E+00  0.00000000E+00  0.10000000E+01  0.10000000E+01  0.00000000E+00  0.00000000E+00  0.00000000E+00  0.00000000E+00
   0.64894382E+15  0.79456464E+35  0.36307800E+00  0.66533637E-01  0.34187695E-01  0.89927867E+00  0.10072133E+00  0.00000000E+00  0.00000000E+00  0.00000000E+00  0.00000000E+00  0.10000000E+01  0.10000000E+01  0.00000000E+00  0.00000000E+00  0.00000000E+00  0.00000000E+00
   0.58515168E+15  0.58503693E+35  0.33113100E+00  0.65073340E-01  0.31242922E-01  0.90368374E+00  0.96316262E-01  0.00000000E+00  0.00000000E+00  0.00000000E+00  0.00000000E+00  0.10000000E+01  0.10000000E+01  0.00000000E+00  0.00000000E+00  0.00000000E+00  0.00000000E+00
   0.52876131E+15  0.42693984E+35  0.30199500E+00  0.63525555E-01  0.28205434E-01  0.90826901E+00  0.91730989E-01  0.00000000E+00  0.00000000E+00  0.00000000E+00  0.00000000E+00  0.10000000E+01  0.10000000E+01  0.00000000E+00  0.00000000E+00  0.00000000E+00  0.00000000E+00
   0.47866922E+15  0.30945212E+35  0.27542300E+00  0.61919302E-01  0.25110103E-01  0.91297059E+00  0.87029406E-01  0.00000000E+00  0.00000000E+00  0.00000000E+00  0.00000000E+00  0.10000000E+01  0.10000000E+01  0.00000000E+00  0.00000000E+00  0.00000000E+00  0.00000000E+00
   0.43397159E+15  0.22341237E+35  0.25118900E+00  0.60281700E-01  0.21992603E-01  0.91772570E+00  0.82274303E-01  0.00000000E+00  0.00000000E+00  0.00000000E+00  0.00000000E+00  0.10000000E+01  0.10000000E+01  0.00000000E+00  0.00000000E+00  0.00000000E+00  0.00000000E+00
   0.39392501E+15  0.16123099E+35  0.22908700E+00  0.58633620E-01  0.18884965E-01  0.92248142E+00  0.77518585E-01  0.00000000E+00  0.00000000E+00  0.00000000E+00  0.00000000E+00  0.10000000E+01  0.10000000E+01  0.00000000E+00  0.00000000E+00  0.00000000E+00  0.00000000E+00
   0.35791982E+15  0.11677507E+35  0.20893000E+00  0.56983200E-01  0.15814388E-01  0.92720241E+00  0.72797588E-01  0.00000000E+00  0.00000000E+00  0.00000000E+00  0.00000000E+00  0.10000000E+01  0.10000000E+01  0.00000000E+00  0.00000000E+00  0.00000000E+00  0.00000000E+00
   0.32544794E+15  0.85232555E+34  0.19054600E+00  0.55327323E-01  0.12805307E-01  0.93186737E+00  0.68132629E-01  0.00000000E+00  0.00000000E+00  0.00000000E+00  0.00000000E+00  0.10000000E+01  0.10000000E+01  0.00000000E+00  0.00000000E+00  0.00000000E+00  0.00000000E+00
   0.29609578E+15  0.62929610E+34  0.17378000E+00  0.53650708E-01  0.98842214E-02  0.93646507E+00  0.63534929E-01  0.00000000E+00  0.00000000E+00  0.00000000E+00  0.00000000E+00  0.10000000E+01  0.10000000E+01  0.00000000E+00  0.00000000E+00  0.00000000E+00  0.00000000E+00
   0.26950859E+15  0.47136725E+34  0.15848900E+00  0.51928904E-01  0.70895772E-02  0.94098152E+00  0.59018481E-01  0.00000000E+00  0.00000000E+00  0.00000000E+00  0.00000000E+00  0.10000000E+01  0.10000000E+01  0.00000000E+00  0.00000000E+00  0.00000000E+00  0.00000000E+00
   0.24539401E+15  0.35883192E+34  0.14454400E+00  0.50067938E-01  0.44567052E-02  0.94547536E+00  0.54524643E-01  0.00000000E+00  0.00000000E+00  0.00000000E+00  0.00000000E+00  0.10000000E+01  0.10000000E+01  0.00000000E+00  0.00000000E+00  0.00000000E+00  0.00000000E+00
   0.22349176E+15  0.27736646E+34  0.13182600E+00  0.48212113E-01  0.21807534E-02  0.94960713E+00  0.50392866E-01  0.00000000E+00  0.00000000E+00  0.00000000E+00  0.00000000E+00  0.10000000E+01  0.10000000E+01  0.00000000E+00  0.00000000E+00  0.00000000E+00  0.00000000E+00
   0.20358613E+15  0.21731761E+34  0.12022600E+00  0.46108662E-01  0.42029178E-03  0.95347105E+00  0.46528954E-01  0.00000000E+00  0.00000000E+00  0.00000000E+00  0.00000000E+00  0.10000000E+01  0.10000000E+01  0.00000000E+00  0.00000000E+00  0.00000000E+00  0.00000000E+00
   0.18548459E+15  0.17127358E+34  0.10964800E+00  0.43624416E-01  0.00000000E+00  0.95637558E+00  0.43624416E-01  0.00000000E+00  0.00000000E+00  0.00000000E+00  0.00000000E+00  0.10000000E+01  0.10000000E+01  0.00000000E+00  0.00000000E+00  0.00000000E+00  0.00000000E+00
   0.16901440E+15  0.13588787E+34  0.10000000E+00  0.41032800E-01  0.00000000E+00  0.95896720E+00  0.41032800E-01  0.00000000E+00  0.00000000E+00  0.00000000E+00  0.00000000E+00  0.10000000E+01  0.10000000E+01  0.00000000E+00  0.00000000E+00  0.00000000E+00  0.00000000E+00
   0.15402404E+15  0.10853191E+34  0.91201100E-01  0.38453593E-01  0.00000000E+00  0.96154641E+00  0.38453593E-01  0.00000000E+00  0.00000000E+00  0.00000000E+00  0.00000000E+00  0.10000000E+01  0.10000000E+01  0.00000000E+00  0.00000000E+00  0.00000000E+00  0.00000000E+00
   0.14037640E+15  0.87106168E+33  0.83176400E-01  0.35898644E-01  0.00000000E+00  0.96410136E+00  0.35898644E-01  0.00000000E+00  0.00000000E+00  0.00000000E+00  0.00000000E+00  0.10000000E+01  0.10000000E+01  0.00000000E+00  0.00000000E+00  0.00000000E+00  0.00000000E+00
   0.12794830E+15  0.70163704E+33  0.75857800E-01  0.33381801E-01  0.00000000E+00  0.96661820E+00  0.33381801E-01  0.00000000E+00  0.00000000E+00  0.00000000E+00  0.00000000E+00  0.10000000E+01  0.10000000E+01  0.00000000E+00  0.00000000E+00  0.00000000E+00  0.00000000E+00
   0.11662852E+15  0.56682633E+33  0.69183100E-01  0.30918823E-01  0.00000000E+00  0.96908118E+00  0.30918823E-01  0.00000000E+00  0.00000000E+00  0.00000000E+00  0.00000000E+00  0.10000000E+01  0.10000000E+01  0.00000000E+00  0.00000000E+00  0.00000000E+00  0.00000000E+00
   0.10631542E+15  0.46205847E+33  0.63095700E-01  0.28681352E-01  0.00000000E+00  0.97131865E+00  0.28681352E-01  0.00000000E+00  0.00000000E+00  0.00000000E+00  0.00000000E+00  0.10000000E+01  0.10000000E+01  0.00000000E+00  0.00000000E+00  0.00000000E+00  0.00000000E+00
   0.96919519E+14  0.39252939E+33  0.57544000E-01  0.27517552E-01  0.00000000E+00  0.97248245E+00  0.27517552E-01  0.00000000E+00  0.00000000E+00  0.00000000E+00  0.00000000E+00  0.10000000E+01  0.10000000E+01  0.00000000E+00  0.00000000E+00  0.00000000E+00  0.00000000E+00
   0.88356141E+14  0.32384788E+33  0.52480700E-01  0.26536422E-01  0.00000000E+00  0.97346358E+00  0.26536422E-01  0.00000000E+00  0.00000000E+00  0.00000000E+00  0.00000000E+00  0.10000000E+01  0.10000000E+01  0.00000000E+00  0.00000000E+00  0.00000000E+00  0.00000000E+00
   8.011E+13        2.745E+32        4.750E-02	    1500     183     40
   3.432E+13        7.426E+31        2.040E-02	    1800     193     50
   1.496E+13        2.096E+31        8.910E-03	    1350     164     50 
   9.685E+12        1.107E+31        5.770E-03	    1100     161     50 
   6.257E+12        6.193E+30        3.730E-03	     950     159     50 
   2.665E+12        2.637E+30        1.590E-03	     500     117     40
   1.472E+12        1.695E+30        8.790E-04       320     116     40 
   1.004E+12        1.261E+30        6.000E-04	     250     116     40 
   6.692E+11        8.740E+29        4.000E-04	     200     116     40 
   5.409E+11        7.000E+29        3.234E-04	     180     116     40
   3.935e+11        6.999e+29        2.355e-04       130     130     40
   3.285e+11        5.816e+29        1.966e-04        88      88     28
   2.635e+11        4.473e+29        1.578e-04        86      86     28
   2.044e+11        3.290e+29        1.224e-04        84      84     28
   1.855e+11        2.892e+29       1.1115e-04        84      84     28
   1.711e+11        2.597e+29        1.025e-04        84      84     28
   1.390e+11        2.033e+29        8.331e-05        82      82     28
   1.076e+11        1.495e+29        6.455e-05        80      80     28
   8.335e+10        1.100e+29       5.0014e-05        78      78     28
   6.617e+10        8.089e+28        3.971e-05        78      78     28
   5.255e+10        5.949e+28       3.1545e-05        78      78     28
   4.172e+10        4.628e+28        2.506e-05        80      80     30
   3.314e+10        3.404e+28        1.990e-05        80      80     30
   2.631e+10        2.503e+28        1.581e-05        80      80     30
  2.1175e+10        1.938e+28       1.2725e-05        78      78     30
   1.660e+10        1.425e+28        9.981e-06        72      72     28
   1.273e+10        1.048e+28        7.653e-06        84      84     34
   1.011e+10        7.702e+27        6.077e-06        84      84     34
   8.025e+09        5.662e+27        4.827e-06        84      84     34
   6.602e+09        4.362e+27        3.971e-06        84      84     34
   4.074e+09        2.356e+27        2.452e-06        68      68     28
   2.570e+09        1.272e+27        1.547e-06        68      68     28
   1.621e+09        6.860e+26        9.761e-07        68      68     28
   1.288e+09        5.036e+26        7.753e-07        68      68     28
   1.045e+09        4.129e+26        6.294e-07        64      64     28
   8.301e+08        3.029e+26        5.000e-07        64      64     28
   5.237e+08        1.629e+26        3.155e-07        64      64     28
   3.304e+08        8.738e+25        1.990e-07        64      64     28
   2.624e+08        6.676e+25        1.581e-07        64      62     28
   1.315e+08        2.604e+25        7.924e-08        62      62     28
   6.589e+07        1.006e+25        3.972e-08        62      62     28
   3.302e+07        3.833e+24        1.990e-08        62      62     28
   1.655e+07        1.435e+24        9.976e-09        62      62     28
   8.293e+06        5.259e+23        5.000e-09        62      62     28
   6.588e+06        3.911e+23        3.972e-09        56      56     26
   2.622e+06        9.755e+22        1.581e-09        56      56     26
   1.044e+06        2.318e+22        6.294e-10        56      56     26
   4.156e+05        5.266e+21        2.506e-10        56      56     26
   1.654e+05        1.151e+21        9.976e-11        56      56     26
   6.587E+04        2.431E+20        3.972E-11        56      56     26
   2.622E+04        4.968E+19        1.581E-11        56      56     26
   1.044E+04        9.744E+18        6.295E-12        56      56     26
   1.150E+03        1.900E+17        6.930E-13        56      56     26
   2.120E+02        5.820E+15        1.270E-13        56      56     26
   4.510E+01        1.700E+14        2.720E-14        56      56     26
   1.640E+01        1.400E+13        9.900E-15        56      56     26
   1.160E+01        1.210E+12        6.990E-15        56      56     26
   8.150E+00        1.010E+11        4.910E-15        56      56     26
   7.900E+00        1.010E+10        4.760E-15        56      56     26
   7.860E+00        1.010E+09        4.730E-15        56      56     26
   7.800E+00        1.010E+08        4.700E-15        56      56     26



#CRUST: from "Crust_EOS_Cat_HZD-NV.dat":
#             Haensel-Zdunik-Dobaczewski below neutron drip
#             Negele-Vautherin above neutron drip
