#mu_b [MeV]	pr[MeV/fm3]	e[MeV/fm3]	n_b[1/fm3]	n_n[1/fm3]	n_p[1/fm3]	m_n/M_n	 m_p/M_n	n_e[1/fm3]	n_mu[1/fm3]	n_u[1/fm3]	n_d[1/fm3]	n_s[1/fm3]	mu_e [MeV]	Y_p
929.963	9.13352e-10	9.29872e-06	1e-08	5.63041e-09	4.36959e-09	1	1	4.36959e-09	0	0	0	0	1.1089	0.436959
929.974	1.03251e-09	1.01959e-05	1.09648e-08	6.17529e-09	4.78949e-09	1	1	4.78949e-09	0	0	0	0	1.1362	0.436807
929.986	1.16788e-09	1.11797e-05	1.20226e-08	6.77299e-09	5.24966e-09	1	1	5.24966e-09	0	0	0	0	1.16451	0.436647
929.997	1.32166e-09	1.22584e-05	1.31826e-08	7.42863e-09	5.75393e-09	1	1	5.75393e-09	0	0	0	0	1.19387	0.43648
930.01	1.50072e-09	1.34412e-05	1.44544e-08	8.14784e-09	6.30656e-09	1	1	6.30656e-09	0	0	0	0	1.2243	0.436307
930.022	1.69974e-09	1.47382e-05	1.58489e-08	8.93681e-09	6.91212e-09	1	1	6.91212e-09	0	0	0	0	1.25584	0.436125
930.036	1.9256e-09	1.61602e-05	1.7378e-08	9.80232e-09	7.57569e-09	1	1	7.57569e-09	0	0	0	0	1.28851	0.435935
930.049	2.18193e-09	1.77195e-05	1.90546e-08	1.07518e-08	8.30281e-09	1	1	8.30281e-09	0	0	0	0	1.32235	0.435738
930.064	2.47278e-09	1.94293e-05	2.0893e-08	1.17934e-08	9.09956e-09	1	1	9.09956e-09	0	0	0	0	1.35739	0.435532
930.079	2.80277e-09	2.13041e-05	2.29087e-08	1.29361e-08	9.97258e-09	1	1	9.97258e-09	0	0	0	0	1.39366	0.435319
930.094	3.17712e-09	2.33597e-05	2.51189e-08	1.41897e-08	1.09291e-08	1	1	1.09291e-08	0	0	0	0	1.4312	0.435097
930.11	3.6017e-09	2.56138e-05	2.75423e-08	1.55651e-08	1.19772e-08	1	1	1.19772e-08	0	0	0	0	1.47005	0.434866
930.126	4.08306e-09	2.80853e-05	3.01995e-08	1.7074e-08	1.31255e-08	1	1	1.31255e-08	0	0	0	0	1.51023	0.434627
930.143	4.61837e-09	3.07953e-05	3.31131e-08	1.87295e-08	1.43836e-08	1	1	1.43836e-08	0	0	0	0	1.55179	0.434378
930.161	5.23683e-09	3.37669e-05	3.63078e-08	2.05458e-08	1.5762e-08	1	1	1.5762e-08	0	0	0	0	1.59478	0.434122
930.18	5.93818e-09	3.70252e-05	3.98107e-08	2.25386e-08	1.72721e-08	1	1	1.72721e-08	0	0	0	0	1.63921	0.433856
930.199	6.73346e-09	4.05979e-05	4.36516e-08	2.47251e-08	1.89265e-08	1	1	1.89265e-08	0	0	0	0	1.68515	0.433581
930.218	7.63518e-09	4.45154e-05	4.7863e-08	2.71242e-08	2.07389e-08	1	1	2.07389e-08	0	0	0	0	1.73263	0.433296
930.239	8.65755e-09	4.8811e-05	5.24807e-08	2.97565e-08	2.27243e-08	1	1	2.27243e-08	0	0	0	0	1.78169	0.433002
930.26	9.81665e-09	5.3521e-05	5.7544e-08	3.26449e-08	2.48991e-08	1	1	2.48991e-08	0	0	0	0	1.83239	0.432697
930.281	1.11282e-08	5.86857e-05	6.30957e-08	3.58142e-08	2.72815e-08	1	1	2.72815e-08	0	0	0	0	1.88475	0.432383
930.304	1.261e-08	6.43487e-05	6.91831e-08	3.92921e-08	2.9891e-08	1	1	2.9891e-08	0	0	0	0	1.93884	0.432057
930.327	1.42858e-08	7.05582e-05	7.58578e-08	4.31085e-08	3.27493e-08	1	1	3.27493e-08	0	0	0	0	1.99471	0.43172
930.351	1.61818e-08	7.7367e-05	8.31764e-08	4.72965e-08	3.58799e-08	1	1	3.58799e-08	0	0	0	0	2.05239	0.431371
930.375	1.83268e-08	8.48329e-05	9.12011e-08	5.18924e-08	3.93087e-08	1	1	3.93087e-08	0	0	0	0	2.11195	0.431012
930.401	2.07539e-08	9.30193e-05	1e-07	5.6936e-08	4.3064e-08	1	1	4.3064e-08	0	0	0	0	2.17343	0.43064
930.427	2.35004e-08	0.000101996	1.09648e-07	6.24711e-08	4.71767e-08	1	1	4.71767e-08	0	0	0	0	2.2369	0.430257
930.454	2.66085e-08	0.000111839	1.20226e-07	6.85457e-08	5.16807e-08	1	1	5.16807e-08	0	0	0	0	2.30241	0.429862
930.482	3.0126e-08	0.000122631	1.31826e-07	7.52127e-08	5.6613e-08	1	1	5.6613e-08	0	0	0	0	2.37002	0.429454
930.511	3.41073e-08	0.000134466	1.44544e-07	8.25298e-08	6.20141e-08	1	1	6.20141e-08	0	0	0	0	2.43978	0.429033
930.541	3.86125e-08	0.000147442	1.58489e-07	9.05609e-08	6.79284e-08	1	1	6.79284e-08	0	0	0	0	2.51176	0.428599
930.571	4.3702e-08	0.000161671	1.7378e-07	9.9376e-08	7.44041e-08	1	1	7.44041e-08	0	0	0	0	2.58602	0.428151
930.603	4.94563e-08	0.000177273	1.90546e-07	1.09052e-07	8.14943e-08	1	1	8.14943e-08	0	0	0	0	2.66263	0.427688
930.636	5.59648e-08	0.000194381	2.0893e-07	1.19673e-07	8.9257e-08	1	1	8.9257e-08	0	0	0	0	2.74166	0.427211
930.669	6.33283e-08	0.000213141	2.29087e-07	1.31331e-07	9.77557e-08	1	1	9.77557e-08	0	0	0	0	2.82316	0.426719
930.704	7.16466e-08	0.000233711	2.51189e-07	1.44129e-07	1.0706e-07	1	1	1.0706e-07	0	0	0	0	2.90723	0.426213
930.74	8.10333e-08	0.000256266	2.75423e-07	1.58178e-07	1.17245e-07	1	1	1.17245e-07	0	0	0	0	2.99392	0.425691
930.776	9.16384e-08	0.000280998	3.01995e-07	1.73601e-07	1.28395e-07	1	1	1.28395e-07	0	0	0	0	3.08331	0.425154
930.814	1.03599e-07	0.000308118	3.31131e-07	1.90533e-07	1.40599e-07	1	1	1.40599e-07	0	0	0	0	3.17549	0.424601
930.853	1.17062e-07	0.000337855	3.63078e-07	2.09122e-07	1.53956e-07	1	1	1.53956e-07	0	0	0	0	3.27052	0.424029
930.893	1.32243e-07	0.000370463	3.98107e-07	2.29532e-07	1.68575e-07	1	1	1.68575e-07	0	0	0	0	3.36849	0.423441
930.934	1.49373e-07	0.000406218	4.36516e-07	2.51942e-07	1.84574e-07	1	1	1.84574e-07	0	0	0	0	3.46949	0.422834
930.976	1.68711e-07	0.000445424	4.7863e-07	2.76548e-07	2.02082e-07	1	1	2.02082e-07	0	0	0	0	3.5736	0.42221
931.019	1.90549e-07	0.000488415	5.24807e-07	3.03566e-07	2.21242e-07	1	1	2.21242e-07	0	0	0	0	3.6809	0.421567
931.064	2.15197e-07	0.000535556	5.7544e-07	3.33234e-07	2.42206e-07	1	1	2.42206e-07	0	0	0	0	3.7915	0.420905
931.11	2.42986e-07	0.000587248	6.30957e-07	3.65815e-07	2.65142e-07	1	1	2.65142e-07	0	0	0	0	3.90548	0.420222
931.158	2.74358e-07	0.000643929	6.91831e-07	4.01595e-07	2.90236e-07	1	1	2.90236e-07	0	0	0	0	4.02293	0.419518
931.207	3.09796e-07	0.000706083	7.58578e-07	4.4089e-07	3.17688e-07	1	1	3.17688e-07	0	0	0	0	4.14396	0.418794
931.257	3.49846e-07	0.000774236	8.31764e-07	4.84046e-07	3.47718e-07	1	1	3.47718e-07	0	0	0	0	4.26867	0.418049
931.309	3.9497e-07	0.000848969	9.12011e-07	5.31444e-07	3.80567e-07	1	1	3.80567e-07	0	0	0	0	4.39716	0.417283
931.362	4.45687e-07	0.000930916	1e-06	5.83506e-07	4.16494e-07	1	1	4.16494e-07	0	0	0	0	4.52954	0.416494
931.416	5.0284e-07	0.00102077	1.09648e-06	6.40692e-07	4.55786e-07	1	1	4.55786e-07	0	0	0	0	4.66592	0.415682
931.472	5.67313e-07	0.00111931	1.20226e-06	7.03509e-07	4.98756e-07	1	1	4.98756e-07	0	0	0	0	4.80641	0.414847
931.53	6.40083e-07	0.00122736	1.31826e-06	7.72513e-07	5.45744e-07	1	1	5.45744e-07	0	0	0	0	4.95112	0.413989
931.589	7.22083e-07	0.00134583	1.44544e-06	8.48323e-07	5.97117e-07	1	1	5.97117e-07	0	0	0	0	5.10017	0.413104
931.65	8.1462e-07	0.00147575	1.58489e-06	9.31611e-07	6.53283e-07	1	1	6.53283e-07	0	0	0	0	5.25367	0.412193
931.713	9.19156e-07	0.00161821	1.7378e-06	1.02312e-06	7.14683e-07	1	1	7.14683e-07	0	0	0	0	5.41177	0.411257
931.778	1.03719e-06	0.00177443	1.90546e-06	1.12366e-06	7.818e-07	1	1	7.818e-07	0	0	0	0	5.57457	0.410295
931.844	1.16963e-06	0.00194573	2.0893e-06	1.23414e-06	8.55154e-07	1	1	8.55154e-07	0	0	0	0	5.74221	0.409302
931.912	1.31828e-06	0.00213357	2.29087e-06	1.35555e-06	9.35322e-07	1	1	9.35322e-07	0	0	0	0	5.91483	0.408283
931.982	1.48562e-06	0.00233955	2.51189e-06	1.48896e-06	1.02293e-06	1	1	1.02293e-06	0	0	0	0	6.09255	0.407235
932.053	1.67381e-06	0.00256541	2.75423e-06	1.63558e-06	1.11865e-06	1	1	1.11865e-06	0	0	0	0	6.27552	0.406156
932.126	1.8858e-06	0.00281309	3.01995e-06	1.79673e-06	1.22322e-06	1	1	1.22322e-06	0	0	0	0	6.46387	0.405046
932.202	2.12495e-06	0.00308469	3.31131e-06	1.97385e-06	1.33746e-06	1	1	1.33746e-06	0	0	0	0	6.65776	0.403906
932.279	2.39368e-06	0.00338251	3.63078e-06	2.16855e-06	1.46223e-06	1	1	1.46223e-06	0	0	0	0	6.85731	0.40273
932.359	2.69712e-06	0.00370909	3.98107e-06	2.38257e-06	1.5985e-06	1	1	1.5985e-06	0	0	0	0	7.06271	0.401524
932.44	3.03742e-06	0.00406721	4.36516e-06	2.61785e-06	1.74731e-06	1	1	1.74731e-06	0	0	0	0	7.27411	0.400286
932.523	3.41951e-06	0.00445992	4.7863e-06	2.87651e-06	1.90979e-06	1	1	1.90979e-06	0	0	0	0	7.49164	0.399012
932.609	3.84933e-06	0.00489055	5.24807e-06	3.16091e-06	2.08717e-06	1	1	2.08717e-06	0	0	0	0	7.71548	0.397702
932.697	4.33431e-06	0.00536278	5.7544e-06	3.47361e-06	2.28079e-06	1	1	2.28079e-06	0	0	0	0	7.94579	0.396356
932.788	4.88041e-06	0.00588061	6.30957e-06	3.81747e-06	2.4921e-06	1	1	2.4921e-06	0	0	0	0	8.18274	0.394972
932.88	5.49311e-06	0.00644846	6.91831e-06	4.19561e-06	2.7227e-06	1	1	2.7227e-06	0	0	0	0	8.4265	0.39355
932.975	6.17931e-06	0.00707116	7.58578e-06	4.61148e-06	2.9743e-06	1	1	2.9743e-06	0	0	0	0	8.67724	0.392089
933.072	6.95016e-06	0.007754	8.31764e-06	5.06887e-06	3.24877e-06	1	1	3.24877e-06	0	0	0	0	8.93515	0.390588
933.171	7.81513e-06	0.0085028	9.12011e-06	5.572e-06	3.54811e-06	1	1	3.54811e-06	0	0	0	0	9.20037	0.389043
933.272	8.79111e-06	0.00932393	1e-05	6.12543e-06	3.87457e-06	1	1	3.87457e-06	0	0	0	0	9.47313	0.387457
933.377	9.88384e-06	0.0102244	1.09648e-05	6.73426e-06	4.23052e-06	1	1	4.23052e-06	0	0	0	0	9.7536	0.385828
933.483	1.11062e-05	0.0112118	1.20226e-05	7.40409e-06	4.61855e-06	1	1	4.61855e-06	0	0	0	0	10.042	0.384154
933.592	1.24837e-05	0.0122947	1.31826e-05	8.14105e-06	5.04151e-06	1	1	5.04151e-06	0	0	0	0	10.3384	0.382438
933.704	1.40339e-05	0.0134821	1.44544e-05	8.952e-06	5.5024e-06	1	1	5.5024e-06	0	0	0	0	10.6432	0.380673
933.819	1.57697e-05	0.0147843	1.58489e-05	9.84439e-06	6.00455e-06	1	1	6.00455e-06	0	0	0	0	10.9564	0.378861
933.935	1.77065e-05	0.0162122	1.7378e-05	1.08265e-05	6.55151e-06	1	1	6.55151e-06	0	0	0	0	11.2783	0.377
934.054	1.98783e-05	0.0177782	1.90546e-05	1.19075e-05	7.14712e-06	1	1	7.14712e-06	0	0	0	0	11.6091	0.375086
934.176	2.23231e-05	0.0194954	2.0893e-05	1.30973e-05	7.79562e-06	1	1	7.79562e-06	0	0	0	0	11.9489	0.373122
934.301	2.50524e-05	0.0213785	2.29087e-05	1.44071e-05	8.50157e-06	1	1	8.50157e-06	0	0	0	0	12.2981	0.371107
934.428	2.8107e-05	0.0234437	2.51189e-05	1.58491e-05	9.2698e-06	1	1	9.2698e-06	0	0	0	0	12.6567	0.369037
934.559	3.15455e-05	0.0257083	2.75423e-05	1.74367e-05	1.01056e-05	1	1	1.01056e-05	0	0	0	0	13.025	0.366913
934.691	3.53818e-05	0.0281918	3.01995e-05	1.91848e-05	1.10147e-05	1	1	1.10147e-05	0	0	0	0	13.4033	0.364731
934.826	3.96593e-05	0.0309154	3.31131e-05	2.11099e-05	1.20032e-05	1	1	1.20032e-05	0	0	0	0	13.7916	0.362491
934.964	4.44596e-05	0.033902	3.63078e-05	2.32301e-05	1.30777e-05	1	1	1.30777e-05	0	0	0	0	14.1902	0.360189
935.105	4.98182e-05	0.0371774	3.98107e-05	2.55653e-05	1.42454e-05	1	1	1.42454e-05	0	0	0	0	14.5994	0.357828
935.249	5.58026e-05	0.0407693	4.36516e-05	2.81376e-05	1.5514e-05	1	1	1.5514e-05	0	0	0	0	15.0193	0.355404
935.395	6.25254e-05	0.0447083	4.7863e-05	3.09714e-05	1.68916e-05	1	1	1.68916e-05	0	0	0	0	15.4501	0.352917
935.544	6.99817e-05	0.0490281	5.24807e-05	3.40935e-05	1.83872e-05	1	1	1.83872e-05	0	0	0	0	15.8921	0.350362
935.695	7.83048e-05	0.0537653	5.7544e-05	3.7534e-05	2.001e-05	1	1	2.001e-05	0	0	0	0	16.3452	0.347735
935.849	8.76156e-05	0.0589605	6.30957e-05	4.13251e-05	2.17707e-05	1	1	2.17707e-05	0	0	0	0	16.81	0.345042
936.006	9.79802e-05	0.0646578	6.91831e-05	4.55034e-05	2.36797e-05	1	1	2.36797e-05	0	0	0	0	17.2864	0.342276
936.166	0.00010957	0.0709059	7.58578e-05	5.0109e-05	2.57488e-05	1	1	2.57488e-05	0	0	0	0	17.7746	0.339435
936.327	0.000122402	0.0777579	8.31764e-05	5.51863e-05	2.79901e-05	1	1	2.79901e-05	0	0	0	0	18.2748	0.336515
936.491	0.000136742	0.0852723	9.12011e-05	6.07841e-05	3.0417e-05	1	1	3.0417e-05	0	0	0	0	18.7872	0.333515
936.658	0.000152641	0.0935131	0.0001	6.69567e-05	3.30433e-05	1	1	3.30433e-05	0	0	0	0	19.3118	0.330433
936.827	0.000170411	0.102551	0.000109648	7.37638e-05	3.5884e-05	1	1	3.5884e-05	0	0	0	0	19.8488	0.327266
936.998	0.000190022	0.112462	0.000120226	8.12722e-05	3.89542e-05	1	1	3.89542e-05	0	0	0	0	20.3982	0.324007
937.171	0.000211862	0.123331	0.000131826	8.95554e-05	4.22703e-05	1	1	4.22703e-05	0	0	0	0	20.9601	0.320653
937.346	0.000236045	0.135252	0.000144544	9.86946e-05	4.58494e-05	1	1	4.58494e-05	0	0	0	0	21.5346	0.3172
937.523	0.000262879	0.148325	0.000158489	0.00010878	4.97089e-05	1	1	4.97089e-05	0	0	0	0	22.1215	0.313642
937.702	0.000292507	0.162661	0.00017378	0.000119914	5.38664e-05	1	1	5.38664e-05	0	0	0	0	22.7206	0.309969
937.881	0.000325201	0.178384	0.000190546	0.000132207	5.83394e-05	1	1	5.83394e-05	0	0	0	0	23.3318	0.30617
938.065	0.000361772	0.195628	0.00020893	0.000145791	6.31383e-05	1	1	6.31383e-05	0	0	0	0	23.9533	0.302199
938.273	0.000407666	0.214538	0.000229087	0.000160933	6.81537e-05	1	1	6.81537e-05	0	0	0	0	24.5618	0.297502
938.365	0.000429922	0.235277	0.000251189	0.000180283	7.09053e-05	1	1	7.09053e-05	0	0	0	0	24.8877	0.282279
938.433	0.000448063	0.258018	0.000275423	0.000202232	7.31908e-05	1	1	7.31908e-05	0	0	0	0	25.1537	0.26574
938.495	0.000466237	0.282955	0.000301995	0.000226615	7.53805e-05	1	1	7.53805e-05	0	0	0	0	25.4039	0.249608
938.555	0.000485378	0.310299	0.000331131	0.000253585	7.75459e-05	1	1	7.75459e-05	0	0	0	0	25.6466	0.234185
938.614	0.000506023	0.340284	0.000363078	0.000283356	7.97217e-05	1	1	7.97217e-05	0	0	0	0	25.886	0.219572
938.674	0.000528647	0.373164	0.000398107	0.000316177	8.19305e-05	1	1	8.19305e-05	0	0	0	0	26.1246	0.2058
938.734	0.000553656	0.409219	0.000436516	0.000352327	8.41888e-05	1	1	8.41888e-05	0	0	0	0	26.3639	0.192865
938.795	0.000581503	0.448754	0.00047863	0.000392119	8.65106e-05	1	1	8.65106e-05	0	0	0	0	26.6054	0.180746
938.857	0.000612679	0.492107	0.000524807	0.000435898	8.89095e-05	1	1	8.89095e-05	0	0	0	0	26.8502	0.169414
938.922	0.000647698	0.539645	0.00057544	0.000484042	9.13977e-05	1	1	9.13977e-05	0	0	0	0	27.0993	0.158831
938.987	0.00068713	0.591774	0.000630957	0.00053697	9.39875e-05	1	1	9.39875e-05	0	0	0	0	27.3536	0.14896
939.055	0.000731646	0.648936	0.000691831	0.000595141	9.669e-05	1	1	9.669e-05	0	0	0	0	27.6139	0.13976
939.125	0.000782001	0.711617	0.000758578	0.000659059	9.95186e-05	1	1	9.95186e-05	0	0	0	0	27.8811	0.131191
939.197	0.000838981	0.780351	0.000831764	0.000729281	0.000102482	1	1	0.000102482	0	0	0	0	28.1555	0.123211
939.271	0.000903522	0.855722	0.000912011	0.000806409	0.000105602	1	1	0.000105602	0	0	0	0	28.4384	0.11579
939.348	0.000976644	0.938372	0.001	0.000891106	0.000108894	1	1	0.000108894	0	0	0	0	28.7309	0.108894
939.428	0.00105959	1.029	0.00109648	0.00098411	0.000112368	1	1	0.000112368	0	0	0	0	29.0332	0.102481
939.51	0.00115365	1.12839	0.00120226	0.00108623	0.000116034	1	1	0.000116034	0	0	0	0	29.3454	0.0965132
939.595	0.00126026	1.23737	0.00131826	0.00119833	0.00011993	1	1	0.00011993	0	0	0	0	29.6699	0.090976
939.683	0.00138115	1.35687	0.00144544	0.00132139	0.000124052	1	1	0.000124052	0	0	0	0	30.0056	0.0858227
939.773	0.00151812	1.48792	0.00158489	0.00145646	0.000128433	1	1	0.000128433	0	0	0	0	30.3544	0.0810355
939.867	0.00167346	1.63163	0.0017378	0.00160471	0.000133092	1	1	0.000133092	0	0	0	0	30.7166	0.0765862
939.964	0.00184938	1.78921	0.00190546	0.00176742	0.000138044	1	1	0.000138044	0	0	0	0	31.0925	0.0724465
940.064	0.00204838	1.96202	0.0020893	0.00194597	0.000143324	1	1	0.000143324	0	0	0	0	31.4836	0.0685992
940.167	0.00227352	2.15152	0.00229087	0.00214192	0.000148944	1	1	0.000148944	0	0	0	0	31.8895	0.0650164
940.273	0.00252824	2.35933	0.00251189	0.00235694	0.000154948	1	1	0.000154948	0	0	0	0	32.312	0.0616859
940.382	0.00281596	2.58721	0.00275423	0.00259288	0.000161352	1	1	0.000161352	0	0	0	0	32.751	0.0585834
940.495	0.00314075	2.83711	0.00301995	0.00285177	0.000168179	1	1	0.000168179	0	0	0	0	33.2065	0.0556893
940.611	0.00350731	3.11115	0.00331131	0.00313582	0.000175491	1	1	0.000175491	0	0	0	0	33.6811	0.0529974
940.73	0.00392066	3.41166	0.00363078	0.00344749	0.00018329	1	1	0.00018329	0	0	0	0	34.1732	0.0504823
940.852	0.00438625	3.74121	0.00398107	0.00378943	0.000191637	1	1	0.000191637	0	0	0	0	34.6849	0.0481371
940.978	0.00491043	4.10261	0.00436516	0.00416461	0.000200552	1	1	0.000200552	0	0	0	0	35.2156	0.0459439
941.107	0.00550037	4.49892	0.0047863	0.00457622	0.000210085	1	1	0.000210085	0	0	0	0	35.7663	0.0438929
941.239	0.00616372	4.93353	0.00524807	0.00502778	0.000220291	1	1	0.000220291	0	0	0	0	36.3381	0.0419757
941.375	0.00690963	5.41014	0.0057544	0.0055232	0.0002312	1	1	0.0002312	0	0	0	0	36.9305	0.040178
941.514	0.00774795	5.9328	0.00630957	0.00606669	0.000242887	1	1	0.000242887	0	0	0	0	37.5453	0.038495
941.657	0.00869056	6.50598	0.00691831	0.00666292	0.000255389	1	1	0.000255389	0	0	0	0	38.1821	0.0369149
941.803	0.00975068	7.13456	0.00758578	0.00731698	0.000268793	1	1	0.000268793	0	0	0	0	38.8427	0.0354338
941.953	0.0109441	7.82388	0.00831764	0.00803448	0.00028316	1	1	0.00028316	0	0	0	0	39.5275	0.0340433
942.108	0.0122894	8.57983	0.00912011	0.00882152	0.000298588	1	1	0.000298588	0	0	0	0	40.2381	0.0327396
942.267	0.013809	9.40886	0.01	0.00968482	0.00031518	1	1	0.00031518	0	0	0	0	40.9762	0.031518
942.431	0.01553	10.318	0.0109648	0.0106317	0.000333045	1	1	0.000333045	0	0	0	0	41.7432	0.0303741
942.601	0.0174865	11.3151	0.0120226	0.0116703	0.00035239	1	1	0.00035239	0	0	0	0	42.5439	0.0293105
942.779	0.0197203	12.4085	0.0131826	0.0128092	0.000373358	1	1	0.000373358	0	0	0	0	43.3801	0.0283221
942.965	0.0222847	13.6077	0.0144544	0.0140582	0.000396211	1	1	0.000396211	0	0	0	0	44.257	0.0274111
943.161	0.0252477	14.9228	0.0158489	0.0154277	0.000421239	1	1	0.000421239	0	0	0	0	45.1799	0.0265784
943.368	0.0286958	16.3652	0.017378	0.0169291	0.000448876	1	1	0.000448876	0	0	0	0	46.1578	0.0258301
943.591	0.0327409	17.947	0.0190546	0.018575	0.000479578	1	1	0.000479578	0	0	0	0	47.1983	0.0251686
943.83	0.0375263	19.6819	0.020893	0.020379	0.000513986	1	1	0.000513986	0	0	0	0	48.3129	0.0246009
944.091	0.0432361	21.5847	0.0229087	0.0223558	0.000552897	1	1	0.000552897	0	0	0	0	49.5148	0.0241348
944.378	0.0501049	23.6716	0.0251189	0.0245215	0.000597333	1	1	0.000597333	0	0	0	0	50.8199	0.0237803
944.694	0.0584308	25.9606	0.0275423	0.0268937	0.000648551	1	1	0.000648551	0	0	0	0	52.2457	0.0235475
945.046	0.0685881	28.4713	0.0301995	0.0294914	0.000708154	1	1	0.000708154	0	0	0	0	53.813	0.0234492
945.439	0.0810425	31.2254	0.0331131	0.032335	0.000778121	1	1	0.000778121	0	0	0	0	55.5439	0.0234989
945.881	0.0963651	34.2465	0.0363078	0.0354469	0.000860934	1	1	0.000860934	0	0	0	0	57.4633	0.0237121
946.377	0.115247	37.5607	0.0398107	0.0388511	0.000959635	1	1	0.000959635	0	0	0	0	59.5969	0.0241049
946.934	0.13851	41.1967	0.0436516	0.0425736	0.00107797	1	1	0.00107797	0	0	0	0	61.9721	0.0246949
947.559	0.167109	45.1859	0.047863	0.0466425	0.0012205	1	1	0.0012205	0	0	0	0	64.6164	0.0254999
948.256	0.202127	49.5631	0.0524807	0.0510881	0.00139265	1	1	0.00139265	0	0	0	0	67.5572	0.0265365
949.043	0.244994	54.3667	0.057544	0.0559605	0.00158347	1	1	0.00158347	0	0	0	0	70.5698	0.0275176
949.758	0.28839	59.6373	0.0630957	0.0612861	0.00180967	1	1	0.00180967	0	0	0	0	74.3851	0.0286813
950.755	0.35378	65.4224	0.0691831	0.067044	0.00213906	1	1	0.00213906	0	0	0	0	78.6581	0.0309188
951.915	0.437921	71.7722	0.0758578	0.0733255	0.00253227	1	1	0.00253227	0	0	0	0	83.2092	0.0333818
953.244	0.543666	78.7437	0.0831764	0.0801905	0.00298592	1	1	0.00298592	0	0	0	0	87.9076	0.0358986
954.777	0.677393	86.3993	0.0912011	0.0876941	0.00350701	1	1	0.00350701	0	0	0	0	92.7497	0.0384536
956.563	0.848133	94.8081	0.1	0.0958967	0.00410328	1	1	0.00410328	0	0	0	0	97.7334	0.0410328
958.668	1.06899	104.047	0.109648	0.104864	0.00478333	1	1	0.00478333	0	0	0	0	102.859	0.0436244
961.167	1.35637	114.201	0.120226	0.114632	0.00559399	1	1	0.00554346	5.05288e-05	0	0	0	108.042	0.0465288
964.139	1.73116	125.367	0.131826	0.125183	0.00664309	1	1	0.00635561	0.000287479	0	0	0	113.079	0.050393
967.819	2.23962	137.653	0.144544	0.136663	0.00788121	1	1	0.00723702	0.000644191	0	0	0	118.082	0.0545247
972.445	2.942	151.18	0.158489	0.149136	0.00935378	1	1	0.00823016	0.00112362	0	0	0	123.254	0.0590184
978.371	3.9277	166.094	0.17378	0.162739	0.0110411	1	1	0.00932342	0.00171764	0	0	0	128.486	0.0635346
986.003	5.31972	182.559	0.190546	0.177564	0.0129824	1	1	0.0105424	0.00243995	0	0	0	133.858	0.0681324
995.847	7.28842	200.774	0.20893	0.19372	0.0152096	1	1	0.0119055	0.0033041	0	0	0	139.395	0.0727978
1008.5	10.0631	220.971	0.229087	0.211328	0.0177585	1	1	0.0134322	0.00432632	0	0	0	145.115	0.0775187
1024.64	13.9441	243.435	0.251189	0.230522	0.0206664	1	1	0.0151421	0.00552429	0	0	0	151.028	0.0822745
1045.02	19.3142	268.508	0.275423	0.251453	0.0239699	1	1	0.017054	0.00691586	0	0	0	157.134	0.0870293
1070.39	26.6471	296.607	0.301995	0.274293	0.0277023	1	1	0.0191844	0.00851787	0	0	0	163.422	0.0917309
1101.54	36.5146	328.239	0.331131	0.299238	0.0318933	1	1	0.0215478	0.0103455	0	0	0	169.875	0.0963164
1139.19	49.5921	364.023	0.363078	0.326508	0.0365697	1	1	0.0241569	0.0124128	0	0	0	176.472	0.100721
1184.02	66.6647	404.703	0.398107	0.356349	0.0417579	1	1	0.0270246	0.0147333	0	0	0	183.195	0.104891
1236.65	88.6378	451.18	0.436516	0.389031	0.0474851	1	1	0.030164	0.0173211	0	0	0	190.031	0.108782
1297.63	116.552	504.534	0.47863	0.42483	0.0538	1	1	0.0336001	0.0201999	0	0	0	196.989	0.112404
1367.48	151.607	566.058	0.524807	0.464068	0.0607398	1	1	0.0373515	0.0233883	0	0	0	204.063	0.115737
1446.7	195.194	637.292	0.57544	0.507074	0.0683659	1	1	0.0414496	0.0269164	0	0	0	211.268	0.118806
1535.78	248.939	720.073	0.630957	0.554212	0.0767455	1	1	0.0459286	0.0308169	0	0	0	218.62	0.121633
1635.28	314.753	816.582	0.691831	0.605878	0.0859526	1	1	0.0508261	0.0351264	0	0	0	226.129	0.124239
1745.79	394.901	929.413	0.758578	0.662512	0.0960661	1	1	0.0561823	0.0398838	0	0	0	233.809	0.12664
1867.99	492.081	1061.65	0.831764	0.724595	0.107168	1	1	0.0620384	0.0451299	0	0	0	241.665	0.128845
2002.68	609.518	1216.95	0.912011	0.792666	0.119345	1	1	0.0684377	0.0509072	0	0	0	249.704	0.130859
2150.75	751.077	1399.68	1	0.867314	0.132686	1	1	0.0754251	0.0572605	0	0	0	257.929	0.132686
2313.24	921.399	1615.01	1.09648	0.949191	0.147287	1	1	0.0830493	0.064238	0	0	0	266.342	0.134328
2491.3	1126.05	1869.14	1.20226	1.03901	0.163256	1	1	0.0913634	0.0718924	0	0	0	274.949	0.13579
2686.24	1371.73	2169.42	1.31826	1.13755	0.18071	1	1	0.100427	0.080283	0	0	0	283.756	0.137083
2899.52	1666.45	2524.64	1.44544	1.24565	0.199785	1	1	0.110308	0.0894766	0	0	0	292.773	0.138217
3132.77	2019.84	2945.26	1.58489	1.36426	0.220632	1	1	0.121083	0.0995486	0	0	0	302.011	0.139209
3387.76	2443.46	3443.78	1.7378	1.49438	0.243422	1	1	0.132838	0.110584	0	0	0	311.483	0.140075
3666.46	2951.15	4035.15	1.90546	1.63712	0.268345	1	1	0.145668	0.122677	0	0	0	321.205	0.140829
3971.06	3559.53	4737.19	2.0893	1.79368	0.295612	1	1	0.159679	0.135933	0	0	0	331.19	0.141489
4303.93	4288.53	5571.21	2.29087	1.96541	0.325456	1	1	0.174989	0.150467	0	0	0	341.453	0.142067
4667.71	5162.09	6562.68	2.51189	2.15375	0.358132	1	1	0.191724	0.166407	0	0	0	352.008	0.142575



#File from Hovik Grigorian, June 13 2016
