      6    341    279          Itext Imax Icore

	BM165 WITH hyperons Bednarek et al. A&A 2012

   Rho	   Press	    nbar	    Ye	    Ymu	    Yn	    Yp	    Yla	    Ysm	    Ys0	    Ysp	Yxim	   mstp	   mstn	   mstla	   mstsm	   msts0	   mstsp	mstxim
  g/cm3	 dyne/cm2	   #/fm3	  [A_cell]	   [A_ion]	    [Z]																															           

  0.28761E+16	0.13203E+37	1.2001E+00
  0.25516E+16	0.10459E+37	1.1070E+00
  0.22728E+16	0.82808E+36	1.0211E+00
  0.20343E+16	0.65692E+36	9.4231E-01
  0.18264E+16	0.52072E+36	8.6941E-01
  0.16451E+16	0.41274E+36	8.0212E-01
  0.14860E+16	0.32720E+36	7.4003E-01
  0.13460E+16	0.25954E+36	6.8272E-01
  0.12222E+16	0.20607E+36	6.2982E-01
  0.11124E+16	0.16394E+36	5.8112E-01
  0.10144E+16	0.13061E+36	5.3612E-01
  0.92657E+15	0.10434E+36	4.9462E-01
  0.84765E+15	0.83604E+35	4.5632E-01
  0.77653E+15	0.67270E+35	4.2101E-01
  0.71214E+15	0.54363E+35	3.8842E-01
  0.65372E+15	0.44171E+35	3.5831E-01
  0.60074E+15	0.36150E+35	3.3061E-01
  0.55241E+15	0.29791E+35	3.0501E-01
  0.50834E+15	0.24767E+35	2.8141E-01
  0.46802E+15	0.20776E+35	2.5961E-01
  0.43113E+15	0.17602E+35	2.3951E-01
  0.39740E+15	0.15079E+35	2.2101E-01
  0.36640E+15	0.13050E+35	2.0391E-01
  0.33788E+15	0.11415E+35	1.8811E-01
  0.31164E+15	0.10083E+35	1.7351E-01
  0.28761E+15	0.90050E+34	1.6011E-01
  0.26543E+15	0.81123E+34	1.4771E-01
  0.24507E+15	0.73743E+34	1.3630E-01
  0.22616E+15	0.67451E+34	1.2571E-01
  0.20886E+15	0.62173E+34	1.1600E-01
  0.19282E+15	0.57601E+34	1.0700E-01
  0.17804E+15	0.53603E+34	9.8715E-02
  0.16441E+15	0.50096E+34	9.1073E-02
  0.15183E+15	0.46967E+34	8.4021E-02
  0.14021E+15	0.44157E+34	7.7526E-02
  0.13615E+15	0.43461E+34	7.5251E-02
  0.12034E+15	0.43461E+34	6.6725E-02
  0.10866E+15	0.38148E+34	6.0200E-02
  0.86373E+14	0.29705E+34	4.7802E-02
  0.68581E+14	0.23072E+34	3.8002E-02
  0.54391E+14	0.17736E+34	3.0201E-02
  0.43070E+14	0.13380E+34	2.4001E-02
  0.34050E+14	0.98407E+33	1.9001E-02
  0.26883E+14	0.70401E+33	1.5100E-02
  0.21232E+14	0.49556E+33	1.2001E-02
  0.16765E+14	0.35120E+33	9.5401E-03
  0.13249E+14	0.24802E+33	7.5800E-03
  0.10475E+14	0.17368E+33	6.0200E-03
  0.82861E+13	0.12252E+33	4.7802E-03
  0.65586E+13	0.87352E+32	3.8002E-03
  0.51931E+13	0.62085E+32	3.0201E-03
  0.41127E+13	0.44477E+32	2.4001E-03
  0.32588E+13	0.31900E+32	1.9001E-03
  0.25814E+13	0.22751E+32	1.5100E-03
  0.20466E+13	0.16374E+32	1.2001E-03
  0.16226E+13	0.11823E+32	9.5401E-04
  0.12866E+13	0.85285E+31	7.5800E-04
  0.10204E+13	0.61733E+31	6.0200E-04
  0.80918E+12	0.44173E+31	4.7802E-04
  0.64196E+12	0.31868E+31	3.8002E-04
  0.50932E+12	0.23536E+31	3.0201E-04
  0.40414E+12	0.16759E+31	2.4001E-04
  0.32071E+12	0.12026E+31	1.9001E-04
  0.25439E+12	0.89018E+30	1.5100E-04
  0.20198E+12	0.65546E+30	1.2001E-04
  0.16028E+12	0.46912E+30	9.5401E-05
  0.12721E+12	0.34575E+30	7.5800E-05
  0.10099E+12	0.25619E+30	6.0200E-05
  0.80169E+11	0.19034E+30	4.7802E-05
  0.63643E+11	0.14079E+30	3.8002E-05
  0.50522E+11	0.10366E+30	3.0201E-05
  0.40111E+11	0.73829E+29	2.4001E-05
  0.31857E+11	0.54923E+29	1.9001E-05
  0.25297E+11	0.41705E+29	1.5100E-05
  0.20073E+11	0.31227E+29	1.2001E-05
  0.15945E+11	0.23344E+29	9.5401E-06
  0.12661E+11	0.17432E+29	7.5800E-06
  0.10053E+11	0.12906E+29	6.0200E-06
  0.79830E+10	0.96484E+28	4.7802E-06
  0.63393E+10	0.70801E+28	3.8002E-06
  0.50344E+10	0.54010E+28	3.0201E-06
  0.39969E+10	0.40824E+28	2.4001E-06
  0.31750E+10	0.30890E+28	1.9001E-06
  0.25208E+10	0.23088E+28	1.5100E-06
  0.20020E+10	0.17640E+28	1.2001E-06
  0.15900E+10	0.13962E+28	9.5401E-07
  0.12627E+10	0.10832E+28	7.5800E-07
  0.10028E+10	0.81888E+27	6.0200E-07
  0.79634E+09	0.62758E+27	4.7802E-07
  0.63251E+09	0.47842E+27	3.8002E-07
  0.50219E+09	0.36787E+27	3.0201E-07
  0.39897E+09	0.28247E+27	2.4001E-07
  0.31679E+09	0.21806E+27	1.9001E-07
  0.25154E+09	0.16775E+27	1.5100E-07
  0.19984E+09	0.12572E+27	1.2001E-07
  0.15870E+09	0.96533E+26	9.5401E-08
  0.12604E+09	0.74550E+26	7.5800E-08
  0.10010E+09	0.57920E+26	6.0200E-08
  0.79491E+08	0.46288E+26	4.7802E-08
  0.63144E+08	0.36610E+26	3.8002E-08
  0.50148E+08	0.28567E+26	3.0201E-08
  0.39826E+08	0.22575E+26	2.4001E-08
  0.31625E+08	0.17784E+26	1.9001E-08
  0.25118E+08	0.14008E+26	1.5100E-08
  0.19949E+08	0.11058E+26	1.2001E-08
  0.15847E+08	0.87240E+25	9.5401E-09
  0.12586E+08	0.68879E+25	7.5800E-09
  0.99957E+07	0.54731E+25	6.0200E-09
  0.79384E+07	0.43388E+25	4.7802E-09
  0.63055E+07	0.33390E+25	3.8002E-09
  0.50077E+07	0.24514E+25	3.0201E-09
  0.39772E+07	0.17608E+25	2.4001E-09
  0.31590E+07	0.12819E+25	1.9001E-09
  0.25083E+07	0.94033E+24	1.5100E-09
  0.19931E+07	0.68975E+24	1.2001E-09
  0.15827E+07	0.50501E+24	9.5401E-10
  0.12572E+07	0.36963E+24	7.5800E-10
  0.99850E+06	0.27077E+24	6.0200E-10
  0.79313E+06	0.19835E+24	4.7802E-10
  0.62983E+06	0.14545E+24	3.8002E-10
  0.50041E+06	0.10664E+24	3.0201E-10
  0.39737E+06	0.78235E+23	2.4001E-10
  0.31572E+06	0.57423E+23	1.9001E-10
  0.25065E+06	0.42186E+23	1.5100E-10

