# File from M. Beznogov- HHJ EOS from Kaminker et al. (2014)- EOS used in Beznogov & Yakovlev MNRAS 447 (2015)
#    rho             P           nb             ne             nmu 
#    g/cm^3            dyn/cm^2    fm-3           fm-3           fm-3
 2.622002e+04  4.967982e+19  1.579004e-11  7.331902e-12  0.000000e+00
 6.587005e+04  2.430972e+20  3.966781e-11  1.841936e-11  0.000000e+00
 1.654002e+05  1.151012e+21  9.960614e-11  4.625186e-11  0.000000e+00
 4.156004e+05  5.265990e+21  2.502800e-10  1.162209e-10  0.000000e+00
 1.043999e+06  2.317982e+22  6.287111e-10  2.919684e-10  0.000000e+00
 2.622002e+06  9.755061e+22  1.579004e-09  7.332924e-10  0.000000e+00
 6.588006e+06  3.911002e+23  3.967384e-09  1.841667e-09  0.000000e+00
 8.293006e+06  5.258998e+23  4.994158e-09  2.317605e-09  0.000000e+00
 1.655000e+07  1.435000e+24  9.966636e-09  4.616878e-09  0.000000e+00
 3.301999e+07  3.833002e+24  1.988510e-08  9.176771e-09  0.000000e+00
 6.589007e+07  1.006000e+25  3.967986e-08  1.819435e-08  0.000000e+00
 1.315001e+08  2.604000e+25  7.919110e-08  3.596758e-08  0.000000e+00
 2.624001e+08  6.675995e+25  1.580209e-07  7.086060e-08  0.000000e+00
 3.304000e+08  8.737999e+25  1.989714e-07  8.877921e-08  0.000000e+00
 5.237005e+08  1.629000e+26  3.153793e-07  1.391656e-07  0.000000e+00
 8.300992e+08  3.028998e+26  4.998976e-07  2.178245e-07  0.000000e+00
 1.044999e+09  4.129001e+26  6.293133e-07  2.723399e-07  0.000000e+00
 1.316000e+09  5.036003e+26  7.925132e-07  3.404862e-07  0.000000e+00
 1.657002e+09  6.859998e+26  9.978680e-07  4.254519e-07  0.000000e+00
 2.626002e+09  1.272000e+27  1.581413e-06  6.632739e-07  0.000000e+00
 4.164003e+09  2.355998e+27  2.507618e-06  1.032969e-06  0.000000e+00
 6.601004e+09  4.362003e+27  3.975212e-06  1.605727e-06  0.000000e+00
 8.312009e+09  5.662002e+27  5.005600e-06  2.000974e-06  0.000000e+00
 1.046001e+10  7.702009e+27  6.299155e-06  2.490998e-06  0.000000e+00
 1.317999e+10  1.047999e+28  7.937176e-06  3.103503e-06  0.000000e+00
 1.658999e+10  1.425000e+28  9.990725e-06  3.861128e-06  0.000000e+00
 2.089999e+10  1.938001e+28  1.258627e-05  4.805476e-06  0.000000e+00
 2.631001e+10  2.503001e+28  1.584424e-05  5.973899e-06  0.000000e+00
 3.312997e+10  3.404004e+28  1.995134e-05  7.425103e-06  0.000000e+00
 4.171997e+10  4.627996e+28  2.512435e-05  9.225040e-06  0.000000e+00
 5.253999e+10  5.949000e+28  3.164031e-05  1.145650e-05  0.000000e+00
 6.616998e+10  8.089003e+28  3.984848e-05  1.422168e-05  0.000000e+00
 8.331995e+10  1.100001e+29  5.017644e-05  1.764250e-05  0.000000e+00
 1.048999e+11  1.494999e+29  6.317221e-05  2.187232e-05  0.000000e+00
 1.321999e+11  2.032998e+29  7.961265e-05  2.712734e-05  0.000000e+00
 1.663999e+11  2.597000e+29  1.002084e-04  3.358887e-05  0.000000e+00
 1.844000e+11  2.891998e+29  1.110482e-04  3.694398e-05  0.000000e+00
 2.095999e+11  3.290001e+29  1.262240e-04  4.159525e-05  0.000000e+00
 2.640000e+11  4.473001e+29  1.589844e-04  5.147884e-05  0.000000e+00
 3.325003e+11  5.815995e+29  2.002360e-04  6.367141e-05  0.000000e+00
 4.188003e+11  7.537998e+29  2.522071e-04  7.871037e-05  0.000000e+00
 4.298996e+11  7.805002e+29  2.588917e-04  8.062227e-05  0.000000e+00
 4.460001e+11  7.890000e+29  2.685873e-04  6.061639e-05  0.000000e+00
 5.228005e+11  8.351991e+29  3.148373e-04  6.304583e-05  0.000000e+00
 6.609993e+11  9.098001e+29  3.980632e-04  6.712967e-05  0.000000e+00
 7.648918e+11  9.935689e+29  4.606287e-04  7.001664e-05  0.000000e+00
 8.196794e+11  1.058476e+30  4.936217e-04  7.148882e-05  0.000000e+00
 8.783892e+11  1.125405e+30  5.289775e-04  7.303317e-05  0.000000e+00
 9.413020e+11  1.194359e+30  5.668652e-04  7.465382e-05  0.000000e+00
 1.008721e+12  1.265368e+30  6.074659e-04  7.635518e-05  0.000000e+00
 1.080968e+12  1.338502e+30  6.509738e-04  7.814191e-05  0.000000e+00
 1.158388e+12  1.413862e+30  6.975969e-04  8.001899e-05  0.000000e+00
 1.241349e+12  1.491612e+30  7.475581e-04  8.199174e-05  0.000000e+00
 1.330252e+12  1.571973e+30  8.010963e-04  8.406582e-05  0.000000e+00
 1.425519e+12  1.655225e+30  8.584675e-04  8.624729e-05  0.000000e+00
 1.527608e+12  1.741743e+30  9.199458e-04  8.854262e-05  0.000000e+00
 1.637001e+12  1.831981e+30  9.858253e-04  9.095874e-05  0.000000e+00
 1.754228e+12  1.926491e+30  1.056421e-03  9.350306e-05  0.000000e+00
 1.879849e+12  2.025947e+30  1.132070e-03  9.618351e-05  0.000000e+00
 2.014457e+12  2.131140e+30  1.213134e-03  9.900863e-05  0.000000e+00
 2.158704e+12  2.243004e+30  1.300002e-03  1.019875e-04  0.000000e+00
 2.313279e+12  2.362626e+30  1.393087e-03  1.051300e-04  0.000000e+00
 2.478917e+12  2.491260e+30  1.492836e-03  1.084467e-04  0.000000e+00
 2.656409e+12  2.630347e+30  1.599725e-03  1.119488e-04  0.000000e+00
 2.846610e+12  2.781538e+30  1.714266e-03  1.156485e-04  0.000000e+00
 3.050423e+12  2.946707e+30  1.837006e-03  1.195590e-04  0.000000e+00
 3.268827e+12  3.127973e+30  1.968533e-03  1.236944e-04  0.000000e+00
 3.502870e+12  3.327722e+30  2.109476e-03  1.280699e-04  0.000000e+00
 3.753669e+12  3.548649e+30  2.260509e-03  1.327020e-04  0.000000e+00
 4.022416e+12  3.793779e+30  2.422355e-03  1.376083e-04  0.000000e+00
 4.310414e+12  4.066474e+30  2.595788e-03  1.428081e-04  0.000000e+00
 4.619022e+12  4.370529e+30  2.781639e-03  1.483220e-04  0.000000e+00
 4.949736e+12  4.710131e+30  2.980797e-03  1.541723e-04  0.000000e+00
 5.304128e+12  5.089979e+30  3.194216e-03  1.603834e-04  0.000000e+00
 5.683894e+12  5.515260e+30  3.422918e-03  1.669813e-04  0.000000e+00
 6.090851e+12  5.991782e+30  3.667998e-03  1.739946e-04  0.000000e+00
 6.526976e+12  6.525939e+30  3.930630e-03  1.814539e-04  0.000000e+00
 6.994312e+12  7.124855e+30  4.212073e-03  1.893926e-04  0.000000e+00
 7.495144e+12  7.796416e+30  4.513674e-03  1.978471e-04  0.000000e+00
 8.031839e+12  8.549328e+30  4.836880e-03  2.068565e-04  0.000000e+00
 8.606984e+12  9.393274e+30  5.183240e-03  2.164637e-04  0.000000e+00
 9.223335e+12  1.033889e+31  5.554414e-03  2.267152e-04  0.000000e+00
 9.883847e+12  1.139798e+31  5.952182e-03  2.376613e-04  0.000000e+00
 1.059167e+13  1.258360e+31  6.378451e-03  2.493572e-04  0.000000e+00
 1.135024e+13  1.391016e+31  6.835267e-03  2.618626e-04  0.000000e+00
 1.216316e+13  1.539352e+31  7.324822e-03  2.752428e-04  0.000000e+00
 1.303435e+13  1.705132e+31  7.849464e-03  2.895687e-04  0.000000e+00
 1.396799e+13  1.890292e+31  8.411713e-03  3.049175e-04  0.000000e+00
 1.496855e+13  2.096974e+31  9.014267e-03  3.213737e-04  0.000000e+00
 1.604085e+13  2.327555e+31  9.660019e-03  3.390290e-04  0.000000e+00
 1.719003e+13  2.584640e+31  1.035207e-02  3.579836e-04  0.000000e+00
 1.842162e+13  2.871131e+31  1.109375e-02  3.783464e-04  0.000000e+00
 1.974153e+13  3.190230e+31  1.188862e-02  4.002364e-04  0.000000e+00
 2.115610e+13  3.545480e+31  1.274050e-02  4.237830e-04  0.000000e+00
 2.267215e+13  3.940815e+31  1.365348e-02  4.491270e-04  0.000000e+00
 2.429695e+13  4.380574e+31  1.463196e-02  4.764218e-04  0.000000e+00
 2.603833e+13  4.869619e+31  1.568064e-02  5.058338e-04  0.000000e+00
 2.790465e+13  5.413324e+31  1.680456e-02  5.375437e-04  0.000000e+00
 2.990492e+13  6.017693e+31  1.800915e-02  5.717473e-04  0.000000e+00
 3.204874e+13  6.689413e+31  1.930019e-02  6.086563e-04  0.000000e+00
 3.434646e+13  7.436011e+31  2.068391e-02  6.484991e-04  0.000000e+00
 3.680913e+13  8.265878e+31  2.216696e-02  6.915212e-04  0.000000e+00
 3.944863e+13  9.188487e+31  2.375650e-02  7.379856e-04  0.000000e+00
 4.227768e+13  1.021451e+32  2.546019e-02  7.881731e-04  0.000000e+00
 4.530992e+13  1.135601e+32  2.728625e-02  8.423812e-04  0.000000e+00
 4.855998e+13  1.262668e+32  2.924348e-02  9.009233e-04  0.000000e+00
 5.204355e+13  1.404214e+32  3.134134e-02  9.641267e-04  0.000000e+00
 5.577744e+13  1.562019e+32  3.358994e-02  1.032330e-03  0.000000e+00
 5.977972e+13  1.738127e+32  3.600017e-02  1.105876e-03  0.000000e+00
 6.406972e+13  1.934889e+32  3.858366e-02  1.185112e-03  0.000000e+00
 6.866819e+13  2.155017e+32  4.135292e-02  1.270372e-03  0.000000e+00
 7.359739e+13  2.401659e+32  4.432135e-02  1.361974e-03  0.000000e+00
 8.095713e+13  2.797304e+32  4.432135e-02  1.361974e-03  0.000000e+00
 8.905284e+13  3.258126e+32  4.432135e-02  1.361974e-03  0.000000e+00
 9.795813e+13  3.794864e+32  4.432135e-02  1.361974e-03  0.000000e+00
 1.077539e+14  4.420023e+32  4.432135e-02  1.361974e-03  0.000000e+00
 1.140179e+14  4.726102e+32  6.761128e-02  1.337906e-03  0.000000e+00
 1.159531e+14  4.904735e+32  6.875385e-02  1.382999e-03  0.000000e+00
 1.179213e+14  5.090140e+32  6.991574e-02  1.429566e-03  0.000000e+00
 1.199232e+14  5.282576e+32  7.109725e-02  1.477655e-03  0.000000e+00
 1.219594e+14  5.482311e+32  7.229874e-02  1.527313e-03  0.000000e+00
 1.240303e+14  5.689624e+32  7.352053e-02  1.578588e-03  0.000000e+00
 1.261367e+14  5.904804e+32  7.476297e-02  1.631532e-03  0.000000e+00
 1.282792e+14  6.128153e+32  7.602640e-02  1.686195e-03  0.000000e+00
 1.304583e+14  6.359983e+32  7.731118e-02  1.742632e-03  0.000000e+00
 1.326748e+14  6.600618e+32  7.861768e-02  1.800896e-03  0.000000e+00
 1.349293e+14  6.850396e+32  7.994625e-02  1.861045e-03  0.000000e+00
 1.372225e+14  7.109666e+32  8.129728e-02  1.923135e-03  0.000000e+00
 1.395550e+14  7.378794e+32  8.267114e-02  1.987228e-03  0.000000e+00
 1.419276e+14  7.723445e+32  8.406821e-02  2.053385e-03  0.000000e+00
 1.443409e+14  8.086435e+32  8.548889e-02  2.121667e-03  0.000000e+00
 1.467957e+14  8.468763e+32  8.693359e-02  2.192141e-03  0.000000e+00
 1.492927e+14  8.871485e+32  8.840269e-02  2.264873e-03  0.000000e+00
 1.518327e+14  9.295707e+32  8.989663e-02  2.339931e-03  0.000000e+00
 1.544164e+14  9.742599e+32  9.141581e-02  2.417387e-03  0.000000e+00
 1.570447e+14  1.021339e+33  9.296066e-02  2.497312e-03  0.000000e+00
 1.597183e+14  1.070938e+33  9.453162e-02  2.579781e-03  0.000000e+00
 1.624380e+14  1.123192e+33  9.612912e-02  2.664871e-03  0.000000e+00
 1.652047e+14  1.178245e+33  9.775363e-02  2.752661e-03  0.000000e+00
 1.680192e+14  1.236249e+33  9.940558e-02  2.843230e-03  0.000000e+00
 1.708824e+14  1.297363e+33  1.010855e-01  2.936663e-03  0.000000e+00
 1.737952e+14  1.361752e+33  1.027937e-01  3.033044e-03  0.000000e+00
 1.767584e+14  1.429594e+33  1.045308e-01  3.132462e-03  0.000000e+00
 1.797731e+14  1.501075e+33  1.062973e-01  3.235007e-03  0.000000e+00
 1.828400e+14  1.576387e+33  1.080937e-01  3.340770e-03  0.000000e+00
 1.859602e+14  1.655738e+33  1.099204e-01  3.449847e-03  0.000000e+00
 1.891347e+14  1.739341e+33  1.117779e-01  3.562336e-03  0.000000e+00
 1.923645e+14  1.827424e+33  1.136669e-01  3.678336e-03  0.000000e+00
 1.956505e+14  1.920226e+33  1.155878e-01  3.797952e-03  0.000000e+00
 1.989938e+14  2.017996e+33  1.175411e-01  3.921287e-03  0.000000e+00
 2.023956e+14  2.120999e+33  1.195274e-01  4.048451e-03  0.000000e+00
 2.058568e+14  2.229512e+33  1.215474e-01  4.179556e-03  0.000000e+00
 2.093786e+14  2.343825e+33  1.236014e-01  4.314714e-03  0.000000e+00
 2.129621e+14  2.464245e+33  1.256902e-01  4.454045e-03  0.000000e+00
 2.166085e+14  2.591093e+33  1.278142e-01  4.597667e-03  0.000000e+00
 2.203190e+14  2.724708e+33  1.299742e-01  4.745704e-03  0.000000e+00
 2.240947e+14  2.865445e+33  1.321707e-01  4.898283e-03  0.000000e+00
 2.279370e+14  3.013676e+33  1.344042e-01  5.055535e-03  0.000000e+00
 2.318470e+14  3.169685e+33  1.366755e-01  5.217386e-03  1.030311e-06
 2.358262e+14  3.332125e+33  1.389853e-01  5.380651e-03  1.957635e-05
 2.398757e+14  3.502037e+33  1.413340e-01  5.546519e-03  4.982850e-05
 2.439969e+14  3.680201e+33  1.437224e-01  5.715695e-03  8.863791e-05
 2.481912e+14  3.867215e+33  1.461512e-01  5.888512e-03  1.348119e-04
 2.524599e+14  4.063643e+33  1.486210e-01  6.065200e-03  1.876972e-04
 2.568046e+14  4.270045e+33  1.511326e-01  6.245942e-03  2.469245e-04
 2.612267e+14  4.486998e+33  1.536866e-01  6.430910e-03  3.122007e-04
 2.657277e+14  4.715089e+33  1.562838e-01  6.620248e-03  3.833957e-04
 2.703092e+14  4.954931e+33  1.589249e-01  6.814097e-03  4.604037e-04
 2.749727e+14  5.207163e+33  1.616106e-01  7.012596e-03  5.431634e-04
 2.797199e+14  5.472451e+33  1.643417e-01  7.215879e-03  6.316459e-04
 2.845524e+14  5.751491e+33  1.671189e-01  7.424080e-03  7.258466e-04
 2.894720e+14  6.045012e+33  1.699431e-01  7.637332e-03  8.257865e-04
 2.944804e+14  6.353775e+33  1.728150e-01  7.855766e-03  9.314963e-04
 2.995794e+14  6.678578e+33  1.757354e-01  8.079518e-03  1.043019e-03
 3.047708e+14  7.020259e+33  1.787052e-01  8.308721e-03  1.160418e-03
 3.100565e+14  7.379693e+33  1.817252e-01  8.543513e-03  1.283755e-03
 3.154384e+14  7.757798e+33  1.847962e-01  8.784030e-03  1.413111e-03
 3.209187e+14  8.155535e+33  1.879191e-01  9.030413e-03  1.548569e-03
 3.264992e+14  8.573914e+33  1.910948e-01  9.282804e-03  1.690222e-03
 3.321820e+14  9.013988e+33  1.943241e-01  9.541342e-03  1.838188e-03
 3.379694e+14  9.476869e+33  1.976080e-01  9.806188e-03  1.992511e-03
 3.438636e+14  9.963712e+33  2.009474e-01  1.007748e-02  2.153364e-03
 3.498667e+14  1.047573e+34  2.043433e-01  1.035536e-02  2.320842e-03
 3.559811e+14  1.101420e+34  2.077965e-01  1.064000e-02  2.495068e-03
 3.622093e+14  1.158046e+34  2.113081e-01  1.093154e-02  2.676219e-03
 3.685536e+14  1.217589e+34  2.148790e-01  1.123017e-02  2.864292e-03
 3.750166e+14  1.280197e+34  2.185103e-01  1.153602e-02  3.059553e-03
 3.816009e+14  1.346022e+34  2.222030e-01  1.184927e-02  3.262117e-03
 3.883092e+14  1.415226e+34  2.259580e-01  1.217009e-02  3.472070e-03
 3.951441e+14  1.487975e+34  2.297765e-01  1.249866e-02  3.689579e-03
 4.021087e+14  1.564445e+34  2.336595e-01  1.283513e-02  3.914900e-03
 4.092056e+14  1.644822e+34  2.376082e-01  1.317972e-02  4.148027e-03
 4.164380e+14  1.729296e+34  2.416236e-01  1.353257e-02  4.389309e-03
 4.238088e+14  1.818070e+34  2.457068e-01  1.389389e-02  4.638745e-03
 4.313214e+14  1.911354e+34  2.498591e-01  1.426386e-02  4.896628e-03
 4.389789e+14  2.009369e+34  2.540815e-01  1.464268e-02  5.163087e-03
 4.467846e+14  2.112347e+34  2.583753e-01  1.503055e-02  5.438285e-03
 4.547422e+14  2.220528e+34  2.627416e-01  1.542768e-02  5.722423e-03
 4.628550e+14  2.334164e+34  2.671817e-01  1.583424e-02  6.015726e-03
 4.711269e+14  2.453521e+34  2.716969e-01  1.625047e-02  6.318369e-03
 4.795615e+14  2.578873e+34  2.762883e-01  1.667657e-02  6.630542e-03
 4.881629e+14  2.710510e+34  2.809574e-01  1.711277e-02  6.952451e-03
 4.969349e+14  2.848733e+34  2.857053e-01  1.755928e-02  7.284305e-03
 5.058819e+14  2.993857e+34  2.905335e-01  1.801632e-02  7.626347e-03
 5.150080e+14  3.146211e+34  2.954433e-01  1.848414e-02  7.978776e-03
 5.243176e+14  3.306142e+34  3.004360e-01  1.896296e-02  8.341803e-03
 5.338154e+14  3.474007e+34  3.055131e-01  1.945304e-02  8.715650e-03
 5.435061e+14  3.650182e+34  3.106761e-01  1.995460e-02  9.100601e-03
 5.533944e+14  3.835061e+34  3.159262e-01  2.046790e-02  9.496853e-03
 5.634855e+14  4.029052e+34  3.212651e-01  2.099319e-02  9.904655e-03
 5.737844e+14  4.232585e+34  3.266942e-01  2.153073e-02  1.032428e-02
 5.842966e+14  4.446105e+34  3.322151e-01  2.208079e-02  1.075595e-02
 5.950276e+14  4.670079e+34  3.378293e-01  2.264364e-02  1.119994e-02
 6.059830e+14  4.904994e+34  3.435383e-01  2.321955e-02  1.165654e-02
 6.171688e+14  5.151358e+34  3.493438e-01  2.380879e-02  1.212599e-02
 6.285911e+14  5.409701e+34  3.552474e-01  2.441167e-02  1.260857e-02
 6.402561e+14  5.680577e+34  3.612508e-01  2.502846e-02  1.310457e-02
 6.521705e+14  5.964562e+34  3.673557e-01  2.565946e-02  1.361429e-02
 6.643408e+14  6.262259e+34  3.735637e-01  2.630497e-02  1.413801e-02
 6.767741e+14  6.574295e+34  3.798766e-01  2.696531e-02  1.467603e-02
 6.894776e+14  6.901326e+34  3.862962e-01  2.764079e-02  1.522866e-02
 7.024588e+14  7.244033e+34  3.928243e-01  2.833173e-02  1.579622e-02
 7.157252e+14  7.603129e+34  3.994627e-01  2.903845e-02  1.637903e-02
 7.292850e+14  7.979354e+34  4.062133e-01  2.976128e-02  1.697740e-02
 7.431463e+14  8.373484e+34  4.130780e-01  3.050058e-02  1.759167e-02
 7.573178e+14  8.786322e+34  4.200587e-01  3.125668e-02  1.822217e-02
 7.718081e+14  9.218709e+34  4.271573e-01  3.202993e-02  1.886928e-02
 7.866265e+14  9.671519e+34  4.343759e-01  3.282070e-02  1.953332e-02
 8.017825e+14  1.014566e+35  4.417165e-01  3.362934e-02  2.021465e-02
 8.172859e+14  1.064209e+35  4.491811e-01  3.445625e-02  2.091365e-02
 8.331467e+14  1.116179e+35  4.567719e-01  3.530178e-02  2.163069e-02
 8.493755e+14  1.170579e+35  4.644910e-01  3.616634e-02  2.236615e-02
 8.659833e+14  1.227516e+35  4.723405e-01  3.705031e-02  2.312043e-02
 8.829812e+14  1.287101e+35  4.803227e-01  3.795411e-02  2.389390e-02
 9.003810e+14  1.349452e+35  4.884398e-01  3.887813e-02  2.468698e-02
 9.181948e+14  1.414688e+35  4.966940e-01  3.982281e-02  2.550009e-02
 9.364350e+14  1.482935e+35  5.050877e-01  4.078855e-02  2.633365e-02
 9.551148e+14  1.554324e+35  5.136233e-01  4.177581e-02  2.718807e-02
 9.742475e+14  1.628991e+35  5.223031e-01  4.278502e-02  2.806380e-02
 9.938471e+14  1.707078e+35  5.311296e-01  4.381663e-02  2.896128e-02
 1.013928e+15  1.788731e+35  5.401052e-01  4.487111e-02  2.988097e-02
 1.034505e+15  1.874105e+35  5.492326e-01  4.594892e-02  3.082333e-02
 1.055595e+15  1.963357e+35  5.585142e-01  4.705053e-02  3.178884e-02
 1.077212e+15  2.056653e+35  5.679526e-01  4.817645e-02  3.277796e-02
 1.099374e+15  2.154166e+35  5.775505e-01  4.932715e-02  3.379119e-02
 1.122097e+15  2.256073e+35  5.873107e-01  5.050315e-02  3.482904e-02
 1.145401e+15  2.362562e+35  5.972357e-01  5.170496e-02  3.589201e-02
 1.169303e+15  2.473824e+35  6.073285e-01  5.293310e-02  3.698062e-02
 1.193823e+15  2.590060e+35  6.175919e-01  5.418812e-02  3.809539e-02
 1.218981e+15  2.711479e+35  6.280287e-01  5.547055e-02  3.923688e-02
 1.244797e+15  2.838296e+35  6.386418e-01  5.678094e-02  4.040562e-02
 1.271293e+15  2.970737e+35  6.494344e-01  5.811987e-02  4.160217e-02
 1.298492e+15  3.109036e+35  6.604093e-01  5.948791e-02  4.282712e-02
 1.326415e+15  3.253433e+35  6.715696e-01  6.088565e-02  4.408102e-02
 1.355088e+15  3.404181e+35  6.829186e-01  6.231368e-02  4.536449e-02
 1.384536e+15  3.561541e+35  6.944594e-01  6.377261e-02  4.667812e-02
 1.414783e+15  3.725784e+35  7.061952e-01  6.526307e-02  4.802253e-02
 1.445856e+15  3.897191e+35  7.181293e-01  6.678568e-02  4.939834e-02
 1.477785e+15  4.076054e+35  7.302651e-01  6.834108e-02  5.080620e-02
 1.510596e+15  4.262676e+35  7.426060e-01  6.992995e-02  5.224674e-02
 1.544320e+15  4.457371e+35  7.551554e-01  7.155293e-02  5.372064e-02
 1.578988e+15  4.660465e+35  7.679169e-01  7.321072e-02  5.522857e-02
 1.614632e+15  4.872296e+35  7.808941e-01  7.490400e-02  5.677123e-02
 1.651285e+15  5.093216e+35  7.940905e-01  7.663349e-02  5.834930e-02
 1.688981e+15  5.323586e+35  8.075100e-01  7.839990e-02  5.996350e-02
 1.727757e+15  5.563785e+35  8.211563e-01  8.020396e-02  6.161457e-02
 1.767649e+15  5.814204e+35  8.350332e-01  8.204643e-02  6.330323e-02
 1.808697e+15  6.075247e+35  8.491445e-01  8.392806e-02  6.503026e-02
 1.850939e+15  6.347335e+35  8.634944e-01  8.584962e-02  6.679641e-02
 1.894417e+15  6.630904e+35  8.780867e-01  8.781191e-02  6.860247e-02
 1.939174e+15  6.926404e+35  8.929257e-01  8.981574e-02  7.044924e-02
 1.985255e+15  7.234303e+35  9.080154e-01  9.186191e-02  7.233752e-02
 2.032705e+15  7.555086e+35  9.233601e-01  9.395126e-02  7.426816e-02
 2.081573e+15  7.889255e+35  9.389641e-01  9.608464e-02  7.624200e-02
 2.131908e+15  8.237330e+35  9.548318e-01  9.826291e-02  7.825988e-02
 2.183762e+15  8.599849e+35  9.709677e-01  1.004870e-01  8.032270e-02
 2.237187e+15  8.977372e+35  9.873763e-01  1.027577e-01  8.243133e-02
 2.292240e+15  9.370476e+35  1.004062e+00  1.050760e-01  8.458670e-02
 2.348977e+15  9.779760e+35  1.021030e+00  1.074429e-01  8.678972e-02
 2.407459e+15  1.020584e+36  1.038285e+00  1.098592e-01  8.904133e-02
 2.467746e+15  1.064937e+36  1.055831e+00  1.123259e-01  9.134250e-02
 2.529902e+15  1.111100e+36  1.073673e+00  1.148440e-01  9.369421e-02
 2.593995e+15  1.159143e+36  1.091818e+00  1.174146e-01  9.609744e-02
 2.660092e+15  1.209136e+36  1.110268e+00  1.200386e-01  9.855323e-02
 2.728265e+15  1.261154e+36  1.129031e+00  1.227171e-01  1.010626e-01
 2.798588e+15  1.315272e+36  1.148111e+00  1.254511e-01  1.036266e-01
 2.871137e+15  1.371570e+36  1.167513e+00  1.282417e-01  1.062463e-01
 2.945992e+15  1.430130e+36  1.187243e+00  1.310901e-01  1.089228e-01
 3.023234e+15  1.491036e+36  1.207306e+00  1.339972e-01  1.116571e-01
 3.102950e+15  1.554375e+36  1.227709e+00  1.369644e-01  1.144506e-01
 3.185228e+15  1.620239e+36  1.248456e+00  1.399926e-01  1.173042e-01
 3.270159e+15  1.688721e+36  1.269554e+00  1.430832e-01  1.202192e-01
 3.357838e+15  1.759918e+36  1.291008e+00  1.462372e-01  1.231967e-01
 3.448363e+15  1.833931e+36  1.312825e+00  1.494560e-01  1.262380e-01
 3.541837e+15  1.910862e+36  1.335011e+00  1.527407e-01  1.293443e-01
 3.638366e+15  1.990820e+36  1.357572e+00  1.560927e-01  1.325170e-01
 3.738059e+15  2.073916e+36  1.380513e+00  1.595132e-01  1.357571e-01
 3.841029e+15  2.160264e+36  1.403843e+00  1.630036e-01  1.390662e-01
 3.947394e+15  2.249984e+36  1.427567e+00  1.665652e-01  1.424455e-01
 4.057276e+15  2.343198e+36  1.451691e+00  1.701993e-01  1.458963e-01
 4.170802e+15  2.440033e+36  1.476224e+00  1.739073e-01  1.494201e-01
 4.288102e+15  2.540621e+36  1.501171e+00  1.776907e-01  1.530182e-01
 4.409311e+15  2.645098e+36  1.526539e+00  1.815509e-01  1.566921e-01
 4.534571e+15  2.753605e+36  1.552337e+00  1.854893e-01  1.604433e-01
 4.664027e+15  2.866286e+36  1.578570e+00  1.895075e-01  1.642732e-01
 4.797830e+15  2.983292e+36  1.605246e+00  1.936070e-01  1.681834e-01
 4.936136e+15  3.104778e+36  1.632374e+00  1.977893e-01  1.721754e-01
 5.079106e+15  3.230906e+36  1.659960e+00  2.020560e-01  1.762507e-01
 5.226909e+15  3.361840e+36  1.688011e+00  2.064087e-01  1.804110e-01
 5.379718e+15  3.497754e+36  1.716538e+00  2.108490e-01  1.846579e-01
 5.537713e+15  3.638825e+36  1.745546e+00  2.153787e-01  1.889930e-01
 5.701080e+15  3.785236e+36  1.775044e+00  2.199993e-01  1.934181e-01
 5.870013e+15  3.937177e+36  1.805041e+00  2.247126e-01  1.979348e-01
 6.044711e+15  4.094844e+36  1.835544e+00  2.295204e-01  2.025450e-01
 6.225380e+15  4.258441e+36  1.866564e+00  2.344244e-01  2.072503e-01
 6.412237e+15  4.428176e+36  1.898107e+00  2.394266e-01  2.120526e-01
 6.605501e+15  4.604268e+36  1.930183e+00  2.445286e-01  2.169537e-01
 6.805405e+15  4.786939e+36  1.962802e+00  2.497325e-01  2.219556e-01
 7.012184e+15  4.976422e+36  1.995972e+00  2.550401e-01  2.270601e-01
 7.226087e+15  5.172955e+36  2.029702e+00  2.604534e-01  2.322692e-01
 7.447367e+15  5.376788e+36  2.064002e+00  2.659744e-01  2.375848e-01
 7.676290e+15  5.588175e+36  2.098882e+00  2.716050e-01  2.430090e-01
 7.913130e+15  5.807380e+36  2.134352e+00  2.773475e-01  2.485439e-01
 8.158169e+15  6.034679e+36  2.170420e+00  2.832038e-01  2.541915e-01
 8.411701e+15  6.270352e+36  2.207099e+00  2.891761e-01  2.599540e-01
 8.674029e+15  6.514692e+36  2.244397e+00  2.952666e-01  2.658335e-01
 8.945468e+15  6.768002e+36  2.282325e+00  3.014775e-01  2.718323e-01
 9.226344e+15  7.030592e+36  2.320895e+00  3.078110e-01  2.779525e-01
 9.516994e+15  7.302787e+36  2.360116e+00  3.142695e-01  2.841965e-01
 9.817766e+15  7.584919e+36  2.400000e+00  3.208552e-01  2.905667e-01
