    1.677317e+13    2.212478e+31    1.000000e-02    0.000000e+00    0.000000e+00    1.000000e+00    0.000000e+00    0.000000e+00    0.000000e+00    0.000000e+00    0.000000e+00    1.000000e+00    1.000000e+00    0.000000e+00    0.000000e+00    0.000000e+00    0.000000e+00
    3.791290e+13    6.768930e+31    2.257231e-02    2.420241e-02    5.204170e-16    9.757976e-01    2.420241e-02    0.000000e+00    0.000000e+00    0.000000e+00    0.000000e+00    1.000000e+00    1.000000e+00    0.000000e+00    0.000000e+00    0.000000e+00    0.000000e+00
    5.909003e+13    1.451260e+32    3.514462e-02    0.000000e+00    0.000000e+00    1.000000e+00    0.000000e+00    0.000000e+00    0.000000e+00    0.000000e+00    0.000000e+00    1.000000e+00    1.000000e+00    0.000000e+00    0.000000e+00    0.000000e+00    0.000000e+00
    8.030617e+13    2.660813e+32    4.771693e-02    2.546863e-02    7.512723e-12    9.745314e-01    2.546863e-02    0.000000e+00    0.000000e+00    0.000000e+00    0.000000e+00    1.000000e+00    1.000000e+00    0.000000e+00    0.000000e+00    0.000000e+00    0.000000e+00
    1.015647e+14    4.258815e+32    6.028925e-02    0.000000e+00    0.000000e+00    1.000000e+00    0.000000e+00    0.000000e+00    0.000000e+00    0.000000e+00    0.000000e+00    1.000000e+00    1.000000e+00    0.000000e+00    0.000000e+00    0.000000e+00    0.000000e+00
    1.228653e+14    6.391220e+32    7.286156e-02    0.000000e+00    0.000000e+00    1.000000e+00    0.000000e+00    0.000000e+00    0.000000e+00    0.000000e+00    0.000000e+00    1.000000e+00    1.000000e+00    0.000000e+00    0.000000e+00    0.000000e+00    0.000000e+00
    1.442135e+14    9.282140e+32    8.543387e-02    0.000000e+00    0.000000e+00    1.000000e+00    0.000000e+00    0.000000e+00    0.000000e+00    0.000000e+00    0.000000e+00    1.000000e+00    1.000000e+00    0.000000e+00    0.000000e+00    0.000000e+00    0.000000e+00
    1.656152e+14    1.293035e+33    9.800618e-02    4.046675e-02    1.875205e-06    9.595314e-01    4.046862e-02    0.000000e+00    0.000000e+00    0.000000e+00    0.000000e+00    1.000000e+00    1.000000e+00    0.000000e+00    0.000000e+00    0.000000e+00    0.000000e+00
    1.870750e+14    1.750146e+33    1.105785e-01    4.386083e-02    5.719119e-06    9.561334e-01    4.386655e-02    0.000000e+00    0.000000e+00    0.000000e+00    0.000000e+00    1.000000e+00    1.000000e+00    0.000000e+00    0.000000e+00    0.000000e+00    0.000000e+00
    2.085993e+14    2.314092e+33    1.231508e-01    4.669666e-02    7.626290e-04    9.525407e-01    4.745929e-02    0.000000e+00    0.000000e+00    0.000000e+00    0.000000e+00    1.000000e+00    1.000000e+00    0.000000e+00    0.000000e+00    0.000000e+00    0.000000e+00
    2.301943e+14    3.004107e+33    1.357231e-01    4.881012e-02    2.869291e-03    9.483206e-01    5.167941e-02    0.000000e+00    0.000000e+00    0.000000e+00    0.000000e+00    1.000000e+00    1.000000e+00    0.000000e+00    0.000000e+00    0.000000e+00    0.000000e+00
    2.518703e+14    3.865087e+33    1.482954e-01    5.058749e-02    5.157554e-03    9.442550e-01    5.574505e-02    0.000000e+00    0.000000e+00    0.000000e+00    0.000000e+00    1.000000e+00    1.000000e+00    0.000000e+00    0.000000e+00    0.000000e+00    0.000000e+00
    2.736340e+14    4.933874e+33    1.608677e-01    5.221779e-02    7.534305e-03    9.402479e-01    5.975210e-02    0.000000e+00    0.000000e+00    0.000000e+00    0.000000e+00    1.000000e+00    1.000000e+00    0.000000e+00    0.000000e+00    0.000000e+00    0.000000e+00
    2.955029e+14    6.253425e+33    1.734401e-01    5.361499e-02    9.823500e-03    9.365615e-01    6.343848e-02    0.000000e+00    0.000000e+00    0.000000e+00    0.000000e+00    1.000000e+00    1.000000e+00    0.000000e+00    0.000000e+00    0.000000e+00    0.000000e+00
    3.174881e+14    7.863563e+33    1.860124e-01    5.489054e-02    1.203104e-02    9.330784e-01    6.692158e-02    0.000000e+00    0.000000e+00    0.000000e+00    0.000000e+00    1.000000e+00    1.000000e+00    0.000000e+00    0.000000e+00    0.000000e+00    0.000000e+00
    3.396071e+14    9.804567e+33    1.985847e-01    5.607231e-02    1.414649e-02    9.297812e-01    7.021880e-02    0.000000e+00    0.000000e+00    0.000000e+00    0.000000e+00    1.000000e+00    1.000000e+00    0.000000e+00    0.000000e+00    0.000000e+00    0.000000e+00
    3.618759e+14    1.211549e+34    2.111570e-01    5.717320e-02    1.616512e-02    9.266617e-01    7.333832e-02    0.000000e+00    0.000000e+00    0.000000e+00    0.000000e+00    1.000000e+00    1.000000e+00    0.000000e+00    0.000000e+00    0.000000e+00    0.000000e+00
    3.843100e+14    1.483308e+34    2.237293e-01    5.820962e-02    1.809139e-02    9.236990e-01    7.630102e-02    0.000000e+00    0.000000e+00    0.000000e+00    0.000000e+00    1.000000e+00    1.000000e+00    0.000000e+00    0.000000e+00    0.000000e+00    0.000000e+00
    4.069276e+14    1.799099e+34    2.363016e-01    5.918894e-02    1.992832e-02    9.208827e-01    7.911726e-02    0.000000e+00    0.000000e+00    0.000000e+00    0.000000e+00    1.000000e+00    1.000000e+00    0.000000e+00    0.000000e+00    0.000000e+00    0.000000e+00
    4.297464e+14    2.161954e+34    2.488739e-01    6.011627e-02    2.167926e-02    9.182045e-01    8.179553e-02    0.000000e+00    0.000000e+00    0.000000e+00    0.000000e+00    1.000000e+00    1.000000e+00    0.000000e+00    0.000000e+00    0.000000e+00    0.000000e+00
    4.527831e+14    2.574598e+34    2.614462e-01    6.099558e-02    2.334784e-02    9.156566e-01    8.434342e-02    0.000000e+00    0.000000e+00    0.000000e+00    0.000000e+00    1.000000e+00    1.000000e+00    0.000000e+00    0.000000e+00    0.000000e+00    0.000000e+00
    4.760543e+14    3.039288e+34    2.740185e-01    6.182899e-02    2.493732e-02    9.132337e-01    8.676632e-02    0.000000e+00    0.000000e+00    0.000000e+00    0.000000e+00    1.000000e+00    1.000000e+00    0.000000e+00    0.000000e+00    0.000000e+00    0.000000e+00
    4.995765e+14    3.558003e+34    2.865909e-01    6.261782e-02    2.645066e-02    9.109315e-01    8.906849e-02    0.000000e+00    0.000000e+00    0.000000e+00    0.000000e+00    1.000000e+00    1.000000e+00    0.000000e+00    0.000000e+00    0.000000e+00    0.000000e+00
    5.233649e+14    4.132251e+34    2.991632e-01    6.336344e-02    2.789085e-02    9.087457e-01    9.125429e-02    0.000000e+00    0.000000e+00    0.000000e+00    0.000000e+00    1.000000e+00    1.000000e+00    0.000000e+00    0.000000e+00    0.000000e+00    0.000000e+00
    5.474343e+14    4.763331e+34    3.117355e-01    6.406711e-02    2.926067e-02    9.066722e-01    9.332778e-02    0.000000e+00    0.000000e+00    0.000000e+00    0.000000e+00    1.000000e+00    1.000000e+00    0.000000e+00    0.000000e+00    0.000000e+00    0.000000e+00
    5.717994e+14    5.452133e+34    3.243078e-01    6.473012e-02    3.056317e-02    9.047067e-01    9.529328e-02    0.000000e+00    0.000000e+00    0.000000e+00    0.000000e+00    1.000000e+00    1.000000e+00    0.000000e+00    0.000000e+00    0.000000e+00    0.000000e+00
    5.964746e+14    6.199345e+34    3.368801e-01    6.535365e-02    3.180127e-02    9.028451e-01    9.715492e-02    0.000000e+00    0.000000e+00    0.000000e+00    0.000000e+00    1.000000e+00    1.000000e+00    0.000000e+00    0.000000e+00    0.000000e+00    0.000000e+00
    6.214731e+14    7.005407e+34    3.494524e-01    6.593932e-02    3.297801e-02    9.010827e-01    9.891732e-02    0.000000e+00    0.000000e+00    0.000000e+00    0.000000e+00    1.000000e+00    1.000000e+00    0.000000e+00    0.000000e+00    0.000000e+00    0.000000e+00
    6.468059e+14    7.870488e+34    3.620247e-01    6.648914e-02    3.409654e-02    8.994143e-01    1.005857e-01    0.000000e+00    0.000000e+00    0.000000e+00    0.000000e+00    1.000000e+00    1.000000e+00    0.000000e+00    0.000000e+00    0.000000e+00    0.000000e+00
    6.724842e+14    8.794692e+34    3.745970e-01    6.700489e-02    3.515969e-02    8.978354e-01    1.021646e-01    0.000000e+00    0.000000e+00    0.000000e+00    0.000000e+00    1.000000e+00    1.000000e+00    0.000000e+00    0.000000e+00    0.000000e+00    0.000000e+00
    6.985181e+14    9.777873e+34    3.871693e-01    6.748801e-02    3.617019e-02    8.963418e-01    1.036582e-01    0.000000e+00    0.000000e+00    0.000000e+00    0.000000e+00    1.000000e+00    1.000000e+00    0.000000e+00    0.000000e+00    0.000000e+00    0.000000e+00
    7.249175e+14    1.081981e+35    3.997417e-01    6.793976e-02    3.713049e-02    8.949297e-01    1.050703e-01    0.000000e+00    0.000000e+00    0.000000e+00    0.000000e+00    1.000000e+00    1.000000e+00    0.000000e+00    0.000000e+00    0.000000e+00    0.000000e+00
    7.516920e+14    1.192021e+35    4.123140e-01    6.836180e-02    3.804330e-02    8.935949e-01    1.064051e-01    0.000000e+00    0.000000e+00    0.000000e+00    0.000000e+00    1.000000e+00    1.000000e+00    0.000000e+00    0.000000e+00    0.000000e+00    0.000000e+00
    7.788494e+14    1.307866e+35    4.248863e-01    6.875718e-02    3.891234e-02    8.923305e-01    1.076695e-01    0.000000e+00    0.000000e+00    0.000000e+00    0.000000e+00    1.000000e+00    1.000000e+00    0.000000e+00    0.000000e+00    0.000000e+00    0.000000e+00
    8.063977e+14    1.429471e+35    4.374586e-01    6.912880e-02    3.974115e-02    8.911300e-01    1.088700e-01    0.000000e+00    0.000000e+00    0.000000e+00    0.000000e+00    1.000000e+00    1.000000e+00    0.000000e+00    0.000000e+00    0.000000e+00    0.000000e+00
    8.343443e+14    1.556788e+35    4.500309e-01    6.947897e-02    4.053263e-02    8.899884e-01    1.100116e-01    0.000000e+00    0.000000e+00    0.000000e+00    0.000000e+00    1.000000e+00    1.000000e+00    0.000000e+00    0.000000e+00    0.000000e+00    0.000000e+00
    8.626954e+14    1.689765e+35    4.626032e-01    6.980870e-02    4.128869e-02    8.889026e-01    1.110974e-01    0.000000e+00    0.000000e+00    0.000000e+00    0.000000e+00    1.000000e+00    1.000000e+00    0.000000e+00    0.000000e+00    0.000000e+00    0.000000e+00
    8.914572e+14    1.828345e+35    4.751755e-01    7.011874e-02    4.201089e-02    8.878704e-01    1.121296e-01    0.000000e+00    0.000000e+00    0.000000e+00    0.000000e+00    1.000000e+00    1.000000e+00    0.000000e+00    0.000000e+00    0.000000e+00    0.000000e+00
    9.206356e+14    1.972472e+35    4.877478e-01    7.040983e-02    4.270069e-02    8.868895e-01    1.131105e-01    0.000000e+00    0.000000e+00    0.000000e+00    0.000000e+00    1.000000e+00    1.000000e+00    0.000000e+00    0.000000e+00    0.000000e+00    0.000000e+00
    9.502353e+14    2.122091e+35    5.003202e-01    7.068336e-02    4.336013e-02    8.859565e-01    1.140435e-01    0.000000e+00    0.000000e+00    0.000000e+00    0.000000e+00    1.000000e+00    1.000000e+00    0.000000e+00    0.000000e+00    0.000000e+00    0.000000e+00
    9.802606e+14    2.277144e+35    5.128925e-01    7.094100e-02    4.399142e-02    8.850676e-01    1.149324e-01    0.000000e+00    0.000000e+00    0.000000e+00    0.000000e+00    1.000000e+00    1.000000e+00    0.000000e+00    0.000000e+00    0.000000e+00    0.000000e+00
    1.010716e+15    2.437573e+35    5.254648e-01    7.118427e-02    4.459657e-02    8.842192e-01    1.157808e-01    0.000000e+00    0.000000e+00    0.000000e+00    0.000000e+00    1.000000e+00    1.000000e+00    0.000000e+00    0.000000e+00    0.000000e+00    0.000000e+00
    1.041605e+15    2.603324e+35    5.380371e-01    7.141447e-02    4.517735e-02    8.834082e-01    1.165918e-01    0.000000e+00    0.000000e+00    0.000000e+00    0.000000e+00    1.000000e+00    1.000000e+00    0.000000e+00    0.000000e+00    0.000000e+00    0.000000e+00
    1.072931e+15    2.774344e+35    5.506094e-01    7.163259e-02    4.573528e-02    8.826321e-01    1.173679e-01    0.000000e+00    0.000000e+00    0.000000e+00    0.000000e+00    1.000000e+00    1.000000e+00    0.000000e+00    0.000000e+00    0.000000e+00    0.000000e+00
    1.104699e+15    2.950583e+35    5.631817e-01    7.183948e-02    4.627169e-02    8.818888e-01    1.181112e-01    0.000000e+00    0.000000e+00    0.000000e+00    0.000000e+00    1.000000e+00    1.000000e+00    0.000000e+00    0.000000e+00    0.000000e+00    0.000000e+00
    1.136910e+15    3.131992e+35    5.757540e-01    7.203593e-02    4.678782e-02    8.811763e-01    1.188237e-01    0.000000e+00    0.000000e+00    0.000000e+00    0.000000e+00    1.000000e+00    1.000000e+00    0.000000e+00    0.000000e+00    0.000000e+00    0.000000e+00
    1.169570e+15    3.318520e+35    5.883263e-01    7.222264e-02    4.728480e-02    8.804926e-01    1.195074e-01    0.000000e+00    0.000000e+00    0.000000e+00    0.000000e+00    1.000000e+00    1.000000e+00    0.000000e+00    0.000000e+00    0.000000e+00    0.000000e+00
    1.202679e+15    3.510121e+35    6.008986e-01    7.240030e-02    4.776374e-02    8.798360e-01    1.201640e-01    0.000000e+00    0.000000e+00    0.000000e+00    0.000000e+00    1.000000e+00    1.000000e+00    0.000000e+00    0.000000e+00    0.000000e+00    0.000000e+00
    1.236241e+15    3.706749e+35    6.134710e-01    7.256953e-02    4.822565e-02    8.792048e-01    1.207952e-01    0.000000e+00    0.000000e+00    0.000000e+00    0.000000e+00    1.000000e+00    1.000000e+00    0.000000e+00    0.000000e+00    0.000000e+00    0.000000e+00
    1.270256e+15    3.908360e+35    6.260433e-01    7.273091e-02    4.867146e-02    8.785976e-01    1.214024e-01    0.000000e+00    0.000000e+00    0.000000e+00    0.000000e+00    1.000000e+00    1.000000e+00    0.000000e+00    0.000000e+00    0.000000e+00    0.000000e+00
    1.304727e+15    4.114907e+35    6.386156e-01    7.288497e-02    4.910205e-02    8.780130e-01    1.219870e-01    0.000000e+00    0.000000e+00    0.000000e+00    0.000000e+00    1.000000e+00    1.000000e+00    0.000000e+00    0.000000e+00    0.000000e+00    0.000000e+00
    1.339656e+15    4.326351e+35    6.511879e-01    7.303218e-02    4.951822e-02    8.774496e-01    1.225504e-01    0.000000e+00    0.000000e+00    0.000000e+00    0.000000e+00    1.000000e+00    1.000000e+00    0.000000e+00    0.000000e+00    0.000000e+00    0.000000e+00
    1.375044e+15    4.542656e+35    6.637602e-01    7.317296e-02    4.992068e-02    8.769064e-01    1.230936e-01    0.000000e+00    0.000000e+00    0.000000e+00    0.000000e+00    1.000000e+00    1.000000e+00    0.000000e+00    0.000000e+00    0.000000e+00    0.000000e+00
    1.410892e+15    4.763786e+35    6.763325e-01    7.330772e-02    5.031013e-02    8.763822e-01    1.236178e-01    0.000000e+00    0.000000e+00    0.000000e+00    0.000000e+00    1.000000e+00    1.000000e+00    0.000000e+00    0.000000e+00    0.000000e+00    0.000000e+00
    1.447203e+15    4.989707e+35    6.889048e-01    7.343680e-02    5.068719e-02    8.758760e-01    1.241240e-01    0.000000e+00    0.000000e+00    0.000000e+00    0.000000e+00    1.000000e+00    1.000000e+00    0.000000e+00    0.000000e+00    0.000000e+00    0.000000e+00
    1.483977e+15    5.220382e+35    7.014771e-01    7.356054e-02    5.105245e-02    8.753870e-01    1.246130e-01    0.000000e+00    0.000000e+00    0.000000e+00    0.000000e+00    1.000000e+00    1.000000e+00    0.000000e+00    0.000000e+00    0.000000e+00    0.000000e+00
    1.521217e+15    5.455782e+35    7.140494e-01    7.367924e-02    5.140646e-02    8.749143e-01    1.250857e-01    0.000000e+00    0.000000e+00    0.000000e+00    0.000000e+00    1.000000e+00    1.000000e+00    0.000000e+00    0.000000e+00    0.000000e+00    0.000000e+00
    1.558922e+15    5.695878e+35    7.266218e-01    7.379314e-02    5.174973e-02    8.744571e-01    1.255429e-01    0.000000e+00    0.000000e+00    0.000000e+00    0.000000e+00    1.000000e+00    1.000000e+00    0.000000e+00    0.000000e+00    0.000000e+00    0.000000e+00
    1.597094e+15    5.940643e+35    7.391941e-01    7.390249e-02    5.208273e-02    8.740148e-01    1.259852e-01    0.000000e+00    0.000000e+00    0.000000e+00    0.000000e+00    1.000000e+00    1.000000e+00    0.000000e+00    0.000000e+00    0.000000e+00    0.000000e+00
    1.635734e+15    6.190049e+35    7.517664e-01    7.400750e-02    5.240591e-02    8.735866e-01    1.264134e-01    0.000000e+00    0.000000e+00    0.000000e+00    0.000000e+00    1.000000e+00    1.000000e+00    0.000000e+00    0.000000e+00    0.000000e+00    0.000000e+00
    1.674843e+15    6.444067e+35    7.643387e-01    7.410838e-02    5.271969e-02    8.731719e-01    1.268281e-01    0.000000e+00    0.000000e+00    0.000000e+00    0.000000e+00    1.000000e+00    1.000000e+00    0.000000e+00    0.000000e+00    0.000000e+00    0.000000e+00
    1.714421e+15    6.702674e+35    7.769110e-01    7.420533e-02    5.302446e-02    8.727702e-01    1.272298e-01    0.000000e+00    0.000000e+00    0.000000e+00    0.000000e+00    1.000000e+00    1.000000e+00    0.000000e+00    0.000000e+00    0.000000e+00    0.000000e+00
    1.754469e+15    6.965848e+35    7.894833e-01    7.429852e-02    5.332060e-02    8.723809e-01    1.276191e-01    0.000000e+00    0.000000e+00    0.000000e+00    0.000000e+00    1.000000e+00    1.000000e+00    0.000000e+00    0.000000e+00    0.000000e+00    0.000000e+00
    1.794988e+15    7.233566e+35    8.020556e-01    7.438814e-02    5.360847e-02    8.720034e-01    1.279966e-01    0.000000e+00    0.000000e+00    0.000000e+00    0.000000e+00    1.000000e+00    1.000000e+00    0.000000e+00    0.000000e+00    0.000000e+00    0.000000e+00
    1.835977e+15    7.505809e+35    8.146279e-01    7.447432e-02    5.388839e-02    8.716373e-01    1.283627e-01    0.000000e+00    0.000000e+00    0.000000e+00    0.000000e+00    1.000000e+00    1.000000e+00    0.000000e+00    0.000000e+00    0.000000e+00    0.000000e+00
    1.877437e+15    7.782554e+35    8.272003e-01    7.455723e-02    5.416068e-02    8.712821e-01    1.287179e-01    0.000000e+00    0.000000e+00    0.000000e+00    0.000000e+00    1.000000e+00    1.000000e+00    0.000000e+00    0.000000e+00    0.000000e+00    0.000000e+00
    1.919368e+15    8.063780e+35    8.397726e-01    7.463700e-02    5.442565e-02    8.709374e-01    1.290626e-01    0.000000e+00    0.000000e+00    0.000000e+00    0.000000e+00    1.000000e+00    1.000000e+00    0.000000e+00    0.000000e+00    0.000000e+00    0.000000e+00
    1.961771e+15    8.349470e+35    8.523449e-01    7.471376e-02    5.468355e-02    8.706027e-01    1.293973e-01    0.000000e+00    0.000000e+00    0.000000e+00    0.000000e+00    1.000000e+00    1.000000e+00    0.000000e+00    0.000000e+00    0.000000e+00    0.000000e+00
    2.004647e+15    8.639608e+35    8.649172e-01    7.478763e-02    5.493465e-02    8.702777e-01    1.297223e-01    0.000000e+00    0.000000e+00    0.000000e+00    0.000000e+00    1.000000e+00    1.000000e+00    0.000000e+00    0.000000e+00    0.000000e+00    0.000000e+00
    2.047995e+15    8.934180e+35    8.774895e-01    7.485872e-02    5.517919e-02    8.699621e-01    1.300379e-01    0.000000e+00    0.000000e+00    0.000000e+00    0.000000e+00    1.000000e+00    1.000000e+00    0.000000e+00    0.000000e+00    0.000000e+00    0.000000e+00
    2.091816e+15    9.233169e+35    8.900618e-01    7.492713e-02    5.541740e-02    8.696555e-01    1.303445e-01    0.000000e+00    0.000000e+00    0.000000e+00    0.000000e+00    1.000000e+00    1.000000e+00    0.000000e+00    0.000000e+00    0.000000e+00    0.000000e+00
    2.136111e+15    9.536560e+35    9.026341e-01    7.499296e-02    5.564949e-02    8.693576e-01    1.306424e-01    0.000000e+00    0.000000e+00    0.000000e+00    0.000000e+00    1.000000e+00    1.000000e+00    0.000000e+00    0.000000e+00    0.000000e+00    0.000000e+00
    2.180881e+15    9.844339e+35    9.152064e-01    7.505630e-02    5.587567e-02    8.690680e-01    1.309320e-01    0.000000e+00    0.000000e+00    0.000000e+00    0.000000e+00    1.000000e+00    1.000000e+00    0.000000e+00    0.000000e+00    0.000000e+00    0.000000e+00
    2.226125e+15    1.015649e+36    9.277787e-01    7.511725e-02    5.609614e-02    8.687866e-01    1.312134e-01    0.000000e+00    0.000000e+00    0.000000e+00    0.000000e+00    1.000000e+00    1.000000e+00    0.000000e+00    0.000000e+00    0.000000e+00    0.000000e+00
    2.271843e+15    1.047300e+36    9.403511e-01    7.517589e-02    5.631109e-02    8.685130e-01    1.314870e-01    0.000000e+00    0.000000e+00    0.000000e+00    0.000000e+00    1.000000e+00    1.000000e+00    0.000000e+00    0.000000e+00    0.000000e+00    0.000000e+00
    2.318035e+15    1.079386e+36    9.529234e-01    7.523230e-02    5.652069e-02    8.682470e-01    1.317530e-01    0.000000e+00    0.000000e+00    0.000000e+00    0.000000e+00    1.000000e+00    1.000000e+00    0.000000e+00    0.000000e+00    0.000000e+00    0.000000e+00
    2.364702e+15    1.111906e+36    9.654957e-01    7.528657e-02    5.672512e-02    8.679883e-01    1.320117e-01    0.000000e+00    0.000000e+00    0.000000e+00    0.000000e+00    1.000000e+00    1.000000e+00    0.000000e+00    0.000000e+00    0.000000e+00    0.000000e+00
    2.411842e+15    1.144859e+36    9.780680e-01    7.533877e-02    5.692454e-02    8.677367e-01    1.322633e-01    0.000000e+00    0.000000e+00    0.000000e+00    0.000000e+00    1.000000e+00    1.000000e+00    0.000000e+00    0.000000e+00    0.000000e+00    0.000000e+00
    2.459455e+15    1.178243e+36    9.906403e-01    7.538898e-02    5.711911e-02    8.674919e-01    1.325081e-01    0.000000e+00    0.000000e+00    0.000000e+00    0.000000e+00    1.000000e+00    1.000000e+00    0.000000e+00    0.000000e+00    0.000000e+00    0.000000e+00
    2.507542e+15    1.212057e+36    1.003213e+00    7.543726e-02    5.730898e-02    8.672538e-01    1.327462e-01    0.000000e+00    0.000000e+00    0.000000e+00    0.000000e+00    1.000000e+00    1.000000e+00    0.000000e+00    0.000000e+00    0.000000e+00    0.000000e+00
    2.556102e+15    1.246300e+36    1.015785e+00    7.548367e-02    5.749428e-02    8.670220e-01    1.329780e-01    0.000000e+00    0.000000e+00    0.000000e+00    0.000000e+00    1.000000e+00    1.000000e+00    0.000000e+00    0.000000e+00    0.000000e+00    0.000000e+00
    2.605135e+15    1.280972e+36    1.028357e+00    7.552830e-02    5.767520e-02    8.667965e-01    1.332035e-01    0.000000e+00    0.000000e+00    0.000000e+00    0.000000e+00    1.000000e+00    1.000000e+00    0.000000e+00    0.000000e+00    0.000000e+00    0.000000e+00
    2.654643e+15    1.316072e+36    1.040930e+00    7.557121e-02    5.785187e-02    8.665769e-01    1.334231e-01    0.000000e+00    0.000000e+00    0.000000e+00    0.000000e+00    1.000000e+00    1.000000e+00    0.000000e+00    0.000000e+00    0.000000e+00    0.000000e+00
    2.704625e+15    1.351599e+36    1.053502e+00    7.561245e-02    5.802445e-02    8.663631e-01    1.336369e-01    0.000000e+00    0.000000e+00    0.000000e+00    0.000000e+00    1.000000e+00    1.000000e+00    0.000000e+00    0.000000e+00    0.000000e+00    0.000000e+00
    2.755082e+15    1.387553e+36    1.066074e+00    7.565210e-02    5.819308e-02    8.661548e-01    1.338452e-01    0.000000e+00    0.000000e+00    0.000000e+00    0.000000e+00    1.000000e+00    1.000000e+00    0.000000e+00    0.000000e+00    0.000000e+00    0.000000e+00
    2.806015e+15    1.423933e+36    1.078646e+00    7.569021e-02    5.835789e-02    8.659519e-01    1.340481e-01    0.000000e+00    0.000000e+00    0.000000e+00    0.000000e+00    1.000000e+00    1.000000e+00    0.000000e+00    0.000000e+00    0.000000e+00    0.000000e+00
    2.857424e+15    1.460737e+36    1.091219e+00    7.572684e-02    5.851902e-02    8.657541e-01    1.342459e-01    0.000000e+00    0.000000e+00    0.000000e+00    0.000000e+00    1.000000e+00    1.000000e+00    0.000000e+00    0.000000e+00    0.000000e+00    0.000000e+00
    2.909309e+15    1.497967e+36    1.103791e+00    7.576203e-02    5.867658e-02    8.655614e-01    1.344386e-01    0.000000e+00    0.000000e+00    0.000000e+00    0.000000e+00    1.000000e+00    1.000000e+00    0.000000e+00    0.000000e+00    0.000000e+00    0.000000e+00
    2.961671e+15    1.535620e+36    1.116363e+00    7.579585e-02    5.883068e-02    8.653735e-01    1.346265e-01    0.000000e+00    0.000000e+00    0.000000e+00    0.000000e+00    1.000000e+00    1.000000e+00    0.000000e+00    0.000000e+00    0.000000e+00    0.000000e+00
    3.014508e+15    1.573697e+36    1.128936e+00    7.582832e-02    5.898141e-02    8.651903e-01    1.348097e-01    0.000000e+00    0.000000e+00    0.000000e+00    0.000000e+00    1.000000e+00    1.000000e+00    0.000000e+00    0.000000e+00    0.000000e+00    0.000000e+00
    3.067821e+15    1.612196e+36    1.141508e+00    7.585949e-02    5.912887e-02    8.650116e-01    1.349884e-01    0.000000e+00    0.000000e+00    0.000000e+00    0.000000e+00    1.000000e+00    1.000000e+00    0.000000e+00    0.000000e+00    0.000000e+00    0.000000e+00
    3.121608e+15    1.651117e+36    1.154080e+00    7.588941e-02    5.927314e-02    8.648375e-01    1.351625e-01    0.000000e+00    0.000000e+00    0.000000e+00    0.000000e+00    1.000000e+00    1.000000e+00    0.000000e+00    0.000000e+00    0.000000e+00    0.000000e+00
    3.175869e+15    1.690458e+36    1.166653e+00    7.591810e-02    5.941429e-02    8.646676e-01    1.353324e-01    0.000000e+00    0.000000e+00    0.000000e+00    0.000000e+00    1.000000e+00    1.000000e+00    0.000000e+00    0.000000e+00    0.000000e+00    0.000000e+00
    3.230604e+15    1.730219e+36    1.179225e+00    7.594561e-02    5.955242e-02    8.645020e-01    1.354980e-01    0.000000e+00    0.000000e+00    0.000000e+00    0.000000e+00    1.000000e+00    1.000000e+00    0.000000e+00    0.000000e+00    0.000000e+00    0.000000e+00
    3.285812e+15    1.770400e+36    1.191797e+00    7.597197e-02    5.968759e-02    8.643404e-01    1.356596e-01    0.000000e+00    0.000000e+00    0.000000e+00    0.000000e+00    1.000000e+00    1.000000e+00    0.000000e+00    0.000000e+00    0.000000e+00    0.000000e+00
    3.341492e+15    1.810999e+36    1.204370e+00    7.599720e-02    5.981988e-02    8.641829e-01    1.358171e-01    0.000000e+00    0.000000e+00    0.000000e+00    0.000000e+00    1.000000e+00    1.000000e+00    0.000000e+00    0.000000e+00    0.000000e+00    0.000000e+00
    3.397644e+15    1.852016e+36    1.216942e+00    7.602136e-02    5.994936e-02    8.640293e-01    1.359707e-01    0.000000e+00    0.000000e+00    0.000000e+00    0.000000e+00    1.000000e+00    1.000000e+00    0.000000e+00    0.000000e+00    0.000000e+00    0.000000e+00
    3.454268e+15    1.893450e+36    1.229514e+00    7.604447e-02    6.007612e-02    8.638794e-01    1.361206e-01    0.000000e+00    0.000000e+00    0.000000e+00    0.000000e+00    1.000000e+00    1.000000e+00    0.000000e+00    0.000000e+00    0.000000e+00    0.000000e+00
    3.511364e+15    1.935302e+36    1.242087e+00    7.606659e-02    6.020026e-02    8.637332e-01    1.362668e-01    0.000000e+00    0.000000e+00    0.000000e+00    0.000000e+00    1.000000e+00    1.000000e+00    0.000000e+00    0.000000e+00    0.000000e+00    0.000000e+00
    3.568934e+15    1.977571e+36    1.254659e+00    7.608775e-02    6.032184e-02    8.635904e-01    1.364096e-01    0.000000e+00    0.000000e+00    0.000000e+00    0.000000e+00    1.000000e+00    1.000000e+00    0.000000e+00    0.000000e+00    0.000000e+00    0.000000e+00
    3.626976e+15    2.020257e+36    1.267231e+00    7.610799e-02    6.044097e-02    8.634510e-01    1.365490e-01    0.000000e+00    0.000000e+00    0.000000e+00    0.000000e+00    1.000000e+00    1.000000e+00    0.000000e+00    0.000000e+00    0.000000e+00    0.000000e+00
    3.685492e+15    2.063359e+36    1.279803e+00    7.612735e-02    6.055770e-02    8.633149e-01    1.366851e-01    0.000000e+00    0.000000e+00    0.000000e+00    0.000000e+00    1.000000e+00    1.000000e+00    0.000000e+00    0.000000e+00    0.000000e+00    0.000000e+00
    3.744482e+15    2.106878e+36    1.292376e+00    7.614587e-02    6.067213e-02    8.631820e-01    1.368180e-01    0.000000e+00    0.000000e+00    0.000000e+00    0.000000e+00    1.000000e+00    1.000000e+00    0.000000e+00    0.000000e+00    0.000000e+00    0.000000e+00
    3.803946e+15    2.150813e+36    1.304948e+00    7.616358e-02    6.078431e-02    8.630521e-01    1.369479e-01    0.000000e+00    0.000000e+00    0.000000e+00    0.000000e+00    1.000000e+00    1.000000e+00    0.000000e+00    0.000000e+00    0.000000e+00    0.000000e+00
    3.863884e+15    2.195164e+36    1.317520e+00    7.618051e-02    6.089433e-02    8.629252e-01    1.370748e-01    0.000000e+00    0.000000e+00    0.000000e+00    0.000000e+00    1.000000e+00    1.000000e+00    0.000000e+00    0.000000e+00    0.000000e+00    0.000000e+00
    3.924297e+15    2.239930e+36    1.330093e+00    7.619670e-02    6.100224e-02    8.628011e-01    1.371989e-01    0.000000e+00    0.000000e+00    0.000000e+00    0.000000e+00    1.000000e+00    1.000000e+00    0.000000e+00    0.000000e+00    0.000000e+00    0.000000e+00
    3.985185e+15    2.285112e+36    1.342665e+00    7.621216e-02    6.110810e-02    8.626797e-01    1.373203e-01    0.000000e+00    0.000000e+00    0.000000e+00    0.000000e+00    1.000000e+00    1.000000e+00    0.000000e+00    0.000000e+00    0.000000e+00    0.000000e+00
    4.046546e+15    2.330709e+36    1.355237e+00    7.622693e-02    6.121196e-02    8.625611e-01    1.374389e-01    0.000000e+00    0.000000e+00    0.000000e+00    0.000000e+00    1.000000e+00    1.000000e+00    0.000000e+00    0.000000e+00    0.000000e+00    0.000000e+00
    4.108382e+15    2.376721e+36    1.367810e+00    7.624103e-02    6.131388e-02    8.624451e-01    1.375549e-01    0.000000e+00    0.000000e+00    0.000000e+00    0.000000e+00    1.000000e+00    1.000000e+00    0.000000e+00    0.000000e+00    0.000000e+00    0.000000e+00
    4.170691e+15    2.423146e+36    1.380382e+00    7.625448e-02    6.141391e-02    8.623316e-01    1.376684e-01    0.000000e+00    0.000000e+00    0.000000e+00    0.000000e+00    1.000000e+00    1.000000e+00    0.000000e+00    0.000000e+00    0.000000e+00    0.000000e+00
    4.233473e+15    2.469986e+36    1.392954e+00    7.626730e-02    6.151208e-02    8.622206e-01    1.377794e-01    0.000000e+00    0.000000e+00    0.000000e+00    0.000000e+00    1.000000e+00    1.000000e+00    0.000000e+00    0.000000e+00    0.000000e+00    0.000000e+00
    4.296729e+15    2.517238e+36    1.405527e+00    7.627952e-02    6.160845e-02    8.621120e-01    1.378880e-01    0.000000e+00    0.000000e+00    0.000000e+00    0.000000e+00    1.000000e+00    1.000000e+00    0.000000e+00    0.000000e+00    0.000000e+00    0.000000e+00
    4.360456e+15    2.564904e+36    1.418099e+00    7.629114e-02    6.170307e-02    8.620058e-01    1.379942e-01    0.000000e+00    0.000000e+00    0.000000e+00    0.000000e+00    1.000000e+00    1.000000e+00    0.000000e+00    0.000000e+00    0.000000e+00    0.000000e+00
    4.424657e+15    2.612982e+36    1.430671e+00    7.630219e-02    6.179596e-02    8.619018e-01    1.380982e-01    0.000000e+00    0.000000e+00    0.000000e+00    0.000000e+00    1.000000e+00    1.000000e+00    0.000000e+00    0.000000e+00    0.000000e+00    0.000000e+00
    4.489329e+15    2.661472e+36    1.443244e+00    7.631270e-02    6.188718e-02    8.618001e-01    1.381999e-01    0.000000e+00    0.000000e+00    0.000000e+00    0.000000e+00    1.000000e+00    1.000000e+00    0.000000e+00    0.000000e+00    0.000000e+00    0.000000e+00
    4.554472e+15    2.710374e+36    1.455816e+00    7.632267e-02    6.197677e-02    8.617006e-01    1.382994e-01    0.000000e+00    0.000000e+00    0.000000e+00    0.000000e+00    1.000000e+00    1.000000e+00    0.000000e+00    0.000000e+00    0.000000e+00    0.000000e+00
    4.620088e+15    2.759688e+36    1.468388e+00    7.633213e-02    6.206476e-02    8.616031e-01    1.383969e-01    0.000000e+00    0.000000e+00    0.000000e+00    0.000000e+00    1.000000e+00    1.000000e+00    0.000000e+00    0.000000e+00    0.000000e+00    0.000000e+00
    4.686174e+15    2.809413e+36    1.480960e+00    7.634109e-02    6.215119e-02    8.615077e-01    1.384923e-01    0.000000e+00    0.000000e+00    0.000000e+00    0.000000e+00    1.000000e+00    1.000000e+00    0.000000e+00    0.000000e+00    0.000000e+00    0.000000e+00
    4.752732e+15    2.859549e+36    1.493533e+00    7.634957e-02    6.223612e-02    8.614143e-01    1.385857e-01    0.000000e+00    0.000000e+00    0.000000e+00    0.000000e+00    1.000000e+00    1.000000e+00    0.000000e+00    0.000000e+00    0.000000e+00    0.000000e+00
    4.819760e+15    2.910095e+36    1.506105e+00    7.635759e-02    6.231957e-02    8.613228e-01    1.386772e-01    0.000000e+00    0.000000e+00    0.000000e+00    0.000000e+00    1.000000e+00    1.000000e+00    0.000000e+00    0.000000e+00    0.000000e+00    0.000000e+00
    4.887260e+15    2.961053e+36    1.518677e+00    7.636517e-02    6.240159e-02    8.612332e-01    1.387668e-01    0.000000e+00    0.000000e+00    0.000000e+00    0.000000e+00    1.000000e+00    1.000000e+00    0.000000e+00    0.000000e+00    0.000000e+00    0.000000e+00
    4.955231e+15    3.012420e+36    1.531250e+00    7.637232e-02    6.248221e-02    8.611455e-01    1.388545e-01    0.000000e+00    0.000000e+00    0.000000e+00    0.000000e+00    1.000000e+00    1.000000e+00    0.000000e+00    0.000000e+00    0.000000e+00    0.000000e+00
    5.023672e+15    3.064198e+36    1.543822e+00    7.637906e-02    6.256147e-02    8.610595e-01    1.389405e-01    0.000000e+00    0.000000e+00    0.000000e+00    0.000000e+00    1.000000e+00    1.000000e+00    0.000000e+00    0.000000e+00    0.000000e+00    0.000000e+00
    5.092583e+15    3.116386e+36    1.556394e+00    7.638539e-02    6.263940e-02    8.609752e-01    1.390248e-01    0.000000e+00    0.000000e+00    0.000000e+00    0.000000e+00    1.000000e+00    1.000000e+00    0.000000e+00    0.000000e+00    0.000000e+00    0.000000e+00
    5.161965e+15    3.168983e+36    1.568967e+00    7.639135e-02    6.271604e-02    8.608926e-01    1.391074e-01    0.000000e+00    0.000000e+00    0.000000e+00    0.000000e+00    1.000000e+00    1.000000e+00    0.000000e+00    0.000000e+00    0.000000e+00    0.000000e+00
    5.231817e+15    3.221990e+36    1.581539e+00    7.639693e-02    6.279142e-02    8.608116e-01    1.391884e-01    0.000000e+00    0.000000e+00    0.000000e+00    0.000000e+00    1.000000e+00    1.000000e+00    0.000000e+00    0.000000e+00    0.000000e+00    0.000000e+00
    5.302139e+15    3.275406e+36    1.594111e+00    7.640216e-02    6.286556e-02    8.607323e-01    1.392677e-01    0.000000e+00    0.000000e+00    0.000000e+00    0.000000e+00    1.000000e+00    1.000000e+00    0.000000e+00    0.000000e+00    0.000000e+00    0.000000e+00
    5.372931e+15    3.329231e+36    1.606684e+00    7.640705e-02    6.293851e-02    8.606544e-01    1.393456e-01    0.000000e+00    0.000000e+00    0.000000e+00    0.000000e+00    1.000000e+00    1.000000e+00    0.000000e+00    0.000000e+00    0.000000e+00    0.000000e+00
    5.444193e+15    3.383465e+36    1.619256e+00    7.641160e-02    6.301028e-02    8.605781e-01    1.394219e-01    0.000000e+00    0.000000e+00    0.000000e+00    0.000000e+00    1.000000e+00    1.000000e+00    0.000000e+00    0.000000e+00    0.000000e+00    0.000000e+00
    5.515926e+15    3.438108e+36    1.631828e+00    7.641584e-02    6.308091e-02    8.605033e-01    1.394967e-01    0.000000e+00    0.000000e+00    0.000000e+00    0.000000e+00    1.000000e+00    1.000000e+00    0.000000e+00    0.000000e+00    0.000000e+00    0.000000e+00
    5.588128e+15    3.493159e+36    1.644401e+00    7.641977e-02    6.315043e-02    8.604298e-01    1.395702e-01    0.000000e+00    0.000000e+00    0.000000e+00    0.000000e+00    1.000000e+00    1.000000e+00    0.000000e+00    0.000000e+00    0.000000e+00    0.000000e+00
    5.660800e+15    3.548619e+36    1.656973e+00    7.642340e-02    6.321885e-02    8.603578e-01    1.396422e-01    0.000000e+00    0.000000e+00    0.000000e+00    0.000000e+00    1.000000e+00    1.000000e+00    0.000000e+00    0.000000e+00    0.000000e+00    0.000000e+00
    5.733941e+15    3.604487e+36    1.669545e+00    7.642674e-02    6.328622e-02    8.602870e-01    1.397130e-01    0.000000e+00    0.000000e+00    0.000000e+00    0.000000e+00    1.000000e+00    1.000000e+00    0.000000e+00    0.000000e+00    0.000000e+00    0.000000e+00
    5.807553e+15    3.660763e+36    1.682117e+00    7.642981e-02    6.335255e-02    8.602176e-01    1.397824e-01    0.000000e+00    0.000000e+00    0.000000e+00    0.000000e+00    1.000000e+00    1.000000e+00    0.000000e+00    0.000000e+00    0.000000e+00    0.000000e+00
    5.881635e+15    3.717447e+36    1.694690e+00    7.643261e-02    6.341787e-02    8.601495e-01    1.398505e-01    0.000000e+00    0.000000e+00    0.000000e+00    0.000000e+00    1.000000e+00    1.000000e+00    0.000000e+00    0.000000e+00    0.000000e+00    0.000000e+00
    5.956186e+15    3.774539e+36    1.707262e+00    7.643515e-02    6.348220e-02    8.600826e-01    1.399174e-01    0.000000e+00    0.000000e+00    0.000000e+00    0.000000e+00    1.000000e+00    1.000000e+00    0.000000e+00    0.000000e+00    0.000000e+00    0.000000e+00
    6.031207e+15    3.832039e+36    1.719834e+00    7.643745e-02    6.354556e-02    8.600170e-01    1.399830e-01    0.000000e+00    0.000000e+00    0.000000e+00    0.000000e+00    1.000000e+00    1.000000e+00    0.000000e+00    0.000000e+00    0.000000e+00    0.000000e+00
    6.106698e+15    3.889946e+36    1.732407e+00    7.643951e-02    6.360799e-02    8.599525e-01    1.400475e-01    0.000000e+00    0.000000e+00    0.000000e+00    0.000000e+00    1.000000e+00    1.000000e+00    0.000000e+00    0.000000e+00    0.000000e+00    0.000000e+00
    6.182659e+15    3.948260e+36    1.744979e+00    7.644135e-02    6.366949e-02    8.598892e-01    1.401108e-01    0.000000e+00    0.000000e+00    0.000000e+00    0.000000e+00    1.000000e+00    1.000000e+00    0.000000e+00    0.000000e+00    0.000000e+00    0.000000e+00
    6.259089e+15    4.006981e+36    1.757551e+00    7.644296e-02    6.373009e-02    8.598270e-01    1.401730e-01    0.000000e+00    0.000000e+00    0.000000e+00    0.000000e+00    1.000000e+00    1.000000e+00    0.000000e+00    0.000000e+00    0.000000e+00    0.000000e+00
    6.335989e+15    4.066110e+36    1.770124e+00    7.644436e-02    6.378981e-02    8.597658e-01    1.402342e-01    0.000000e+00    0.000000e+00    0.000000e+00    0.000000e+00    1.000000e+00    1.000000e+00    0.000000e+00    0.000000e+00    0.000000e+00    0.000000e+00
    6.413358e+15    4.125645e+36    1.782696e+00    7.644555e-02    6.384867e-02    8.597058e-01    1.402942e-01    0.000000e+00    0.000000e+00    0.000000e+00    0.000000e+00    1.000000e+00    1.000000e+00    0.000000e+00    0.000000e+00    0.000000e+00    0.000000e+00
    6.491197e+15    4.185587e+36    1.795268e+00    7.644654e-02    6.390669e-02    8.596468e-01    1.403532e-01    0.000000e+00    0.000000e+00    0.000000e+00    0.000000e+00    1.000000e+00    1.000000e+00    0.000000e+00    0.000000e+00    0.000000e+00    0.000000e+00
    6.569504e+15    4.245936e+36    1.807841e+00    7.644734e-02    6.396389e-02    8.595888e-01    1.404112e-01    0.000000e+00    0.000000e+00    0.000000e+00    0.000000e+00    1.000000e+00    1.000000e+00    0.000000e+00    0.000000e+00    0.000000e+00    0.000000e+00
    6.648279e+15    4.306690e+36    1.820413e+00    7.644796e-02    6.402028e-02    8.595318e-01    1.404682e-01    0.000000e+00    0.000000e+00    0.000000e+00    0.000000e+00    1.000000e+00    1.000000e+00    0.000000e+00    0.000000e+00    0.000000e+00    0.000000e+00
    6.727523e+15    4.367851e+36    1.832985e+00    7.644839e-02    6.407588e-02    8.594757e-01    1.405243e-01    0.000000e+00    0.000000e+00    0.000000e+00    0.000000e+00    1.000000e+00    1.000000e+00    0.000000e+00    0.000000e+00    0.000000e+00    0.000000e+00
    6.807236e+15    4.429418e+36    1.845557e+00    7.644865e-02    6.413071e-02    8.594206e-01    1.405794e-01    0.000000e+00    0.000000e+00    0.000000e+00    0.000000e+00    1.000000e+00    1.000000e+00    0.000000e+00    0.000000e+00    0.000000e+00    0.000000e+00
    6.887416e+15    4.491391e+36    1.858130e+00    7.644874e-02    6.418478e-02    8.593665e-01    1.406335e-01    0.000000e+00    0.000000e+00    0.000000e+00    0.000000e+00    1.000000e+00    1.000000e+00    0.000000e+00    0.000000e+00    0.000000e+00    0.000000e+00
    6.968065e+15    4.553769e+36    1.870702e+00    7.644867e-02    6.423811e-02    8.593132e-01    1.406868e-01    0.000000e+00    0.000000e+00    0.000000e+00    0.000000e+00    1.000000e+00    1.000000e+00    0.000000e+00    0.000000e+00    0.000000e+00    0.000000e+00
    7.049181e+15    4.616553e+36    1.883274e+00    7.644845e-02    6.429072e-02    8.592608e-01    1.407392e-01    0.000000e+00    0.000000e+00    0.000000e+00    0.000000e+00    1.000000e+00    1.000000e+00    0.000000e+00    0.000000e+00    0.000000e+00    0.000000e+00
    7.130765e+15    4.679742e+36    1.895847e+00    7.644807e-02    6.434262e-02    8.592093e-01    1.407907e-01    0.000000e+00    0.000000e+00    0.000000e+00    0.000000e+00    1.000000e+00    1.000000e+00    0.000000e+00    0.000000e+00    0.000000e+00    0.000000e+00
    7.212816e+15    4.743337e+36    1.908419e+00    7.644755e-02    6.439382e-02    8.591586e-01    1.408414e-01    0.000000e+00    0.000000e+00    0.000000e+00    0.000000e+00    1.000000e+00    1.000000e+00    0.000000e+00    0.000000e+00    0.000000e+00    0.000000e+00
    7.295334e+15    4.807336e+36    1.920991e+00    7.644688e-02    6.444434e-02    8.591088e-01    1.408912e-01    0.000000e+00    0.000000e+00    0.000000e+00    0.000000e+00    1.000000e+00    1.000000e+00    0.000000e+00    0.000000e+00    0.000000e+00    0.000000e+00
    7.378319e+15    4.871740e+36    1.933564e+00    7.644609e-02    6.449420e-02    8.590597e-01    1.409403e-01    0.000000e+00    0.000000e+00    0.000000e+00    0.000000e+00    1.000000e+00    1.000000e+00    0.000000e+00    0.000000e+00    0.000000e+00    0.000000e+00
    7.461771e+15    4.936550e+36    1.946136e+00    7.644516e-02    6.454340e-02    8.590114e-01    1.409886e-01    0.000000e+00    0.000000e+00    0.000000e+00    0.000000e+00    1.000000e+00    1.000000e+00    0.000000e+00    0.000000e+00    0.000000e+00    0.000000e+00
    7.545690e+15    5.001764e+36    1.958708e+00    7.644411e-02    6.459196e-02    8.589639e-01    1.410361e-01    0.000000e+00    0.000000e+00    0.000000e+00    0.000000e+00    1.000000e+00    1.000000e+00    0.000000e+00    0.000000e+00    0.000000e+00    0.000000e+00
    7.630077e+15    5.067382e+36    1.971281e+00    7.644294e-02    6.463989e-02    8.589172e-01    1.410828e-01    0.000000e+00    0.000000e+00    0.000000e+00    0.000000e+00    1.000000e+00    1.000000e+00    0.000000e+00    0.000000e+00    0.000000e+00    0.000000e+00
    7.714930e+15    5.133406e+36    1.983853e+00    7.644165e-02    6.468721e-02    8.588711e-01    1.411289e-01    0.000000e+00    0.000000e+00    0.000000e+00    0.000000e+00    1.000000e+00    1.000000e+00    0.000000e+00    0.000000e+00    0.000000e+00    0.000000e+00
    7.800250e+15    5.199833e+36    1.996425e+00    7.644026e-02    6.473393e-02    8.588258e-01    1.411742e-01    0.000000e+00    0.000000e+00    0.000000e+00    0.000000e+00    1.000000e+00    1.000000e+00    0.000000e+00    0.000000e+00    0.000000e+00    0.000000e+00
    7.886037e+15    5.266666e+36    2.008998e+00    7.643876e-02    6.478006e-02    8.587812e-01    1.412188e-01    0.000000e+00    0.000000e+00    0.000000e+00    0.000000e+00    1.000000e+00    1.000000e+00    0.000000e+00    0.000000e+00    0.000000e+00    0.000000e+00
    7.972290e+15    5.333903e+36    2.021570e+00    7.643717e-02    6.482561e-02    8.587372e-01    1.412628e-01    0.000000e+00    0.000000e+00    0.000000e+00    0.000000e+00    1.000000e+00    1.000000e+00    0.000000e+00    0.000000e+00    0.000000e+00    0.000000e+00
    8.059010e+15    5.401544e+36    2.034142e+00    7.643547e-02    6.487059e-02    8.586939e-01    1.413061e-01    0.000000e+00    0.000000e+00    0.000000e+00    0.000000e+00    1.000000e+00    1.000000e+00    0.000000e+00    0.000000e+00    0.000000e+00    0.000000e+00
    8.146197e+15    5.469589e+36    2.046714e+00    7.643369e-02    6.491501e-02    8.586513e-01    1.413487e-01    0.000000e+00    0.000000e+00    0.000000e+00    0.000000e+00    1.000000e+00    1.000000e+00    0.000000e+00    0.000000e+00    0.000000e+00    0.000000e+00
    8.233851e+15    5.538039e+36    2.059287e+00    7.643182e-02    6.495889e-02    8.586093e-01    1.413907e-01    0.000000e+00    0.000000e+00    0.000000e+00    0.000000e+00    1.000000e+00    1.000000e+00    0.000000e+00    0.000000e+00    0.000000e+00    0.000000e+00
    8.321971e+15    5.606893e+36    2.071859e+00    7.642987e-02    6.500224e-02    8.585679e-01    1.414321e-01    0.000000e+00    0.000000e+00    0.000000e+00    0.000000e+00    1.000000e+00    1.000000e+00    0.000000e+00    0.000000e+00    0.000000e+00    0.000000e+00
    8.410558e+15    5.676151e+36    2.084431e+00    7.642784e-02    6.504506e-02    8.585271e-01    1.414729e-01    0.000000e+00    0.000000e+00    0.000000e+00    0.000000e+00    1.000000e+00    1.000000e+00    0.000000e+00    0.000000e+00    0.000000e+00    0.000000e+00
    8.499612e+15    5.745812e+36    2.097004e+00    7.642573e-02    6.508737e-02    8.584869e-01    1.415131e-01    0.000000e+00    0.000000e+00    0.000000e+00    0.000000e+00    1.000000e+00    1.000000e+00    0.000000e+00    0.000000e+00    0.000000e+00    0.000000e+00
    8.589131e+15    5.815878e+36    2.109576e+00    7.642356e-02    6.512917e-02    8.584473e-01    1.415527e-01    0.000000e+00    0.000000e+00    0.000000e+00    0.000000e+00    1.000000e+00    1.000000e+00    0.000000e+00    0.000000e+00    0.000000e+00    0.000000e+00
    8.679117e+15    5.886348e+36    2.122148e+00    7.642131e-02    6.517047e-02    8.584082e-01    1.415918e-01    0.000000e+00    0.000000e+00    0.000000e+00    0.000000e+00    1.000000e+00    1.000000e+00    0.000000e+00    0.000000e+00    0.000000e+00    0.000000e+00
    8.769570e+15    5.957221e+36    2.134721e+00    7.641900e-02    6.521129e-02    8.583697e-01    1.416303e-01    0.000000e+00    0.000000e+00    0.000000e+00    0.000000e+00    1.000000e+00    1.000000e+00    0.000000e+00    0.000000e+00    0.000000e+00    0.000000e+00
    8.860488e+15    6.028498e+36    2.147293e+00    7.641662e-02    6.525164e-02    8.583317e-01    1.416683e-01    0.000000e+00    0.000000e+00    0.000000e+00    0.000000e+00    1.000000e+00    1.000000e+00    0.000000e+00    0.000000e+00    0.000000e+00    0.000000e+00
    8.951872e+15    6.100178e+36    2.159865e+00    7.641418e-02    6.529151e-02    8.582943e-01    1.417057e-01    0.000000e+00    0.000000e+00    0.000000e+00    0.000000e+00    1.000000e+00    1.000000e+00    0.000000e+00    0.000000e+00    0.000000e+00    0.000000e+00
    9.043722e+15    6.172262e+36    2.172438e+00    7.641168e-02    6.533093e-02    8.582574e-01    1.417426e-01    0.000000e+00    0.000000e+00    0.000000e+00    0.000000e+00    1.000000e+00    1.000000e+00    0.000000e+00    0.000000e+00    0.000000e+00    0.000000e+00
    9.136038e+15    6.244749e+36    2.185010e+00    7.640911e-02    6.536989e-02    8.582210e-01    1.417790e-01    0.000000e+00    0.000000e+00    0.000000e+00    0.000000e+00    1.000000e+00    1.000000e+00    0.000000e+00    0.000000e+00    0.000000e+00    0.000000e+00
    9.228819e+15    6.317640e+36    2.197582e+00    7.640649e-02    6.540841e-02    8.581851e-01    1.418149e-01    0.000000e+00    0.000000e+00    0.000000e+00    0.000000e+00    1.000000e+00    1.000000e+00    0.000000e+00    0.000000e+00    0.000000e+00    0.000000e+00
    9.322066e+15    6.390933e+36    2.210155e+00    7.640381e-02    6.544650e-02    8.581497e-01    1.418503e-01    0.000000e+00    0.000000e+00    0.000000e+00    0.000000e+00    1.000000e+00    1.000000e+00    0.000000e+00    0.000000e+00    0.000000e+00    0.000000e+00
    9.415778e+15    6.464630e+36    2.222727e+00    7.640108e-02    6.548416e-02    8.581148e-01    1.418852e-01    0.000000e+00    0.000000e+00    0.000000e+00    0.000000e+00    1.000000e+00    1.000000e+00    0.000000e+00    0.000000e+00    0.000000e+00    0.000000e+00
    9.509955e+15    6.538730e+36    2.235299e+00    7.639829e-02    6.552139e-02    8.580803e-01    1.419197e-01    0.000000e+00    0.000000e+00    0.000000e+00    0.000000e+00    1.000000e+00    1.000000e+00    0.000000e+00    0.000000e+00    0.000000e+00    0.000000e+00
    9.604597e+15    6.613232e+36    2.247871e+00    7.639546e-02    6.555822e-02    8.580463e-01    1.419537e-01    0.000000e+00    0.000000e+00    0.000000e+00    0.000000e+00    1.000000e+00    1.000000e+00    0.000000e+00    0.000000e+00    0.000000e+00    0.000000e+00
    9.699704e+15    6.688138e+36    2.260444e+00    7.639257e-02    6.559464e-02    8.580128e-01    1.419872e-01    0.000000e+00    0.000000e+00    0.000000e+00    0.000000e+00    1.000000e+00    1.000000e+00    0.000000e+00    0.000000e+00    0.000000e+00    0.000000e+00
    9.795276e+15    6.763446e+36    2.273016e+00    7.638964e-02    6.563067e-02    8.579797e-01    1.420203e-01    0.000000e+00    0.000000e+00    0.000000e+00    0.000000e+00    1.000000e+00    1.000000e+00    0.000000e+00    0.000000e+00    0.000000e+00    0.000000e+00
    9.891313e+15    6.839157e+36    2.285588e+00    7.638666e-02    6.566631e-02    8.579470e-01    1.420530e-01    0.000000e+00    0.000000e+00    0.000000e+00    0.000000e+00    1.000000e+00    1.000000e+00    0.000000e+00    0.000000e+00    0.000000e+00    0.000000e+00
    9.987814e+15    6.915270e+36    2.298161e+00    7.638363e-02    6.570156e-02    8.579148e-01    1.420852e-01    0.000000e+00    0.000000e+00    0.000000e+00    0.000000e+00    1.000000e+00    1.000000e+00    0.000000e+00    0.000000e+00    0.000000e+00    0.000000e+00
    1.008478e+16    6.991786e+36    2.310733e+00    7.638056e-02    6.573643e-02    8.578830e-01    1.421170e-01    0.000000e+00    0.000000e+00    0.000000e+00    0.000000e+00    1.000000e+00    1.000000e+00    0.000000e+00    0.000000e+00    0.000000e+00    0.000000e+00
    1.018221e+16    7.068704e+36    2.323305e+00    7.637745e-02    6.577093e-02    8.578516e-01    1.421484e-01    0.000000e+00    0.000000e+00    0.000000e+00    0.000000e+00    1.000000e+00    1.000000e+00    0.000000e+00    0.000000e+00    0.000000e+00    0.000000e+00
    1.028010e+16    7.146025e+36    2.335878e+00    7.637430e-02    6.580508e-02    8.578206e-01    1.421794e-01    0.000000e+00    0.000000e+00    0.000000e+00    0.000000e+00    1.000000e+00    1.000000e+00    0.000000e+00    0.000000e+00    0.000000e+00    0.000000e+00
    1.037846e+16    7.223747e+36    2.348450e+00    7.637110e-02    6.583886e-02    8.577900e-01    1.422100e-01    0.000000e+00    0.000000e+00    0.000000e+00    0.000000e+00    1.000000e+00    1.000000e+00    0.000000e+00    0.000000e+00    0.000000e+00    0.000000e+00
    1.047728e+16    7.301872e+36    2.361022e+00    7.636787e-02    6.587229e-02    8.577598e-01    1.422402e-01    0.000000e+00    0.000000e+00    0.000000e+00    0.000000e+00    1.000000e+00    1.000000e+00    0.000000e+00    0.000000e+00    0.000000e+00    0.000000e+00
    1.057657e+16    7.380399e+36    2.373595e+00    7.636461e-02    6.590538e-02    8.577300e-01    1.422700e-01    0.000000e+00    0.000000e+00    0.000000e+00    0.000000e+00    1.000000e+00    1.000000e+00    0.000000e+00    0.000000e+00    0.000000e+00    0.000000e+00
    1.067632e+16    7.459328e+36    2.386167e+00    7.636130e-02    6.593812e-02    8.577006e-01    1.422994e-01    0.000000e+00    0.000000e+00    0.000000e+00    0.000000e+00    1.000000e+00    1.000000e+00    0.000000e+00    0.000000e+00    0.000000e+00    0.000000e+00
    1.077653e+16    7.538658e+36    2.398739e+00    7.635797e-02    6.597053e-02    8.576715e-01    1.423285e-01    0.000000e+00    0.000000e+00    0.000000e+00    0.000000e+00    1.000000e+00    1.000000e+00    0.000000e+00    0.000000e+00    0.000000e+00    0.000000e+00
    1.087721e+16    7.618390e+36    2.411312e+00    7.635460e-02    6.600262e-02    8.576428e-01    1.423572e-01    0.000000e+00    0.000000e+00    0.000000e+00    0.000000e+00    1.000000e+00    1.000000e+00    0.000000e+00    0.000000e+00    0.000000e+00    0.000000e+00
    1.097835e+16    7.698524e+36    2.423884e+00    7.635120e-02    6.603438e-02    8.576144e-01    1.423856e-01    0.000000e+00    0.000000e+00    0.000000e+00    0.000000e+00    1.000000e+00    1.000000e+00    0.000000e+00    0.000000e+00    0.000000e+00    0.000000e+00
    1.107995e+16    7.779060e+36    2.436456e+00    7.634776e-02    6.606583e-02    8.575864e-01    1.424136e-01    0.000000e+00    0.000000e+00    0.000000e+00    0.000000e+00    1.000000e+00    1.000000e+00    0.000000e+00    0.000000e+00    0.000000e+00    0.000000e+00
    1.118202e+16    7.859997e+36    2.449028e+00    7.634430e-02    6.609696e-02    8.575587e-01    1.424413e-01    0.000000e+00    0.000000e+00    0.000000e+00    0.000000e+00    1.000000e+00    1.000000e+00    0.000000e+00    0.000000e+00    0.000000e+00    0.000000e+00
    1.128455e+16    7.941335e+36    2.461601e+00    7.634081e-02    6.612778e-02    8.575314e-01    1.424686e-01    0.000000e+00    0.000000e+00    0.000000e+00    0.000000e+00    1.000000e+00    1.000000e+00    0.000000e+00    0.000000e+00    0.000000e+00    0.000000e+00
    1.138754e+16    8.023075e+36    2.474173e+00    7.633729e-02    6.615831e-02    8.575044e-01    1.424956e-01    0.000000e+00    0.000000e+00    0.000000e+00    0.000000e+00    1.000000e+00    1.000000e+00    0.000000e+00    0.000000e+00    0.000000e+00    0.000000e+00
    1.149099e+16    8.105216e+36    2.486745e+00    7.633375e-02    6.618854e-02    8.574777e-01    1.425223e-01    0.000000e+00    0.000000e+00    0.000000e+00    0.000000e+00    1.000000e+00    1.000000e+00    0.000000e+00    0.000000e+00    0.000000e+00    0.000000e+00
    1.159491e+16    8.187758e+36    2.499318e+00    7.633018e-02    6.621847e-02    8.574513e-01    1.425487e-01    0.000000e+00    0.000000e+00    0.000000e+00    0.000000e+00    1.000000e+00    1.000000e+00    0.000000e+00    0.000000e+00    0.000000e+00    0.000000e+00
    1.169929e+16    8.270701e+36    2.511890e+00    7.632659e-02    6.624812e-02    8.574253e-01    1.425747e-01    0.000000e+00    0.000000e+00    0.000000e+00    0.000000e+00    1.000000e+00    1.000000e+00    0.000000e+00    0.000000e+00    0.000000e+00    0.000000e+00
