     3   426   286

   2.83840e+15   9.68610e+35   1.20000e+00   3.05840e-02   1.90270e-02   2.51040e-01   2.04440e-01   2.00960e-01   1.17910e-01   7.45020e-02   3.96220e-02   7.65410e-02   3.49830e-02   4.79520e-01   5.04280e-01   6.00040e-01   6.24800e-01   6.00040e-01   5.75280e-01   7.20560e-01   6.95800e-01
   2.82550e+15   9.61480e+35   1.19600e+00   3.07780e-02   1.91690e-02   2.51750e-01   2.04860e-01   2.01170e-01   1.17810e-01   7.42110e-02   3.92260e-02   7.63310e-02   3.46340e-02   4.79890e-01   5.04700e-01   6.00540e-01   6.25350e-01   6.00540e-01   5.75730e-01   7.21200e-01   6.96390e-01
   2.81260e+15   9.54370e+35   1.19210e+00   3.09740e-02   1.93120e-02   2.52460e-01   2.05290e-01   2.01380e-01   1.17720e-01   7.39170e-02   3.88270e-02   7.61200e-02   3.42820e-02   4.80260e-01   5.05120e-01   6.01050e-01   6.25910e-01   6.01050e-01   5.76190e-01   7.21840e-01   6.96970e-01
   2.79970e+15   9.47290e+35   1.18810e+00   3.11700e-02   1.94560e-02   2.53180e-01   2.05730e-01   2.01590e-01   1.17620e-01   7.36220e-02   3.84260e-02   7.59070e-02   3.39290e-02   4.80630e-01   5.05550e-01   6.01560e-01   6.26470e-01   6.01560e-01   5.76640e-01   7.22480e-01   6.97560e-01
   2.78680e+15   9.40240e+35   1.18410e+00   3.13690e-02   1.96020e-02   2.53910e-01   2.06160e-01   2.01800e-01   1.17520e-01   7.33240e-02   3.80220e-02   7.56930e-02   3.35740e-02   4.81010e-01   5.05980e-01   6.02070e-01   6.27040e-01   6.02070e-01   5.77100e-01   7.23130e-01   6.98160e-01
   2.77400e+15   9.33220e+35   1.18020e+00   3.15690e-02   1.97480e-02   2.54640e-01   2.06600e-01   2.02010e-01   1.17420e-01   7.30240e-02   3.76170e-02   7.54760e-02   3.32170e-02   4.81390e-01   5.06420e-01   6.02590e-01   6.27610e-01   6.02590e-01   5.77560e-01   7.23780e-01   6.98760e-01
   2.76120e+15   9.26230e+35   1.17620e+00   3.17700e-02   1.98960e-02   2.55370e-01   2.07040e-01   2.02220e-01   1.17320e-01   7.27210e-02   3.72090e-02   7.52580e-02   3.28580e-02   4.81780e-01   5.06860e-01   6.03110e-01   6.28190e-01   6.03110e-01   5.78030e-01   7.24440e-01   6.99360e-01
   2.74840e+15   9.19270e+35   1.17220e+00   3.19730e-02   2.00450e-02   2.56110e-01   2.07480e-01   2.02430e-01   1.17220e-01   7.24160e-02   3.67990e-02   7.50390e-02   3.24970e-02   4.82170e-01   5.07300e-01   6.03630e-01   6.28770e-01   6.03630e-01   5.78500e-01   7.25100e-01   6.99960e-01
   2.73570e+15   9.12340e+35   1.16830e+00   3.21770e-02   2.01950e-02   2.56860e-01   2.07930e-01   2.02640e-01   1.17120e-01   7.21090e-02   3.63860e-02   7.48180e-02   3.21350e-02   4.82560e-01   5.07750e-01   6.04160e-01   6.29350e-01   6.04160e-01   5.78970e-01   7.25760e-01   7.00570e-01
   2.72290e+15   9.05440e+35   1.16430e+00   3.23830e-02   2.03460e-02   2.57610e-01   2.08380e-01   2.02860e-01   1.17020e-01   7.18000e-02   3.59710e-02   7.45950e-02   3.17700e-02   4.82950e-01   5.08200e-01   6.04690e-01   6.29940e-01   6.04690e-01   5.79450e-01   7.26430e-01   7.01180e-01
   2.71030e+15   8.98580e+35   1.16030e+00   3.25900e-02   2.04990e-02   2.58370e-01   2.08830e-01   2.03070e-01   1.16920e-01   7.14880e-02   3.55540e-02   7.43700e-02   3.14030e-02   4.83350e-01   5.08660e-01   6.05230e-01   6.30530e-01   6.05230e-01   5.79920e-01   7.27110e-01   7.01800e-01
   2.69760e+15   8.91740e+35   1.15640e+00   3.27990e-02   2.06520e-02   2.59130e-01   2.09280e-01   2.03280e-01   1.16820e-01   7.11740e-02   3.51350e-02   7.41430e-02   3.10340e-02   4.83760e-01   5.09120e-01   6.05770e-01   6.31130e-01   6.05770e-01   5.80410e-01   7.27780e-01   7.02420e-01
   2.68490e+15   8.84930e+35   1.15240e+00   3.30100e-02   2.08070e-02   2.59900e-01   2.09730e-01   2.03500e-01   1.16720e-01   7.08570e-02   3.47130e-02   7.39150e-02   3.06630e-02   4.84160e-01   5.09580e-01   6.06310e-01   6.31730e-01   6.06310e-01   5.80890e-01   7.28460e-01   7.03040e-01
   2.67230e+15   8.78150e+35   1.14840e+00   3.32220e-02   2.09630e-02   2.60680e-01   2.10190e-01   2.03720e-01   1.16610e-01   7.05380e-02   3.42890e-02   7.36850e-02   3.02910e-02   4.84570e-01   5.10050e-01   6.06860e-01   6.32340e-01   6.06860e-01   5.81380e-01   7.29150e-01   7.03670e-01
   2.65970e+15   8.71400e+35   1.14450e+00   3.34360e-02   2.11200e-02   2.61460e-01   2.10650e-01   2.03930e-01   1.16510e-01   7.02160e-02   3.38630e-02   7.34520e-02   2.99160e-02   4.84990e-01   5.10520e-01   6.07410e-01   6.32950e-01   6.07410e-01   5.81880e-01   7.29830e-01   7.04300e-01
   2.64720e+15   8.64680e+35   1.14050e+00   3.36510e-02   2.12790e-02   2.62250e-01   2.11120e-01   2.04150e-01   1.16400e-01   6.98920e-02   3.34350e-02   7.32190e-02   2.95390e-02   4.85400e-01   5.11000e-01   6.07970e-01   6.33560e-01   6.07970e-01   5.82370e-01   7.30530e-01   7.04930e-01
   2.63460e+15   8.58000e+35   1.13650e+00   3.38680e-02   2.14390e-02   2.63040e-01   2.11580e-01   2.04370e-01   1.16300e-01   6.95650e-02   3.30040e-02   7.29830e-02   2.91600e-02   4.85830e-01   5.11480e-01   6.08520e-01   6.34180e-01   6.08520e-01   5.82870e-01   7.31220e-01   7.05570e-01
   2.62210e+15   8.51340e+35   1.13260e+00   3.40870e-02   2.16000e-02   2.63840e-01   2.12050e-01   2.04590e-01   1.16190e-01   6.92360e-02   3.25700e-02   7.27450e-02   2.87800e-02   4.86250e-01   5.11960e-01   6.09090e-01   6.34800e-01   6.09090e-01   5.83380e-01   7.31920e-01   7.06210e-01
   2.60960e+15   8.44710e+35   1.12860e+00   3.43080e-02   2.17620e-02   2.64650e-01   2.12520e-01   2.04810e-01   1.16080e-01   6.89040e-02   3.21350e-02   7.25050e-02   2.83970e-02   4.86680e-01   5.12450e-01   6.09650e-01   6.35430e-01   6.09650e-01   5.83880e-01   7.32630e-01   7.06850e-01
   2.59720e+15   8.38110e+35   1.12460e+00   3.45300e-02   2.19260e-02   2.65460e-01   2.12990e-01   2.05030e-01   1.15970e-01   6.85700e-02   3.16970e-02   7.22640e-02   2.80120e-02   4.87110e-01   5.12950e-01   6.10220e-01   6.36060e-01   6.10220e-01   5.84390e-01   7.33340e-01   7.07500e-01
   2.58470e+15   8.31540e+35   1.12070e+00   3.47530e-02   2.20910e-02   2.66280e-01   2.13470e-01   2.05250e-01   1.15860e-01   6.82320e-02   3.12570e-02   7.20200e-02   2.76250e-02   4.87550e-01   5.13440e-01   6.10800e-01   6.36690e-01   6.10800e-01   5.84910e-01   7.34050e-01   7.08150e-01
   2.57230e+15   8.25010e+35   1.11670e+00   3.49790e-02   2.22570e-02   2.67110e-01   2.13950e-01   2.05470e-01   1.15750e-01   6.78920e-02   3.08140e-02   7.17740e-02   2.72360e-02   4.87990e-01   5.13950e-01   6.11380e-01   6.37330e-01   6.11380e-01   5.85420e-01   7.34760e-01   7.08810e-01
   2.55990e+15   8.18500e+35   1.11270e+00   3.52060e-02   2.24240e-02   2.67950e-01   2.14430e-01   2.05690e-01   1.15640e-01   6.75500e-02   3.03690e-02   7.15270e-02   2.68450e-02   4.88440e-01   5.14450e-01   6.11960e-01   6.37980e-01   6.11960e-01   5.85940e-01   7.35490e-01   7.09470e-01
   2.54760e+15   8.12020e+35   1.10880e+00   3.54350e-02   2.25930e-02   2.68790e-01   2.14910e-01   2.05910e-01   1.15530e-01   6.72040e-02   2.99220e-02   7.12770e-02   2.64520e-02   4.88880e-01   5.14960e-01   6.12550e-01   6.38630e-01   6.12550e-01   5.86470e-01   7.36210e-01   7.10130e-01
   2.53520e+15   8.05570e+35   1.10480e+00   3.56650e-02   2.27630e-02   2.69630e-01   2.15400e-01   2.06140e-01   1.15420e-01   6.68560e-02   2.94730e-02   7.10250e-02   2.60570e-02   4.89340e-01   5.15480e-01   6.13140e-01   6.39280e-01   6.13140e-01   5.87000e-01   7.36940e-01   7.10800e-01
   2.52290e+15   7.99150e+35   1.10080e+00   3.58980e-02   2.29340e-02   2.70490e-01   2.15890e-01   2.06360e-01   1.15310e-01   6.65050e-02   2.90210e-02   7.07710e-02   2.56600e-02   4.89790e-01   5.16000e-01   6.13730e-01   6.39940e-01   6.13730e-01   5.87530e-01   7.37670e-01   7.11470e-01
   2.51060e+15   7.92760e+35   1.09690e+00   3.61320e-02   2.31070e-02   2.71350e-01   2.16380e-01   2.06580e-01   1.15190e-01   6.61520e-02   2.85670e-02   7.05150e-02   2.52610e-02   4.90250e-01   5.16520e-01   6.14330e-01   6.40600e-01   6.14330e-01   5.88060e-01   7.38410e-01   7.12140e-01
   2.49840e+15   7.86400e+35   1.09290e+00   3.63680e-02   2.32810e-02   2.72220e-01   2.16870e-01   2.06810e-01   1.15080e-01   6.57950e-02   2.81100e-02   7.02570e-02   2.48600e-02   4.90720e-01   5.17050e-01   6.14930e-01   6.41270e-01   6.14930e-01   5.88600e-01   7.39150e-01   7.12820e-01
   2.48620e+15   7.80070e+35   1.08890e+00   3.66050e-02   2.34570e-02   2.73090e-01   2.17370e-01   2.07030e-01   1.14960e-01   6.54350e-02   2.76520e-02   6.99970e-02   2.44570e-02   4.91180e-01   5.17580e-01   6.15540e-01   6.41940e-01   6.15540e-01   5.89140e-01   7.39900e-01   7.13500e-01
   2.47390e+15   7.73770e+35   1.08500e+00   3.68450e-02   2.36340e-02   2.73970e-01   2.17870e-01   2.07260e-01   1.14850e-01   6.50730e-02   2.71910e-02   6.97340e-02   2.40520e-02   4.91650e-01   5.18120e-01   6.16150e-01   6.42620e-01   6.16150e-01   5.89690e-01   7.40650e-01   7.14180e-01
   2.46180e+15   7.67500e+35   1.08100e+00   3.70860e-02   2.38120e-02   2.74860e-01   2.18370e-01   2.07480e-01   1.14730e-01   6.47070e-02   2.67270e-02   6.94690e-02   2.36450e-02   4.92130e-01   5.18660e-01   6.16770e-01   6.43300e-01   6.16770e-01   5.90240e-01   7.41400e-01   7.14870e-01
   2.44960e+15   7.61260e+35   1.07700e+00   3.73290e-02   2.39920e-02   2.75760e-01   2.18880e-01   2.07710e-01   1.14620e-01   6.43390e-02   2.62620e-02   6.92020e-02   2.32360e-02   4.92610e-01   5.19210e-01   6.17390e-01   6.43990e-01   6.17390e-01   5.90790e-01   7.42160e-01   7.15560e-01
   2.43750e+15   7.55050e+35   1.07310e+00   3.75750e-02   2.41730e-02   2.76670e-01   2.19380e-01   2.07930e-01   1.14500e-01   6.39670e-02   2.57940e-02   6.89320e-02   2.28250e-02   4.93090e-01   5.19760e-01   6.18010e-01   6.44680e-01   6.18010e-01   5.91340e-01   7.42930e-01   7.16260e-01
   2.42540e+15   7.48870e+35   1.06910e+00   3.78210e-02   2.43550e-02   2.77580e-01   2.19890e-01   2.08160e-01   1.14380e-01   6.35920e-02   2.53240e-02   6.86600e-02   2.24130e-02   4.93580e-01   5.20320e-01   6.18640e-01   6.45370e-01   6.18640e-01   5.91900e-01   7.43700e-01   7.16960e-01
   2.41330e+15   7.42720e+35   1.06510e+00   3.80700e-02   2.45390e-02   2.78500e-01   2.20400e-01   2.08390e-01   1.14260e-01   6.32140e-02   2.48520e-02   6.83860e-02   2.19980e-02   4.94070e-01   5.20880e-01   6.19270e-01   6.46080e-01   6.19270e-01   5.92470e-01   7.44470e-01   7.17660e-01
   2.40130e+15   7.36600e+35   1.06120e+00   3.83210e-02   2.47250e-02   2.79430e-01   2.20920e-01   2.08610e-01   1.14140e-01   6.28330e-02   2.43780e-02   6.81090e-02   2.15810e-02   4.94570e-01   5.21440e-01   6.19910e-01   6.46780e-01   6.19910e-01   5.93030e-01   7.45240e-01   7.18370e-01
   2.38920e+15   7.30500e+35   1.05720e+00   3.85740e-02   2.49120e-02   2.80360e-01   2.21430e-01   2.08840e-01   1.14020e-01   6.24490e-02   2.39010e-02   6.78300e-02   2.11620e-02   4.95070e-01   5.22010e-01   6.20550e-01   6.47490e-01   6.20550e-01   5.93600e-01   7.46030e-01   7.19080e-01
   2.37720e+15   7.24440e+35   1.05320e+00   3.88280e-02   2.51000e-02   2.81300e-01   2.21950e-01   2.09070e-01   1.13900e-01   6.20610e-02   2.34220e-02   6.75490e-02   2.07410e-02   4.95570e-01   5.22590e-01   6.21190e-01   6.48210e-01   6.21190e-01   5.94170e-01   7.46810e-01   7.19790e-01
   2.36520e+15   7.18410e+35   1.04930e+00   3.90850e-02   2.52900e-02   2.82260e-01   2.22480e-01   2.09300e-01   1.13780e-01   6.16700e-02   2.29410e-02   6.72640e-02   2.03190e-02   4.96080e-01   5.23170e-01   6.21840e-01   6.48930e-01   6.21840e-01   5.94750e-01   7.47600e-01   7.20510e-01
   2.35330e+15   7.12400e+35   1.04530e+00   3.93430e-02   2.54810e-02   2.83220e-01   2.23000e-01   2.09520e-01   1.13660e-01   6.12760e-02   2.24580e-02   6.69780e-02   1.98940e-02   4.96590e-01   5.23750e-01   6.22490e-01   6.49660e-01   6.22490e-01   5.95330e-01   7.48400e-01   7.21230e-01
   2.34140e+15   7.06430e+35   1.04130e+00   3.96030e-02   2.56740e-02   2.84180e-01   2.23520e-01   2.09750e-01   1.13530e-01   6.08780e-02   2.19730e-02   6.66880e-02   1.94680e-02   4.97110e-01   5.24340e-01   6.23150e-01   6.50390e-01   6.23150e-01   5.95910e-01   7.49190e-01   7.21960e-01
   2.32950e+15   7.00480e+35   1.03740e+00   3.98660e-02   2.58680e-02   2.85160e-01   2.24050e-01   2.09980e-01   1.13410e-01   6.04770e-02   2.14860e-02   6.63960e-02   1.90400e-02   4.97620e-01   5.24940e-01   6.23810e-01   6.51120e-01   6.23810e-01   5.96500e-01   7.50000e-01   7.22690e-01
   2.31760e+15   6.94570e+35   1.03340e+00   4.01300e-02   2.60640e-02   2.86140e-01   2.24580e-01   2.10210e-01   1.13290e-01   6.00730e-02   2.09970e-02   6.61020e-02   1.86100e-02   4.98150e-01   5.25540e-01   6.24480e-01   6.51860e-01   6.24480e-01   5.97090e-01   7.50810e-01   7.23420e-01
   2.30570e+15   6.88680e+35   1.02940e+00   4.03970e-02   2.62610e-02   2.87140e-01   2.25120e-01   2.10430e-01   1.13160e-01   5.96650e-02   2.05060e-02   6.58040e-02   1.81780e-02   4.98680e-01   5.26140e-01   6.25150e-01   6.52610e-01   6.25150e-01   5.97680e-01   7.51620e-01   7.24150e-01
   2.29390e+15   6.82820e+35   1.02550e+00   4.06650e-02   2.64600e-02   2.88140e-01   2.25650e-01   2.10660e-01   1.13040e-01   5.92530e-02   2.00140e-02   6.55040e-02   1.77450e-02   4.99210e-01   5.26750e-01   6.25820e-01   6.53360e-01   6.25820e-01   5.98280e-01   7.52430e-01   7.24890e-01
   2.28210e+15   6.76990e+35   1.02150e+00   4.09360e-02   2.66600e-02   2.89150e-01   2.26190e-01   2.10890e-01   1.12910e-01   5.88370e-02   1.95190e-02   6.52010e-02   1.73100e-02   4.99740e-01   5.27360e-01   6.26500e-01   6.54120e-01   6.26500e-01   5.98880e-01   7.53260e-01   7.25640e-01
   2.27030e+15   6.71190e+35   1.01750e+00   4.12080e-02   2.68620e-02   2.90170e-01   2.26730e-01   2.11110e-01   1.12780e-01   5.84180e-02   1.90220e-02   6.48950e-02   1.68730e-02   5.00280e-01   5.27980e-01   6.27180e-01   6.54880e-01   6.27180e-01   5.99480e-01   7.54080e-01   7.26380e-01
   2.25860e+15   6.65420e+35   1.01360e+00   4.14830e-02   2.70650e-02   2.91190e-01   2.27270e-01   2.11340e-01   1.12660e-01   5.79950e-02   1.85240e-02   6.45870e-02   1.64350e-02   5.00830e-01   5.28610e-01   6.27870e-01   6.55650e-01   6.27870e-01   6.00090e-01   7.54910e-01   7.27130e-01
   2.24690e+15   6.59680e+35   1.00960e+00   4.17590e-02   2.72700e-02   2.92230e-01   2.27810e-01   2.11570e-01   1.12530e-01   5.75690e-02   1.80240e-02   6.42750e-02   1.59950e-02   5.01370e-01   5.29240e-01   6.28560e-01   6.56420e-01   6.28560e-01   6.00700e-01   7.55750e-01   7.27880e-01
   2.23520e+15   6.53970e+35   1.00560e+00   4.20380e-02   2.74760e-02   2.93280e-01   2.28350e-01   2.11790e-01   1.12400e-01   5.71380e-02   1.75230e-02   6.39600e-02   1.55530e-02   5.01920e-01   5.29870e-01   6.29260e-01   6.57200e-01   6.29260e-01   6.01310e-01   7.56590e-01   7.28640e-01
   2.22350e+15   6.48290e+35   1.00170e+00   4.23190e-02   2.76840e-02   2.94330e-01   2.28900e-01   2.12020e-01   1.12280e-01   5.67040e-02   1.70200e-02   6.36420e-02   1.51110e-02   5.02480e-01   5.30510e-01   6.29950e-01   6.57980e-01   6.29950e-01   6.01930e-01   7.57430e-01   7.29400e-01
   2.21190e+15   6.42630e+35   9.97700e-01   4.26020e-02   2.78940e-02   2.95400e-01   2.29450e-01   2.12240e-01   1.12150e-01   5.62650e-02   1.65150e-02   6.33220e-02   1.46660e-02   5.03040e-01   5.31150e-01   6.30660e-01   6.58770e-01   6.30660e-01   6.02540e-01   7.58280e-01   7.30160e-01
   2.20020e+15   6.37000e+35   9.93730e-01   4.28870e-02   2.81050e-02   2.96470e-01   2.30000e-01   2.12460e-01   1.12020e-01   5.58230e-02   1.60090e-02   6.29980e-02   1.42210e-02   5.03600e-01   5.31800e-01   6.31370e-01   6.59570e-01   6.31370e-01   6.03170e-01   7.59130e-01   7.30930e-01
   2.18860e+15   6.31410e+35   9.89770e-01   4.31740e-02   2.83180e-02   2.97560e-01   2.30550e-01   2.12680e-01   1.11890e-01   5.53760e-02   1.55020e-02   6.26700e-02   1.37740e-02   5.04170e-01   5.32460e-01   6.32080e-01   6.60370e-01   6.32080e-01   6.03790e-01   7.59990e-01   7.31700e-01
   2.17710e+15   6.25840e+35   9.85800e-01   4.34630e-02   2.85320e-02   2.98650e-01   2.31100e-01   2.12900e-01   1.11760e-01   5.49250e-02   1.49940e-02   6.23400e-02   1.33260e-02   5.04740e-01   5.33120e-01   6.32800e-01   6.61170e-01   6.32800e-01   6.04420e-01   7.60850e-01   7.32470e-01
   2.16550e+15   6.20300e+35   9.81830e-01   4.37540e-02   2.87480e-02   2.99750e-01   2.31660e-01   2.13120e-01   1.11630e-01   5.44700e-02   1.44840e-02   6.20060e-02   1.28770e-02   5.05320e-01   5.33780e-01   6.33520e-01   6.61990e-01   6.33520e-01   6.05050e-01   7.61720e-01   7.33250e-01
   2.15400e+15   6.14790e+35   9.77870e-01   4.40480e-02   2.89660e-02   3.00870e-01   2.32210e-01   2.13340e-01   1.11500e-01   5.40100e-02   1.39740e-02   6.16680e-02   1.24270e-02   5.05890e-01   5.34460e-01   6.34240e-01   6.62800e-01   6.34240e-01   6.05680e-01   7.62590e-01   7.34030e-01
   2.14250e+15   6.09300e+35   9.73900e-01   4.43440e-02   2.91850e-02   3.01990e-01   2.32770e-01   2.13560e-01   1.11370e-01   5.35460e-02   1.34630e-02   6.13270e-02   1.19760e-02   5.06480e-01   5.35130e-01   6.34970e-01   6.63630e-01   6.34970e-01   6.06320e-01   7.63470e-01   7.34810e-01
   2.13100e+15   6.03850e+35   9.69930e-01   4.46410e-02   2.94060e-02   3.03120e-01   2.33320e-01   2.13780e-01   1.11240e-01   5.30770e-02   1.29510e-02   6.09830e-02   1.15250e-02   5.07060e-01   5.35810e-01   6.35700e-01   6.64460e-01   6.35700e-01   6.06950e-01   7.64350e-01   7.35600e-01
   2.11960e+15   5.98420e+35   9.65970e-01   4.49410e-02   2.96280e-02   3.04270e-01   2.33880e-01   2.13990e-01   1.11110e-01   5.26040e-02   1.24380e-02   6.06350e-02   1.10730e-02   5.07650e-01   5.36500e-01   6.36440e-01   6.65290e-01   6.36440e-01   6.07590e-01   7.65230e-01   7.36380e-01
   2.10810e+15   5.93020e+35   9.62000e-01   4.52440e-02   2.98520e-02   3.05420e-01   2.34440e-01   2.14200e-01   1.10980e-01   5.21260e-02   1.19260e-02   6.02830e-02   1.06200e-02   5.08250e-01   5.37190e-01   6.37180e-01   6.66130e-01   6.37180e-01   6.08240e-01   7.66120e-01   7.37170e-01
   2.09670e+15   5.87650e+35   9.58030e-01   4.55480e-02   3.00770e-02   3.06590e-01   2.35000e-01   2.14410e-01   1.10860e-01   5.16430e-02   1.14130e-02   5.99270e-02   1.01670e-02   5.08840e-01   5.37890e-01   6.37930e-01   6.66980e-01   6.37930e-01   6.08880e-01   7.67020e-01   7.37970e-01
   2.08540e+15   5.82310e+35   9.54070e-01   4.58540e-02   3.03040e-02   3.07760e-01   2.35550e-01   2.14620e-01   1.10730e-01   5.11560e-02   1.09000e-02   5.95680e-02   9.71390e-03   5.09440e-01   5.38590e-01   6.38680e-01   6.67830e-01   6.38680e-01   6.09530e-01   7.67910e-01   7.38760e-01
   2.07400e+15   5.77000e+35   9.50100e-01   4.61630e-02   3.05330e-02   3.08950e-01   2.36110e-01   2.14820e-01   1.10600e-01   5.06630e-02   1.03880e-02   5.92040e-02   9.26080e-03   5.10050e-01   5.39300e-01   6.39430e-01   6.68690e-01   6.39430e-01   6.10180e-01   7.68820e-01   7.39560e-01
   2.06270e+15   5.71710e+35   9.46130e-01   4.64740e-02   3.07630e-02   3.10150e-01   2.36670e-01   2.15030e-01   1.10470e-01   5.01650e-02   9.87560e-03   5.88370e-02   8.80800e-03   5.10650e-01   5.40020e-01   6.40190e-01   6.69550e-01   6.40190e-01   6.10830e-01   7.69720e-01   7.40360e-01
   2.05140e+15   5.66450e+35   9.42170e-01   4.67860e-02   3.09940e-02   3.11360e-01   2.37230e-01   2.15230e-01   1.10340e-01   4.96620e-02   9.36450e-03   5.84650e-02   8.35570e-03   5.11260e-01   5.40740e-01   6.40950e-01   6.70420e-01   6.40950e-01   6.11480e-01   7.70640e-01   7.41160e-01
   2.04010e+15   5.61220e+35   9.38200e-01   4.71010e-02   3.12280e-02   3.12580e-01   2.37780e-01   2.15420e-01   1.10220e-01   4.91530e-02   8.85440e-03   5.80890e-02   7.90410e-03   5.11880e-01   5.41460e-01   6.41710e-01   6.71300e-01   6.41710e-01   6.12130e-01   7.71550e-01   7.41970e-01
   2.02880e+15   5.56010e+35   9.34230e-01   4.74180e-02   3.14620e-02   3.13810e-01   2.38340e-01   2.15610e-01   1.10090e-01   4.86380e-02   8.34570e-03   5.77080e-02   7.45350e-03   5.12490e-01   5.42190e-01   6.42480e-01   6.72180e-01   6.42480e-01   6.12780e-01   7.72470e-01   7.42770e-01
   2.01760e+15   5.50840e+35   9.30270e-01   4.77380e-02   3.16980e-02   3.15060e-01   2.38890e-01   2.15800e-01   1.09970e-01   4.81180e-02   7.83890e-03   5.73230e-02   7.00420e-03   5.13110e-01   5.42930e-01   6.43250e-01   6.73070e-01   6.43250e-01   6.13440e-01   7.73400e-01   7.43580e-01
   2.00640e+15   5.45680e+35   9.26300e-01   4.80590e-02   3.19360e-02   3.16310e-01   2.39440e-01   2.15990e-01   1.09840e-01   4.75920e-02   7.33420e-03   5.69330e-02   6.55660e-03   5.13730e-01   5.43670e-01   6.44030e-01   6.73970e-01   6.44030e-01   6.14090e-01   7.74330e-01   7.44390e-01
   1.99520e+15   5.40560e+35   9.22330e-01   4.83820e-02   3.21750e-02   3.17580e-01   2.39990e-01   2.16170e-01   1.09720e-01   4.70600e-02   6.83220e-03   5.65380e-02   6.11100e-03   5.14360e-01   5.44420e-01   6.44810e-01   6.74870e-01   6.44810e-01   6.14750e-01   7.75260e-01   7.45200e-01
   1.98410e+15   5.35460e+35   9.18370e-01   4.87070e-02   3.24150e-02   3.18860e-01   2.40530e-01   2.16340e-01   1.09600e-01   4.65210e-02   6.33340e-03   5.61380e-02   5.66800e-03   5.14980e-01   5.45170e-01   6.45590e-01   6.75780e-01   6.45590e-01   6.15400e-01   7.76200e-01   7.46010e-01
   1.97290e+15   5.30390e+35   9.14400e-01   4.90340e-02   3.26570e-02   3.20160e-01   2.41070e-01   2.16510e-01   1.09480e-01   4.59760e-02   5.83830e-03   5.57330e-02   5.22790e-03   5.15610e-01   5.45930e-01   6.46370e-01   6.76690e-01   6.46370e-01   6.16060e-01   7.77140e-01   7.46820e-01
   1.96180e+15   5.25340e+35   9.10430e-01   4.93630e-02   3.29000e-02   3.21460e-01   2.41610e-01   2.16680e-01   1.09370e-01   4.54240e-02   5.34770e-03   5.53220e-02   4.79140e-03   5.16240e-01   5.46690e-01   6.47160e-01   6.77610e-01   6.47160e-01   6.16710e-01   7.78080e-01   7.47630e-01
   1.95080e+15   5.20320e+35   9.06470e-01   4.96940e-02   3.31440e-02   3.22780e-01   2.42140e-01   2.16830e-01   1.09260e-01   4.48650e-02   4.86220e-03   5.49060e-02   4.35910e-03   5.16880e-01   5.47460e-01   6.47950e-01   6.78540e-01   6.47950e-01   6.17360e-01   7.79030e-01   7.48440e-01
   1.93970e+15   5.15330e+35   9.02500e-01   5.00260e-02   3.33900e-02   3.24110e-01   2.42660e-01   2.16980e-01   1.09150e-01   4.42980e-02   4.38270e-03   5.44840e-02   3.93180e-03   5.17510e-01   5.48240e-01   6.48740e-01   6.79480e-01   6.48740e-01   6.18010e-01   7.79980e-01   7.49250e-01
   1.92870e+15   5.10350e+35   8.98530e-01   5.03600e-02   3.36360e-02   3.25460e-01   2.43180e-01   2.17120e-01   1.09040e-01   4.37240e-02   3.91020e-03   5.40550e-02   3.51030e-03   5.18140e-01   5.49020e-01   6.49540e-01   6.80420e-01   6.49540e-01   6.18660e-01   7.80940e-01   7.50060e-01
   1.91770e+15   5.05410e+35   8.94570e-01   5.06960e-02   3.38830e-02   3.26820e-01   2.43690e-01   2.17250e-01   1.08940e-01   4.31410e-02   3.44600e-03   5.36200e-02   3.09580e-03   5.18780e-01   5.49810e-01   6.50330e-01   6.81370e-01   6.50330e-01   6.19300e-01   7.81890e-01   7.50860e-01
   1.90670e+15   5.00480e+35   8.90600e-01   5.10320e-02   3.41310e-02   3.28190e-01   2.44190e-01   2.17370e-01   1.08840e-01   4.25490e-02   2.99140e-03   5.31780e-02   2.68930e-03   5.19410e-01   5.50600e-01   6.51130e-01   6.82320e-01   6.51130e-01   6.19940e-01   7.82850e-01   7.51660e-01
   1.89570e+15   4.95580e+35   8.86630e-01   5.13700e-02   3.43800e-02   3.29580e-01   2.44670e-01   2.17480e-01   1.08740e-01   4.19470e-02   2.54810e-03   5.27280e-02   2.29250e-03   5.20040e-01   5.51400e-01   6.51930e-01   6.83280e-01   6.51930e-01   6.20570e-01   7.83820e-01   7.52460e-01
   1.88480e+15   4.90700e+35   8.82670e-01   5.17090e-02   3.46280e-02   3.30990e-01   2.45150e-01   2.17580e-01   1.08660e-01   4.13350e-02   2.11830e-03   5.22710e-02   1.90720e-03   5.20670e-01   5.52200e-01   6.52730e-01   6.84250e-01   6.52730e-01   6.21200e-01   7.84780e-01   7.53250e-01
   1.87390e+15   4.85840e+35   8.78700e-01   5.20480e-02   3.48770e-02   3.32400e-01   2.45600e-01   2.17660e-01   1.08580e-01   4.07120e-02   1.70450e-03   5.18040e-02   1.53570e-03   5.21300e-01   5.53010e-01   6.53520e-01   6.85230e-01   6.53520e-01   6.21810e-01   7.85750e-01   7.54040e-01
   1.86300e+15   4.81000e+35   8.74730e-01   5.23880e-02   3.51260e-02   3.33840e-01   2.46040e-01   2.17720e-01   1.08510e-01   4.00760e-02   1.31020e-03   5.13280e-02   1.18120e-03   5.21920e-01   5.53820e-01   6.54320e-01   6.86220e-01   6.54320e-01   6.22410e-01   7.86710e-01   7.54810e-01
   1.85210e+15   4.76170e+35   8.70770e-01   5.27270e-02   3.53740e-02   3.35290e-01   2.46450e-01   2.17760e-01   1.08450e-01   3.94250e-02   9.40200e-04   5.08410e-02   8.47920e-04   5.22530e-01   5.54640e-01   6.55100e-01   6.87210e-01   6.55100e-01   6.23000e-01   7.87680e-01   7.55570e-01
   1.84130e+15   4.71360e+35   8.66800e-01   5.30640e-02   3.56200e-02   3.36750e-01   2.46830e-01   2.17770e-01   1.08410e-01   3.87580e-02   6.01360e-04   5.03420e-02   5.42150e-04   5.23130e-01   5.55460e-01   6.55890e-01   6.88210e-01   6.55890e-01   6.23570e-01   7.88640e-01   7.56320e-01
   1.83050e+15   4.66560e+35   8.62830e-01   5.33990e-02   3.58640e-02   3.38240e-01   2.47170e-01   2.17740e-01   1.08380e-01   3.80680e-02   3.04970e-04   4.98260e-02   2.74180e-04   5.23720e-01   5.56280e-01   6.56660e-01   6.89220e-01   6.56660e-01   6.24100e-01   7.89600e-01   7.57040e-01
   1.81970e+15   4.61760e+35   8.58870e-01   5.37280e-02   3.61010e-02   3.39740e-01   2.47430e-01   2.17660e-01   1.08390e-01   3.73480e-02   7.41890e-05   4.92880e-02   6.54080e-05   5.24280e-01   5.57110e-01   6.57410e-01   6.90240e-01   6.57410e-01   6.24590e-01   7.90550e-01   7.57720e-01
   1.80890e+15   4.56910e+35   8.54900e-01   5.40390e-02   3.63230e-02   3.41270e-01   2.47540e-01   2.17450e-01   1.08470e-01   3.65610e-02   0.00000e+00   4.87050e-02   0.00000e+00   5.24770e-01   5.57930e-01   6.58120e-01   6.91280e-01   6.58120e-01   6.25370e-01   7.91460e-01   7.58630e-01
   1.79820e+15   4.52050e+35   8.50930e-01   5.43440e-02   3.65380e-02   3.42820e-01   2.47570e-01   2.17180e-01   1.08590e-01   3.57410e-02   0.00000e+00   4.80980e-02   0.00000e+00   5.25230e-01   5.58760e-01   6.58800e-01   6.92320e-01   6.58800e-01   6.26690e-01   7.92360e-01   7.59950e-01
   1.78750e+15   4.47230e+35   8.46970e-01   5.46500e-02   3.67550e-02   3.44390e-01   2.47600e-01   2.16900e-01   1.08710e-01   3.49190e-02   0.00000e+00   4.74860e-02   0.00000e+00   5.25700e-01   5.59590e-01   6.59480e-01   6.93380e-01   6.59480e-01   6.28020e-01   7.93270e-01   7.61280e-01
   1.77680e+15   4.42430e+35   8.43000e-01   5.49600e-02   3.69740e-02   3.45970e-01   2.47620e-01   2.16620e-01   1.08820e-01   3.40940e-02   0.00000e+00   4.68690e-02   0.00000e+00   5.26170e-01   5.60430e-01   6.60170e-01   6.94440e-01   6.60170e-01   6.29350e-01   7.94180e-01   7.62620e-01
   1.76610e+15   4.37670e+35   8.39030e-01   5.52720e-02   3.71940e-02   3.47570e-01   2.47650e-01   2.16330e-01   1.08940e-01   3.32660e-02   0.00000e+00   4.62470e-02   0.00000e+00   5.26650e-01   5.61280e-01   6.60870e-01   6.95500e-01   6.60870e-01   6.30700e-01   7.95100e-01   7.63960e-01
   1.75550e+15   4.32930e+35   8.35070e-01   5.55870e-02   3.74170e-02   3.49180e-01   2.47670e-01   2.16040e-01   1.09050e-01   3.24370e-02   0.00000e+00   4.56200e-02   0.00000e+00   5.27130e-01   5.62130e-01   6.61580e-01   6.96570e-01   6.61580e-01   6.32050e-01   7.96020e-01   7.65310e-01
   1.74480e+15   4.28230e+35   8.31100e-01   5.59040e-02   3.76410e-02   3.50810e-01   2.47690e-01   2.15740e-01   1.09160e-01   3.16050e-02   0.00000e+00   4.49870e-02   0.00000e+00   5.27620e-01   5.62980e-01   6.62290e-01   6.97650e-01   6.62290e-01   6.33400e-01   7.96950e-01   7.66660e-01
   1.73430e+15   4.23550e+35   8.27130e-01   5.62240e-02   3.78670e-02   3.52460e-01   2.47710e-01   2.15440e-01   1.09270e-01   3.07710e-02   0.00000e+00   4.43490e-02   0.00000e+00   5.28120e-01   5.63850e-01   6.63000e-01   6.98730e-01   6.63000e-01   6.34760e-01   7.97890e-01   7.68030e-01
   1.72370e+15   4.18910e+35   8.23170e-01   5.65470e-02   3.80950e-02   3.54120e-01   2.47730e-01   2.15130e-01   1.09380e-01   2.99350e-02   0.00000e+00   4.37060e-02   0.00000e+00   5.28620e-01   5.64720e-01   6.63730e-01   6.99820e-01   6.63730e-01   6.36130e-01   7.98830e-01   7.69400e-01
   1.71320e+15   4.14300e+35   8.19200e-01   5.68720e-02   3.83240e-02   3.55800e-01   2.47740e-01   2.14810e-01   1.09490e-01   2.90970e-02   0.00000e+00   4.30580e-02   0.00000e+00   5.29130e-01   5.65600e-01   6.64450e-01   7.00920e-01   6.64450e-01   6.37510e-01   7.99780e-01   7.70770e-01
   1.70260e+15   4.09710e+35   8.15230e-01   5.72000e-02   3.85560e-02   3.57490e-01   2.47760e-01   2.14490e-01   1.09600e-01   2.82580e-02   0.00000e+00   4.24040e-02   0.00000e+00   5.29650e-01   5.66480e-01   6.65190e-01   7.02020e-01   6.65190e-01   6.38890e-01   8.00730e-01   7.72160e-01
   1.69210e+15   4.05160e+35   8.11270e-01   5.75310e-02   3.87890e-02   3.59200e-01   2.47770e-01   2.14170e-01   1.09700e-01   2.74170e-02   0.00000e+00   4.17440e-02   0.00000e+00   5.30170e-01   5.67370e-01   6.65930e-01   7.03130e-01   6.65930e-01   6.40290e-01   8.01690e-01   7.73550e-01
   1.68170e+15   4.00630e+35   8.07300e-01   5.78650e-02   3.90250e-02   3.60930e-01   2.47780e-01   2.13830e-01   1.09810e-01   2.65760e-02   0.00000e+00   4.10800e-02   0.00000e+00   5.30700e-01   5.68270e-01   6.66680e-01   7.04250e-01   6.66680e-01   6.41680e-01   8.02660e-01   7.74950e-01
   1.67120e+15   3.96140e+35   8.03330e-01   5.82010e-02   3.92620e-02   3.62670e-01   2.47780e-01   2.13490e-01   1.09910e-01   2.57330e-02   0.00000e+00   4.04090e-02   0.00000e+00   5.31240e-01   5.69170e-01   6.67430e-01   7.05370e-01   6.67430e-01   6.43090e-01   8.03630e-01   7.76350e-01
   1.66080e+15   3.91680e+35   7.99370e-01   5.85400e-02   3.95010e-02   3.64430e-01   2.47790e-01   2.13150e-01   1.10010e-01   2.48900e-02   0.00000e+00   3.97330e-02   0.00000e+00   5.31780e-01   5.70090e-01   6.68190e-01   7.06500e-01   6.68190e-01   6.44500e-01   8.04610e-01   7.77770e-01
   1.65040e+15   3.87240e+35   7.95400e-01   5.88820e-02   3.97420e-02   3.66210e-01   2.47790e-01   2.12790e-01   1.10110e-01   2.40460e-02   0.00000e+00   3.90520e-02   0.00000e+00   5.32330e-01   5.71000e-01   6.68960e-01   7.07640e-01   6.68960e-01   6.45920e-01   8.05600e-01   7.79190e-01
   1.64010e+15   3.82840e+35   7.91430e-01   5.92270e-02   3.99850e-02   3.68010e-01   2.47790e-01   2.12430e-01   1.10210e-01   2.32020e-02   0.00000e+00   3.83640e-02   0.00000e+00   5.32880e-01   5.71930e-01   6.69740e-01   7.08780e-01   6.69740e-01   6.47350e-01   8.06590e-01   7.80610e-01
   1.62970e+15   3.78460e+35   7.87470e-01   5.95750e-02   4.02300e-02   3.69820e-01   2.47780e-01   2.12070e-01   1.10300e-01   2.23580e-02   0.00000e+00   3.76710e-02   0.00000e+00   5.33450e-01   5.72860e-01   6.70510e-01   7.09930e-01   6.70510e-01   6.48790e-01   8.07580e-01   7.82050e-01
   1.61940e+15   3.74110e+35   7.83500e-01   5.99260e-02   4.04760e-02   3.71650e-01   2.47770e-01   2.11690e-01   1.10400e-01   2.15140e-02   0.00000e+00   3.69720e-02   0.00000e+00   5.34020e-01   5.73800e-01   6.71300e-01   7.11080e-01   6.71300e-01   6.50230e-01   8.08590e-01   7.83490e-01
   1.60910e+15   3.69800e+35   7.79530e-01   6.02790e-02   4.07250e-02   3.73500e-01   2.47760e-01   2.11310e-01   1.10490e-01   2.06720e-02   0.00000e+00   3.62680e-02   0.00000e+00   5.34590e-01   5.74740e-01   6.72090e-01   7.12250e-01   6.72090e-01   6.51680e-01   8.09590e-01   7.84940e-01
   1.59880e+15   3.65510e+35   7.75570e-01   6.06360e-02   4.09760e-02   3.75370e-01   2.47750e-01   2.10920e-01   1.10580e-01   1.98300e-02   0.00000e+00   3.55570e-02   0.00000e+00   5.35180e-01   5.75700e-01   6.72890e-01   7.13410e-01   6.72890e-01   6.53140e-01   8.10610e-01   7.86400e-01
   1.58860e+15   3.61250e+35   7.71600e-01   6.09950e-02   4.12280e-02   3.77260e-01   2.47730e-01   2.10520e-01   1.10660e-01   1.89890e-02   0.00000e+00   3.48410e-02   0.00000e+00   5.35770e-01   5.76660e-01   6.73700e-01   7.14590e-01   6.73700e-01   6.54600e-01   8.11630e-01   7.87870e-01
   1.57840e+15   3.57020e+35   7.67630e-01   6.13570e-02   4.14820e-02   3.79160e-01   2.47710e-01   2.10110e-01   1.10750e-01   1.81510e-02   0.00000e+00   3.41190e-02   0.00000e+00   5.36360e-01   5.77620e-01   6.74510e-01   7.15770e-01   6.74510e-01   6.56080e-01   8.12660e-01   7.89340e-01
   1.56820e+15   3.52830e+35   7.63670e-01   6.17230e-02   4.17390e-02   3.81090e-01   2.47680e-01   2.09700e-01   1.10830e-01   1.73140e-02   0.00000e+00   3.33900e-02   0.00000e+00   5.36970e-01   5.78600e-01   6.75330e-01   7.16960e-01   6.75330e-01   6.57560e-01   8.13690e-01   7.90820e-01
   1.55800e+15   3.48650e+35   7.59700e-01   6.20910e-02   4.19970e-02   3.83040e-01   2.47650e-01   2.09270e-01   1.10910e-01   1.64810e-02   0.00000e+00   3.26560e-02   0.00000e+00   5.37580e-01   5.79580e-01   6.76150e-01   7.18160e-01   6.76150e-01   6.59050e-01   8.14730e-01   7.92310e-01
   1.54790e+15   3.44510e+35   7.55730e-01   6.24620e-02   4.22570e-02   3.85000e-01   2.47620e-01   2.08830e-01   1.10980e-01   1.56510e-02   0.00000e+00   3.19160e-02   0.00000e+00   5.38190e-01   5.80570e-01   6.76980e-01   7.19360e-01   6.76980e-01   6.60540e-01   8.15770e-01   7.93810e-01
   1.53770e+15   3.40400e+35   7.51770e-01   6.28360e-02   4.25190e-02   3.86980e-01   2.47580e-01   2.08390e-01   1.11050e-01   1.48240e-02   0.00000e+00   3.11700e-02   0.00000e+00   5.38820e-01   5.81560e-01   6.77820e-01   7.20570e-01   6.77820e-01   6.62050e-01   8.16830e-01   7.95310e-01
   1.52760e+15   3.36320e+35   7.47800e-01   6.32130e-02   4.27830e-02   3.88990e-01   2.47530e-01   2.07940e-01   1.11120e-01   1.40020e-02   0.00000e+00   3.04170e-02   0.00000e+00   5.39450e-01   5.82570e-01   6.78670e-01   7.21780e-01   6.78670e-01   6.63560e-01   8.17880e-01   7.96820e-01
   1.51760e+15   3.32260e+35   7.43830e-01   6.35920e-02   4.30480e-02   3.91010e-01   2.47490e-01   2.07470e-01   1.11190e-01   1.31850e-02   0.00000e+00   2.96590e-02   0.00000e+00   5.40090e-01   5.83570e-01   6.79520e-01   7.23000e-01   6.79520e-01   6.65080e-01   8.18940e-01   7.98340e-01
   1.50750e+15   3.28240e+35   7.39870e-01   6.39750e-02   4.33160e-02   3.93060e-01   2.47430e-01   2.06990e-01   1.11250e-01   1.23740e-02   0.00000e+00   2.88940e-02   0.00000e+00   5.40730e-01   5.84590e-01   6.80370e-01   7.24230e-01   6.80370e-01   6.66610e-01   8.20010e-01   7.99870e-01
   1.49750e+15   3.24240e+35   7.35900e-01   6.43610e-02   4.35850e-02   3.95120e-01   2.47370e-01   2.06510e-01   1.11300e-01   1.15700e-02   0.00000e+00   2.81230e-02   0.00000e+00   5.41380e-01   5.85620e-01   6.81230e-01   7.25470e-01   6.81230e-01   6.68150e-01   8.21090e-01   8.01410e-01
   1.48750e+15   3.20270e+35   7.31930e-01   6.47490e-02   4.38560e-02   3.97210e-01   2.47310e-01   2.06010e-01   1.11360e-01   1.07730e-02   0.00000e+00   2.73460e-02   0.00000e+00   5.42040e-01   5.86650e-01   6.82100e-01   7.26710e-01   6.82100e-01   6.69690e-01   8.22170e-01   8.02950e-01
   1.47750e+15   3.16330e+35   7.27970e-01   6.51410e-02   4.41290e-02   3.99320e-01   2.47240e-01   2.05490e-01   1.11400e-01   9.98450e-03   0.00000e+00   2.65630e-02   0.00000e+00   5.42700e-01   5.87680e-01   6.82980e-01   7.27960e-01   6.82980e-01   6.71240e-01   8.23250e-01   8.04500e-01
   1.46750e+15   3.12410e+35   7.24000e-01   6.55350e-02   4.44030e-02   4.01440e-01   2.47160e-01   2.04970e-01   1.11450e-01   9.20550e-03   0.00000e+00   2.57740e-02   0.00000e+00   5.43380e-01   5.88730e-01   6.83860e-01   7.29210e-01   6.83860e-01   6.72800e-01   8.24340e-01   8.06060e-01
   1.45760e+15   3.08530e+35   7.20030e-01   6.59320e-02   4.46790e-02   4.03590e-01   2.47080e-01   2.04430e-01   1.11490e-01   8.43700e-03   0.00000e+00   2.49780e-02   0.00000e+00   5.44050e-01   5.89780e-01   6.84740e-01   7.30470e-01   6.84740e-01   6.74370e-01   8.25440e-01   8.07630e-01
   1.44770e+15   3.04670e+35   7.16070e-01   6.63310e-02   4.49570e-02   4.05760e-01   2.46980e-01   2.03880e-01   1.11520e-01   7.68060e-03   0.00000e+00   2.41770e-02   0.00000e+00   5.44740e-01   5.90840e-01   6.85640e-01   7.31740e-01   6.85640e-01   6.75940e-01   8.26540e-01   8.09210e-01
   1.43780e+15   3.00840e+35   7.12100e-01   6.67340e-02   4.52360e-02   4.07950e-01   2.46880e-01   2.03310e-01   1.11540e-01   6.93750e-03   0.00000e+00   2.33690e-02   0.00000e+00   5.45430e-01   5.91910e-01   6.86530e-01   7.33010e-01   6.86530e-01   6.77530e-01   8.27640e-01   8.10790e-01
   1.42790e+15   2.97030e+35   7.08130e-01   6.71380e-02   4.55170e-02   4.10170e-01   2.46780e-01   2.02730e-01   1.11560e-01   6.20940e-03   0.00000e+00   2.25550e-02   0.00000e+00   5.46130e-01   5.92980e-01   6.87440e-01   7.34290e-01   6.87440e-01   6.79120e-01   8.28750e-01   8.12380e-01
   1.41810e+15   2.93260e+35   7.04170e-01   6.75460e-02   4.57990e-02   4.12400e-01   2.46660e-01   2.02130e-01   1.11580e-01   5.49830e-03   0.00000e+00   2.17350e-02   0.00000e+00   5.46830e-01   5.94060e-01   6.88350e-01   7.35580e-01   6.88350e-01   6.80720e-01   8.29860e-01   8.13980e-01
   1.40830e+15   2.89510e+35   7.00200e-01   6.79560e-02   4.60830e-02   4.14650e-01   2.46530e-01   2.01510e-01   1.11580e-01   4.80610e-03   0.00000e+00   2.09080e-02   0.00000e+00   5.47540e-01   5.95150e-01   6.89260e-01   7.36870e-01   6.89260e-01   6.82330e-01   8.30980e-01   8.15590e-01
   1.39850e+15   2.85780e+35   6.96230e-01   6.83680e-02   4.63670e-02   4.16930e-01   2.46390e-01   2.00880e-01   1.11580e-01   4.13540e-03   0.00000e+00   2.00760e-02   0.00000e+00   5.48250e-01   5.96240e-01   6.90180e-01   7.38170e-01   6.90180e-01   6.83940e-01   8.32110e-01   8.17200e-01
   1.38870e+15   2.82090e+35   6.92270e-01   6.87820e-02   4.66530e-02   4.19230e-01   2.46250e-01   2.00230e-01   1.11570e-01   3.48910e-03   0.00000e+00   1.92370e-02   0.00000e+00   5.48980e-01   5.97340e-01   6.91100e-01   7.39470e-01   6.91100e-01   6.85570e-01   8.33230e-01   8.18830e-01
   1.37900e+15   2.78410e+35   6.88300e-01   6.91990e-02   4.69390e-02   4.21550e-01   2.46090e-01   1.99550e-01   1.11560e-01   2.87060e-03   0.00000e+00   1.83930e-02   0.00000e+00   5.49700e-01   5.98450e-01   6.92030e-01   7.40780e-01   6.92030e-01   6.87200e-01   8.34360e-01   8.20460e-01
   1.36930e+15   2.74770e+35   6.84330e-01   6.96170e-02   4.72260e-02   4.23880e-01   2.45910e-01   1.98850e-01   1.11530e-01   2.28410e-03   0.00000e+00   1.75410e-02   0.00000e+00   5.50430e-01   5.99560e-01   6.92960e-01   7.42090e-01   6.92960e-01   6.88830e-01   8.35490e-01   8.22100e-01
   1.35960e+15   2.71140e+35   6.80370e-01   7.00360e-02   4.75130e-02   4.26240e-01   2.45720e-01   1.98130e-01   1.11490e-01   1.73490e-03   0.00000e+00   1.66840e-02   0.00000e+00   5.51170e-01   6.00680e-01   6.93900e-01   7.43410e-01   6.93900e-01   6.90480e-01   8.36630e-01   8.23740e-01
   1.34990e+15   2.67540e+35   6.76400e-01   7.04570e-02   4.78010e-02   4.28620e-01   2.45510e-01   1.97380e-01   1.11440e-01   1.22980e-03   0.00000e+00   1.58200e-02   0.00000e+00   5.51910e-01   6.01800e-01   6.94830e-01   7.44730e-01   6.94830e-01   6.92130e-01   8.37760e-01   8.25390e-01
   1.34020e+15   2.63960e+35   6.72430e-01   7.08790e-02   4.80880e-02   4.31010e-01   2.45290e-01   1.96600e-01   1.11370e-01   7.78220e-04   0.00000e+00   1.49490e-02   0.00000e+00   5.52650e-01   6.02930e-01   6.95770e-01   7.46060e-01   6.95770e-01   6.93790e-01   8.38900e-01   8.27050e-01
   1.33060e+15   2.60410e+35   6.68470e-01   7.13000e-02   4.83740e-02   4.33420e-01   2.45040e-01   1.95790e-01   1.11290e-01   3.94470e-04   0.00000e+00   1.40690e-02   0.00000e+00   5.53390e-01   6.04060e-01   6.96710e-01   7.47380e-01   6.96710e-01   6.95460e-01   8.40030e-01   8.28720e-01
   1.32100e+15   2.56870e+35   6.64500e-01   7.17210e-02   4.86590e-02   4.35840e-01   2.44750e-01   1.94930e-01   1.11190e-01   1.04830e-04   0.00000e+00   1.31800e-02   0.00000e+00   5.54130e-01   6.05200e-01   6.97640e-01   7.48710e-01   6.97640e-01   6.97130e-01   8.41150e-01   8.30390e-01
   1.31140e+15   2.53330e+35   6.60530e-01   7.21370e-02   4.89380e-02   4.38250e-01   2.44410e-01   1.94000e-01   1.11070e-01   0.00000e+00   0.00000e+00   1.22700e-02   0.00000e+00   5.54850e-01   6.06320e-01   6.98560e-01   7.50030e-01   6.98800e-01   6.98800e-01   8.42270e-01   8.32060e-01
   1.30190e+15   2.49810e+35   6.56570e-01   7.25510e-02   4.92140e-02   4.40670e-01   2.44040e-01   1.93020e-01   1.10920e-01   0.00000e+00   0.00000e+00   1.13510e-02   0.00000e+00   5.55570e-01   6.07450e-01   6.99470e-01   7.51350e-01   7.00470e-01   7.00470e-01   8.43370e-01   8.33730e-01
   1.29230e+15   2.46320e+35   6.52600e-01   7.29660e-02   4.94910e-02   4.43120e-01   2.43660e-01   1.92020e-01   1.10760e-01   0.00000e+00   0.00000e+00   1.04390e-02   0.00000e+00   5.56300e-01   6.08590e-01   7.00390e-01   7.52670e-01   7.02150e-01   7.02150e-01   8.44480e-01   8.35420e-01
   1.28280e+15   2.42860e+35   6.48630e-01   7.33830e-02   4.97680e-02   4.45590e-01   2.43270e-01   1.91010e-01   1.10590e-01   0.00000e+00   0.00000e+00   9.53550e-03   0.00000e+00   5.57050e-01   6.09730e-01   7.01320e-01   7.54010e-01   7.03850e-01   7.03850e-01   8.45590e-01   8.37110e-01
   1.27340e+15   2.39430e+35   6.44670e-01   7.38010e-02   5.00440e-02   4.48100e-01   2.42880e-01   1.89980e-01   1.10400e-01   0.00000e+00   0.00000e+00   8.64110e-03   0.00000e+00   5.57800e-01   6.10890e-01   7.02260e-01   7.55350e-01   7.05550e-01   7.05550e-01   8.46710e-01   8.38820e-01
   1.26390e+15   2.36030e+35   6.40700e-01   7.42190e-02   5.03210e-02   4.50640e-01   2.42490e-01   1.88920e-01   1.10190e-01   0.00000e+00   0.00000e+00   7.75800e-03   0.00000e+00   5.58560e-01   6.12050e-01   7.03200e-01   7.56690e-01   7.07270e-01   7.07270e-01   8.47840e-01   8.40530e-01
   1.25440e+15   2.32650e+35   6.36730e-01   7.46390e-02   5.05960e-02   4.53200e-01   2.42090e-01   1.87850e-01   1.09970e-01   0.00000e+00   0.00000e+00   6.88840e-03   0.00000e+00   5.59340e-01   6.13230e-01   7.04150e-01   7.58040e-01   7.08990e-01   7.08990e-01   8.48970e-01   8.42260e-01
   1.24500e+15   2.29310e+35   6.32770e-01   7.50580e-02   5.08710e-02   4.55790e-01   2.41690e-01   1.86750e-01   1.09730e-01   0.00000e+00   0.00000e+00   6.03480e-03   0.00000e+00   5.60120e-01   6.14410e-01   7.05110e-01   7.59400e-01   7.10730e-01   7.10730e-01   8.50100e-01   8.43990e-01
   1.23560e+15   2.25990e+35   6.28800e-01   7.54770e-02   5.11440e-02   4.58420e-01   2.41290e-01   1.85630e-01   1.09470e-01   0.00000e+00   0.00000e+00   5.20040e-03   0.00000e+00   5.60920e-01   6.15610e-01   7.06080e-01   7.60760e-01   7.12480e-01   7.12480e-01   8.51240e-01   8.45740e-01
   1.22630e+15   2.22700e+35   6.24830e-01   7.58950e-02   5.14140e-02   4.61070e-01   2.40880e-01   1.84480e-01   1.09180e-01   0.00000e+00   0.00000e+00   4.38870e-03   0.00000e+00   5.61730e-01   6.16810e-01   7.07050e-01   7.62130e-01   7.14230e-01   7.14230e-01   8.52370e-01   8.47490e-01
   1.21690e+15   2.19430e+35   6.20870e-01   7.63100e-02   5.16820e-02   4.63750e-01   2.40470e-01   1.83310e-01   1.08870e-01   0.00000e+00   0.00000e+00   3.60420e-03   0.00000e+00   5.62550e-01   6.18020e-01   7.08030e-01   7.63500e-01   7.16000e-01   7.16000e-01   8.53520e-01   8.49260e-01
   1.20760e+15   2.16190e+35   6.16900e-01   7.67230e-02   5.19460e-02   4.66460e-01   2.40050e-01   1.82110e-01   1.08530e-01   0.00000e+00   0.00000e+00   2.85280e-03   0.00000e+00   5.63380e-01   6.19240e-01   7.09020e-01   7.64880e-01   7.17770e-01   7.17770e-01   8.54660e-01   8.51040e-01
   1.19830e+15   2.12980e+35   6.12930e-01   7.71310e-02   5.22050e-02   4.69200e-01   2.39630e-01   1.80870e-01   1.08150e-01   0.00000e+00   0.00000e+00   2.14200e-03   0.00000e+00   5.64220e-01   6.20470e-01   7.10010e-01   7.66250e-01   7.19560e-01   7.19560e-01   8.55790e-01   8.52820e-01
   1.18900e+15   2.09790e+35   6.08970e-01   7.75330e-02   5.24560e-02   4.71970e-01   2.39210e-01   1.79600e-01   1.07740e-01   0.00000e+00   0.00000e+00   1.48210e-03   0.00000e+00   5.65080e-01   6.21710e-01   7.11000e-01   7.67630e-01   7.21360e-01   7.21360e-01   8.56930e-01   8.54620e-01
   1.17980e+15   2.06630e+35   6.05000e-01   7.79260e-02   5.26990e-02   4.74760e-01   2.38790e-01   1.78280e-01   1.07280e-01   0.00000e+00   0.00000e+00   8.88440e-04   0.00000e+00   5.65950e-01   6.22950e-01   7.12000e-01   7.69010e-01   7.23160e-01   7.23160e-01   8.58060e-01   8.56430e-01
   1.17050e+15   2.03480e+35   6.01030e-01   7.83040e-02   5.29270e-02   4.77580e-01   2.38370e-01   1.76910e-01   1.06750e-01   0.00000e+00   0.00000e+00   3.87070e-04   0.00000e+00   5.66830e-01   6.24200e-01   7.13000e-01   7.70370e-01   7.24980e-01   7.24980e-01   8.59170e-01   8.58240e-01
   1.16130e+15   2.00350e+35   5.97070e-01   7.86570e-02   5.31320e-02   4.80410e-01   2.37960e-01   1.75460e-01   1.06130e-01   0.00000e+00   0.00000e+00   3.80640e-05   0.00000e+00   5.67720e-01   6.25450e-01   7.13990e-01   7.71730e-01   7.26800e-01   7.26800e-01   8.60260e-01   8.60060e-01
   1.15210e+15   1.97210e+35   5.93100e-01   7.89530e-02   5.32860e-02   4.83220e-01   2.37570e-01   1.73880e-01   1.05330e-01   0.00000e+00   0.00000e+00   0.00000e+00   0.00000e+00   5.68620e-01   6.26700e-01   7.14950e-01   7.73030e-01   7.28630e-01   7.28630e-01   8.61890e-01   8.61890e-01
   1.14300e+15   1.94110e+35   5.89130e-01   7.92460e-02   5.34350e-02   4.86070e-01   2.37170e-01   1.72260e-01   1.04490e-01   0.00000e+00   0.00000e+00   0.00000e+00   0.00000e+00   5.69540e-01   6.27960e-01   7.15920e-01   7.74340e-01   7.30460e-01   7.30460e-01   8.63720e-01   8.63720e-01
   1.13380e+15   1.91030e+35   5.85170e-01   7.95420e-02   5.35860e-02   4.88960e-01   2.36770e-01   1.70630e-01   1.03640e-01   0.00000e+00   0.00000e+00   0.00000e+00   0.00000e+00   5.70460e-01   6.29230e-01   7.16900e-01   7.75670e-01   7.32310e-01   7.32310e-01   8.65570e-01   8.65570e-01
   1.12470e+15   1.87980e+35   5.81200e-01   7.98420e-02   5.37390e-02   4.91880e-01   2.36360e-01   1.68980e-01   1.02780e-01   0.00000e+00   0.00000e+00   0.00000e+00   0.00000e+00   5.71400e-01   6.30510e-01   7.17890e-01   7.77000e-01   7.34170e-01   7.34170e-01   8.67430e-01   8.67430e-01
   1.11560e+15   1.84970e+35   5.77230e-01   8.01460e-02   5.38930e-02   4.94850e-01   2.35940e-01   1.67310e-01   1.01900e-01   0.00000e+00   0.00000e+00   0.00000e+00   0.00000e+00   5.72360e-01   6.31810e-01   7.18900e-01   7.78350e-01   7.36050e-01   7.36050e-01   8.69310e-01   8.69310e-01
   1.10660e+15   1.81990e+35   5.73270e-01   8.04530e-02   5.40500e-02   4.97850e-01   2.35520e-01   1.65610e-01   1.01010e-01   0.00000e+00   0.00000e+00   0.00000e+00   0.00000e+00   5.73320e-01   6.33110e-01   7.19910e-01   7.79710e-01   7.37930e-01   7.37930e-01   8.71190e-01   8.71190e-01
   1.09750e+15   1.79030e+35   5.69300e-01   8.07650e-02   5.42090e-02   5.00900e-01   2.35080e-01   1.63900e-01   1.00110e-01   0.00000e+00   0.00000e+00   0.00000e+00   0.00000e+00   5.74300e-01   6.34430e-01   7.20940e-01   7.81070e-01   7.39830e-01   7.39830e-01   8.73090e-01   8.73090e-01
   1.08850e+15   1.76110e+35   5.65330e-01   8.10800e-02   5.43690e-02   5.03990e-01   2.34640e-01   1.62170e-01   9.91910e-02   0.00000e+00   0.00000e+00   0.00000e+00   0.00000e+00   5.75290e-01   6.35760e-01   7.21980e-01   7.82450e-01   7.41740e-01   7.41740e-01   8.75010e-01   8.75010e-01
   1.07950e+15   1.73220e+35   5.61370e-01   8.14000e-02   5.45320e-02   5.07130e-01   2.34190e-01   1.60420e-01   9.82580e-02   0.00000e+00   0.00000e+00   0.00000e+00   0.00000e+00   5.76300e-01   6.37110e-01   7.23040e-01   7.83850e-01   7.43670e-01   7.43670e-01   8.76930e-01   8.76930e-01
   1.07050e+15   1.70360e+35   5.57400e-01   8.17240e-02   5.46960e-02   5.10310e-01   2.33730e-01   1.58650e-01   9.73110e-02   0.00000e+00   0.00000e+00   0.00000e+00   0.00000e+00   5.77310e-01   6.38460e-01   7.24100e-01   7.85250e-01   7.45610e-01   7.45610e-01   8.78870e-01   8.78870e-01
   1.06160e+15   1.67530e+35   5.53430e-01   8.20520e-02   5.48630e-02   5.13530e-01   2.33260e-01   1.56860e-01   9.63480e-02   0.00000e+00   0.00000e+00   0.00000e+00   0.00000e+00   5.78340e-01   6.39830e-01   7.25180e-01   7.86670e-01   7.47560e-01   7.47560e-01   8.80820e-01   8.80820e-01
   1.05260e+15   1.64730e+35   5.49470e-01   8.23840e-02   5.50310e-02   5.16800e-01   2.32780e-01   1.55040e-01   9.53700e-02   0.00000e+00   0.00000e+00   0.00000e+00   0.00000e+00   5.79390e-01   6.41210e-01   7.26270e-01   7.88100e-01   7.49520e-01   7.49520e-01   8.82790e-01   8.82790e-01
   1.04370e+15   1.61970e+35   5.45500e-01   8.27200e-02   5.52020e-02   5.20120e-01   2.32300e-01   1.53210e-01   9.43760e-02   0.00000e+00   0.00000e+00   0.00000e+00   0.00000e+00   5.80450e-01   6.42610e-01   7.27380e-01   7.89540e-01   7.51500e-01   7.51500e-01   8.84760e-01   8.84760e-01
   1.03480e+15   1.59230e+35   5.41530e-01   8.30610e-02   5.53740e-02   5.23480e-01   2.31800e-01   1.51350e-01   9.33660e-02   0.00000e+00   0.00000e+00   0.00000e+00   0.00000e+00   5.81520e-01   6.44020e-01   7.28490e-01   7.90990e-01   7.53490e-01   7.53490e-01   8.86760e-01   8.86760e-01
   1.02600e+15   1.56520e+35   5.37570e-01   8.34060e-02   5.55490e-02   5.26900e-01   2.31290e-01   1.49470e-01   9.23390e-02   0.00000e+00   0.00000e+00   0.00000e+00   0.00000e+00   5.82600e-01   6.45440e-01   7.29620e-01   7.92460e-01   7.55500e-01   7.55500e-01   8.88760e-01   8.88760e-01
   1.01710e+15   1.53850e+35   5.33600e-01   8.37560e-02   5.57260e-02   5.30360e-01   2.30780e-01   1.47570e-01   9.12960e-02   0.00000e+00   0.00000e+00   0.00000e+00   0.00000e+00   5.83700e-01   6.46870e-01   7.30770e-01   7.93940e-01   7.57520e-01   7.57520e-01   8.90780e-01   8.90780e-01
   1.00830e+15   1.51200e+35   5.29630e-01   8.41100e-02   5.59050e-02   5.33870e-01   2.30250e-01   1.45640e-01   9.02350e-02   0.00000e+00   0.00000e+00   0.00000e+00   0.00000e+00   5.84820e-01   6.48320e-01   7.31920e-01   7.95430e-01   7.59550e-01   7.59550e-01   8.92820e-01   8.92820e-01
   9.99500e+14   1.48580e+35   5.25670e-01   8.44690e-02   5.60860e-02   5.37440e-01   2.29710e-01   1.43690e-01   8.91570e-02   0.00000e+00   0.00000e+00   0.00000e+00   0.00000e+00   5.85940e-01   6.49780e-01   7.33090e-01   7.96930e-01   7.61600e-01   7.61600e-01   8.94870e-01   8.94870e-01
   9.90720e+14   1.46000e+35   5.21700e-01   8.48330e-02   5.62700e-02   5.41060e-01   2.29160e-01   1.41720e-01   8.80610e-02   0.00000e+00   0.00000e+00   0.00000e+00   0.00000e+00   5.87090e-01   6.51260e-01   7.34270e-01   7.98450e-01   7.63670e-01   7.63670e-01   8.96930e-01   8.96930e-01
   9.81960e+14   1.43440e+35   5.17730e-01   8.52010e-02   5.64550e-02   5.44730e-01   2.28600e-01   1.39720e-01   8.69470e-02   0.00000e+00   0.00000e+00   0.00000e+00   0.00000e+00   5.88240e-01   6.52750e-01   7.35470e-01   7.99980e-01   7.65740e-01   7.65740e-01   8.99010e-01   8.99010e-01
   9.73230e+14   1.40920e+35   5.13770e-01   8.55740e-02   5.66430e-02   5.48460e-01   2.28030e-01   1.37700e-01   8.58140e-02   0.00000e+00   0.00000e+00   0.00000e+00   0.00000e+00   5.89410e-01   6.54250e-01   7.36680e-01   8.01520e-01   7.67840e-01   7.67840e-01   9.01100e-01   9.01100e-01
   9.64510e+14   1.38420e+35   5.09800e-01   8.59520e-02   5.68330e-02   5.52240e-01   2.27450e-01   1.35650e-01   8.46610e-02   0.00000e+00   0.00000e+00   0.00000e+00   0.00000e+00   5.90600e-01   6.55770e-01   7.37900e-01   8.03070e-01   7.69940e-01   7.69940e-01   9.03200e-01   9.03200e-01
   9.55820e+14   1.35960e+35   5.05830e-01   8.63350e-02   5.70250e-02   5.56080e-01   2.26850e-01   1.33580e-01   8.34900e-02   0.00000e+00   0.00000e+00   0.00000e+00   0.00000e+00   5.91800e-01   6.57300e-01   7.39140e-01   8.04640e-01   7.72060e-01   7.72060e-01   9.05330e-01   9.05330e-01
   9.47150e+14   1.33520e+35   5.01870e-01   8.67240e-02   5.72200e-02   5.59980e-01   2.26240e-01   1.31480e-01   8.22980e-02   0.00000e+00   0.00000e+00   0.00000e+00   0.00000e+00   5.93020e-01   6.58850e-01   7.40390e-01   8.06220e-01   7.74200e-01   7.74200e-01   9.07460e-01   9.07460e-01
   9.38500e+14   1.31120e+35   4.97900e-01   8.71170e-02   5.74170e-02   5.63930e-01   2.25620e-01   1.29360e-01   8.10860e-02   0.00000e+00   0.00000e+00   0.00000e+00   0.00000e+00   5.94250e-01   6.60410e-01   7.41660e-01   8.07820e-01   7.76350e-01   7.76350e-01   9.09620e-01   9.09620e-01
   9.29870e+14   1.28740e+35   4.93930e-01   8.75150e-02   5.76160e-02   5.67950e-01   2.24980e-01   1.27210e-01   7.98540e-02   0.00000e+00   0.00000e+00   0.00000e+00   0.00000e+00   5.95490e-01   6.61980e-01   7.42940e-01   8.09430e-01   7.78520e-01   7.78520e-01   9.11780e-01   9.11780e-01
   9.21260e+14   1.26400e+35   4.89970e-01   8.79190e-02   5.78170e-02   5.72030e-01   2.24340e-01   1.25030e-01   7.86000e-02   0.00000e+00   0.00000e+00   0.00000e+00   0.00000e+00   5.96760e-01   6.63570e-01   7.44230e-01   8.11050e-01   7.80700e-01   7.80700e-01   9.13970e-01   9.13970e-01
   9.12680e+14   1.24080e+35   4.86000e-01   8.83280e-02   5.80210e-02   5.76170e-01   2.23670e-01   1.22830e-01   7.73240e-02   0.00000e+00   0.00000e+00   0.00000e+00   0.00000e+00   5.98030e-01   6.65180e-01   7.45540e-01   8.12680e-01   7.82900e-01   7.82900e-01   9.16170e-01   9.16170e-01
   9.04110e+14   1.21790e+35   4.82030e-01   8.87430e-02   5.82270e-02   5.80380e-01   2.23000e-01   1.20600e-01   7.60260e-02   0.00000e+00   0.00000e+00   0.00000e+00   0.00000e+00   5.99330e-01   6.66790e-01   7.46870e-01   8.14330e-01   7.85120e-01   7.85120e-01   9.18380e-01   9.18380e-01
   8.95570e+14   1.19530e+35   4.78070e-01   8.91630e-02   5.84350e-02   5.84650e-01   2.22300e-01   1.18340e-01   7.47050e-02   0.00000e+00   0.00000e+00   0.00000e+00   0.00000e+00   6.00640e-01   6.68430e-01   7.48200e-01   8.16000e-01   7.87350e-01   7.87350e-01   9.20610e-01   9.20610e-01
   8.87040e+14   1.17300e+35   4.74100e-01   8.95890e-02   5.86460e-02   5.88990e-01   2.21600e-01   1.16050e-01   7.33610e-02   0.00000e+00   0.00000e+00   0.00000e+00   0.00000e+00   6.01960e-01   6.70080e-01   7.49560e-01   8.17670e-01   7.89600e-01   7.89600e-01   9.22860e-01   9.22860e-01
   8.78540e+14   1.15110e+35   4.70130e-01   9.00200e-02   5.88590e-02   5.93400e-01   2.20870e-01   1.13740e-01   7.19930e-02   0.00000e+00   0.00000e+00   0.00000e+00   0.00000e+00   6.03310e-01   6.71740e-01   7.50920e-01   8.19360e-01   7.91860e-01   7.91860e-01   9.25120e-01   9.25120e-01
   8.70060e+14   1.12930e+35   4.66170e-01   9.04570e-02   5.90740e-02   5.97880e-01   2.20130e-01   1.11390e-01   7.06010e-02   0.00000e+00   0.00000e+00   0.00000e+00   0.00000e+00   6.04660e-01   6.73430e-01   7.52310e-01   8.21070e-01   7.94140e-01   7.94140e-01   9.27400e-01   9.27400e-01
   8.61590e+14   1.10790e+35   4.62200e-01   9.08990e-02   5.92920e-02   6.02420e-01   2.19380e-01   1.09020e-01   6.91850e-02   0.00000e+00   0.00000e+00   0.00000e+00   0.00000e+00   6.06040e-01   6.75120e-01   7.53710e-01   8.22790e-01   7.96440e-01   7.96440e-01   9.29700e-01   9.29700e-01
   8.53150e+14   1.08680e+35   4.58230e-01   9.13480e-02   5.95120e-02   6.07040e-01   2.18600e-01   1.06610e-01   6.77430e-02   0.00000e+00   0.00000e+00   0.00000e+00   0.00000e+00   6.07430e-01   6.76830e-01   7.55120e-01   8.24520e-01   7.98750e-01   7.98750e-01   9.32010e-01   9.32010e-01
   8.44730e+14   1.06600e+35   4.54270e-01   9.18020e-02   5.97340e-02   6.11740e-01   2.17810e-01   1.04180e-01   6.62750e-02   0.00000e+00   0.00000e+00   0.00000e+00   0.00000e+00   6.08840e-01   6.78560e-01   7.56550e-01   8.26270e-01   8.01080e-01   8.01080e-01   9.34340e-01   9.34340e-01
   8.36330e+14   1.04540e+35   4.50300e-01   9.22620e-02   5.99580e-02   6.16510e-01   2.17000e-01   1.01710e-01   6.47810e-02   0.00000e+00   0.00000e+00   0.00000e+00   0.00000e+00   6.10270e-01   6.80310e-01   7.57990e-01   8.28030e-01   8.03430e-01   8.03430e-01   9.36690e-01   9.36690e-01
   8.27950e+14   1.02510e+35   4.46330e-01   9.27280e-02   6.01840e-02   6.21350e-01   2.16170e-01   9.92170e-02   6.32590e-02   0.00000e+00   0.00000e+00   0.00000e+00   0.00000e+00   6.11710e-01   6.82070e-01   7.59450e-01   8.29800e-01   8.05790e-01   8.05790e-01   9.39050e-01   9.39050e-01
   8.19580e+14   1.00510e+35   4.42370e-01   9.32000e-02   6.04120e-02   6.26280e-01   2.15320e-01   9.66900e-02   6.17100e-02   0.00000e+00   0.00000e+00   0.00000e+00   0.00000e+00   6.13170e-01   6.83840e-01   7.60920e-01   8.31590e-01   8.08180e-01   8.08180e-01   9.41440e-01   9.41440e-01
   8.11240e+14   9.85430e+34   4.38400e-01   9.36780e-02   6.06430e-02   6.31280e-01   2.14450e-01   9.41320e-02   6.01340e-02   0.00000e+00   0.00000e+00   0.00000e+00   0.00000e+00   6.14650e-01   6.85640e-01   7.62410e-01   8.33400e-01   8.10580e-01   8.10580e-01   9.43840e-01   9.43840e-01
   8.02920e+14   9.66000e+34   4.34430e-01   9.41620e-02   6.08750e-02   6.36360e-01   2.13570e-01   9.15430e-02   5.85280e-02   0.00000e+00   0.00000e+00   0.00000e+00   0.00000e+00   6.16150e-01   6.87440e-01   7.63920e-01   8.35210e-01   8.12990e-01   8.12990e-01   9.46260e-01   9.46260e-01
   7.94620e+14   9.46850e+34   4.30470e-01   9.46520e-02   6.11100e-02   6.41530e-01   2.12650e-01   8.89220e-02   5.68930e-02   0.00000e+00   0.00000e+00   0.00000e+00   0.00000e+00   6.17660e-01   6.89270e-01   7.65440e-01   8.37050e-01   8.15430e-01   8.15430e-01   9.48690e-01   9.48690e-01
   7.86330e+14   9.27980e+34   4.26500e-01   9.51480e-02   6.13460e-02   6.46780e-01   2.11720e-01   8.62690e-02   5.52280e-02   0.00000e+00   0.00000e+00   0.00000e+00   0.00000e+00   6.19190e-01   6.91110e-01   7.66980e-01   8.38890e-01   8.17890e-01   8.17890e-01   9.51150e-01   9.51150e-01
   7.78070e+14   9.09380e+34   4.22530e-01   9.56500e-02   6.15840e-02   6.52120e-01   2.10770e-01   8.35840e-02   5.35330e-02   0.00000e+00   0.00000e+00   0.00000e+00   0.00000e+00   6.20740e-01   6.92970e-01   7.68530e-01   8.40750e-01   8.20360e-01   8.20360e-01   9.53620e-01   9.53620e-01
   7.69820e+14   8.91050e+34   4.18570e-01   9.61570e-02   6.18230e-02   6.57540e-01   2.09790e-01   8.08670e-02   5.18070e-02   0.00000e+00   0.00000e+00   0.00000e+00   0.00000e+00   6.22310e-01   6.94840e-01   7.70100e-01   8.42630e-01   8.22850e-01   8.22850e-01   9.56110e-01   9.56110e-01
   7.61600e+14   8.73000e+34   4.14600e-01   9.66710e-02   6.20640e-02   6.63050e-01   2.08780e-01   7.81190e-02   5.00490e-02   0.00000e+00   0.00000e+00   0.00000e+00   0.00000e+00   6.23900e-01   6.96740e-01   7.71680e-01   8.44520e-01   8.25360e-01   8.25360e-01   9.58620e-01   9.58620e-01
   7.53390e+14   8.55220e+34   4.10630e-01   9.71900e-02   6.23060e-02   6.68650e-01   2.07760e-01   7.53380e-02   4.82590e-02   0.00000e+00   0.00000e+00   0.00000e+00   0.00000e+00   6.25510e-01   6.98650e-01   7.73280e-01   8.46420e-01   8.27890e-01   8.27890e-01   9.61150e-01   9.61150e-01
   7.45210e+14   8.37700e+34   4.06670e-01   9.77160e-02   6.25500e-02   6.74340e-01   2.06700e-01   7.25250e-02   4.64370e-02   0.00000e+00   0.00000e+00   0.00000e+00   0.00000e+00   6.27130e-01   7.00570e-01   7.74900e-01   8.48330e-01   8.30440e-01   8.30440e-01   9.63700e-01   9.63700e-01
   7.37040e+14   8.20450e+34   4.02700e-01   9.82460e-02   6.27940e-02   6.80120e-01   2.05620e-01   6.96810e-02   4.45820e-02   0.00000e+00   0.00000e+00   0.00000e+00   0.00000e+00   6.28780e-01   7.02510e-01   7.76530e-01   8.50260e-01   8.33010e-01   8.33010e-01   9.66270e-01   9.66270e-01
   7.28890e+14   8.03460e+34   3.98730e-01   9.87820e-02   6.30380e-02   6.85990e-01   2.04510e-01   6.68050e-02   4.26930e-02   0.00000e+00   0.00000e+00   0.00000e+00   0.00000e+00   6.30440e-01   7.04470e-01   7.78170e-01   8.52210e-01   8.35600e-01   8.35600e-01   9.68860e-01   9.68860e-01
   7.20760e+14   7.86730e+34   3.94770e-01   9.93230e-02   6.32830e-02   6.91960e-01   2.03380e-01   6.38990e-02   4.07700e-02   0.00000e+00   0.00000e+00   0.00000e+00   0.00000e+00   6.32120e-01   7.06450e-01   7.79840e-01   8.54160e-01   8.38210e-01   8.38210e-01   9.71470e-01   9.71470e-01
   7.12640e+14   7.70260e+34   3.90800e-01   9.98690e-02   6.35280e-02   6.98020e-01   2.02210e-01   6.09620e-02   3.88130e-02   0.00000e+00   0.00000e+00   0.00000e+00   0.00000e+00   6.33830e-01   7.08440e-01   7.81510e-01   8.56130e-01   8.40840e-01   8.40840e-01   9.74100e-01   9.74100e-01
   7.04550e+14   7.54050e+34   3.86830e-01   1.00420e-01   6.37720e-02   7.04170e-01   2.01010e-01   5.79960e-02   3.68210e-02   0.00000e+00   0.00000e+00   0.00000e+00   0.00000e+00   6.35550e-01   7.10450e-01   7.83210e-01   8.58110e-01   8.43480e-01   8.43480e-01   9.76750e-01   9.76750e-01
   6.96470e+14   7.38080e+34   3.82870e-01   1.00970e-01   6.40150e-02   7.10420e-01   1.99780e-01   5.50020e-02   3.47960e-02   0.00000e+00   0.00000e+00   0.00000e+00   0.00000e+00   6.37290e-01   7.12480e-01   7.84910e-01   8.60100e-01   8.46150e-01   8.46150e-01   9.79410e-01   9.79410e-01
   6.88420e+14   7.22370e+34   3.78900e-01   1.01530e-01   6.42570e-02   7.16760e-01   1.98520e-01   5.19800e-02   3.27350e-02   0.00000e+00   0.00000e+00   0.00000e+00   0.00000e+00   6.39050e-01   7.14520e-01   7.86640e-01   8.62110e-01   8.48840e-01   8.48840e-01   9.82100e-01   9.82100e-01
   6.80380e+14   7.06900e+34   3.74930e-01   1.02090e-01   6.44960e-02   7.23200e-01   1.97230e-01   4.89330e-02   3.06410e-02   0.00000e+00   0.00000e+00   0.00000e+00   0.00000e+00   6.40830e-01   7.16580e-01   7.88370e-01   8.64120e-01   8.51550e-01   8.51550e-01   9.84810e-01   9.84810e-01
   6.72360e+14   6.91670e+34   3.70970e-01   1.02660e-01   6.47320e-02   7.29720e-01   1.95900e-01   4.58620e-02   2.85130e-02   0.00000e+00   0.00000e+00   0.00000e+00   0.00000e+00   6.42630e-01   7.18650e-01   7.90120e-01   8.66140e-01   8.54280e-01   8.54280e-01   9.87540e-01   9.87540e-01
   6.64350e+14   6.76670e+34   3.67000e-01   1.03220e-01   6.49650e-02   7.36340e-01   1.94540e-01   4.27690e-02   2.63520e-02   0.00000e+00   0.00000e+00   0.00000e+00   0.00000e+00   6.44460e-01   7.20740e-01   7.91890e-01   8.68180e-01   8.57030e-01   8.57030e-01   9.90290e-01   9.90290e-01
   6.56370e+14   6.61910e+34   3.63030e-01   1.03790e-01   6.51920e-02   7.43050e-01   1.93140e-01   3.96560e-02   2.41600e-02   0.00000e+00   0.00000e+00   0.00000e+00   0.00000e+00   6.46300e-01   7.22850e-01   7.93660e-01   8.70210e-01   8.59800e-01   8.59800e-01   9.93060e-01   9.93060e-01
   6.48400e+14   6.47370e+34   3.59070e-01   1.04350e-01   6.54130e-02   7.49840e-01   1.91700e-01   3.65280e-02   2.19380e-02   0.00000e+00   0.00000e+00   0.00000e+00   0.00000e+00   6.48160e-01   7.24970e-01   7.95450e-01   8.72260e-01   8.62590e-01   8.62590e-01   9.95860e-01   9.95860e-01
   6.40450e+14   6.33050e+34   3.55100e-01   1.04910e-01   6.56260e-02   7.56700e-01   1.90220e-01   3.33880e-02   1.96880e-02   0.00000e+00   0.00000e+00   0.00000e+00   0.00000e+00   6.50040e-01   7.27100e-01   7.97250e-01   8.74310e-01   8.65410e-01   8.65410e-01   9.98670e-01   9.98670e-01
   6.32520e+14   6.18930e+34   3.51130e-01   1.05460e-01   6.58290e-02   7.63640e-01   1.88710e-01   3.02400e-02   1.74160e-02   0.00000e+00   0.00000e+00   0.00000e+00   0.00000e+00   6.51950e-01   7.29250e-01   7.99060e-01   8.76360e-01   8.68240e-01   8.68240e-01   1.00150e+00   1.00150e+00
   6.24600e+14   6.05020e+34   3.47170e-01   1.06010e-01   6.60190e-02   7.70630e-01   1.87160e-01   2.70910e-02   1.51250e-02   0.00000e+00   0.00000e+00   0.00000e+00   0.00000e+00   6.53870e-01   7.31400e-01   8.00880e-01   8.78410e-01   8.71090e-01   8.71090e-01   1.00440e+00   1.00440e+00
   6.16710e+14   5.91290e+34   3.43200e-01   1.06550e-01   6.61940e-02   7.77670e-01   1.85560e-01   2.39470e-02   1.28230e-02   0.00000e+00   0.00000e+00   0.00000e+00   0.00000e+00   6.55810e-01   7.33570e-01   8.02700e-01   8.80450e-01   8.73970e-01   8.73970e-01   1.00720e+00   1.00720e+00
   6.08830e+14   5.77730e+34   3.39230e-01   1.07070e-01   6.63480e-02   7.84730e-01   1.83940e-01   2.08170e-02   1.05200e-02   0.00000e+00   0.00000e+00   0.00000e+00   0.00000e+00   6.57770e-01   7.35740e-01   8.04520e-01   8.82480e-01   8.76860e-01   8.76860e-01   1.01010e+00   1.01010e+00
   6.00960e+14   5.64330e+34   3.35270e-01   1.07560e-01   6.64770e-02   7.91780e-01   1.82270e-01   1.77110e-02   8.23260e-03   0.00000e+00   0.00000e+00   0.00000e+00   0.00000e+00   6.59760e-01   7.37910e-01   8.06340e-01   8.84500e-01   8.79770e-01   8.79770e-01   1.01300e+00   1.01300e+00
   5.93120e+14   5.51040e+34   3.31300e-01   1.08030e-01   6.65720e-02   7.98790e-01   1.80580e-01   1.46440e-02   5.98480e-03   0.00000e+00   0.00000e+00   0.00000e+00   0.00000e+00   6.61760e-01   7.40080e-01   8.08160e-01   8.86480e-01   8.82700e-01   8.82700e-01   1.01600e+00   1.01600e+00
   5.85290e+14   5.37830e+34   3.27330e-01   1.08440e-01   6.66190e-02   8.05670e-01   1.78880e-01   1.16310e-02   3.81880e-03   0.00000e+00   0.00000e+00   0.00000e+00   0.00000e+00   6.63780e-01   7.42240e-01   8.09960e-01   8.88420e-01   8.85650e-01   8.85650e-01   1.01890e+00   1.01890e+00
   5.77480e+14   5.24620e+34   3.23370e-01   1.08780e-01   6.65950e-02   8.12290e-01   1.77200e-01   8.69230e-03   1.81770e-03   0.00000e+00   0.00000e+00   0.00000e+00   0.00000e+00   6.65830e-01   7.44370e-01   8.11720e-01   8.90270e-01   8.88600e-01   8.88600e-01   1.02190e+00   1.02190e+00
   5.69690e+14   5.11220e+34   3.19400e-01   1.08980e-01   6.64390e-02   8.18310e-01   1.75630e-01   5.83970e-03   2.17920e-04   0.00000e+00   0.00000e+00   0.00000e+00   0.00000e+00   6.67900e-01   7.46440e-01   8.13410e-01   8.91950e-01   8.91550e-01   8.91550e-01   1.02480e+00   1.02480e+00
   5.61920e+14   4.96870e+34   3.15430e-01   1.08740e-01   6.59130e-02   8.22330e-01   1.74650e-01   3.01620e-03   0.00000e+00   0.00000e+00   0.00000e+00   0.00000e+00   0.00000e+00   6.70030e-01   7.48260e-01   8.14880e-01   8.94450e-01   8.94450e-01   8.94450e-01   1.02770e+00   1.02770e+00
   5.54170e+14   4.82210e+34   3.11470e-01   1.08340e-01   6.52430e-02   8.25660e-01   1.73580e-01   7.52600e-04   0.00000e+00   0.00000e+00   0.00000e+00   0.00000e+00   0.00000e+00   6.72150e-01   7.50010e-01   8.16230e-01   8.97340e-01   8.97340e-01   8.97340e-01   1.03060e+00   1.03060e+00
   5.46440e+14   4.66890e+34   3.07500e-01   1.07690e-01   6.43600e-02   8.27950e-01   1.72050e-01   0.00000e+00   0.00000e+00   0.00000e+00   0.00000e+00   0.00000e+00   0.00000e+00   6.74170e-01   7.51640e-01   8.18110e-01   9.00200e-01   9.00200e-01   9.00200e-01   1.03350e+00   1.03350e+00
   5.38730e+14   4.51360e+34   3.03530e-01   1.06920e-01   6.33650e-02   8.29720e-01   1.70280e-01   0.00000e+00   0.00000e+00   0.00000e+00   0.00000e+00   0.00000e+00   0.00000e+00   6.76170e-01   7.53220e-01   8.20980e-01   9.03070e-01   9.03070e-01   9.03070e-01   1.03630e+00   1.03630e+00
   5.31050e+14   4.36140e+34   2.99570e-01   1.06130e-01   6.23570e-02   8.31510e-01   1.68490e-01   0.00000e+00   0.00000e+00   0.00000e+00   0.00000e+00   0.00000e+00   0.00000e+00   6.78190e-01   7.54830e-01   8.23870e-01   9.05960e-01   9.05960e-01   9.05960e-01   1.03920e+00   1.03920e+00
   5.23380e+14   4.21220e+34   2.95600e-01   1.05330e-01   6.13350e-02   8.33330e-01   1.66670e-01   0.00000e+00   0.00000e+00   0.00000e+00   0.00000e+00   0.00000e+00   0.00000e+00   6.80240e-01   7.56470e-01   8.26800e-01   9.08890e-01   9.08890e-01   9.08890e-01   1.04210e+00   1.04210e+00
   5.15740e+14   4.06600e+34   2.91630e-01   1.04520e-01   6.02990e-02   8.35180e-01   1.64820e-01   0.00000e+00   0.00000e+00   0.00000e+00   0.00000e+00   0.00000e+00   0.00000e+00   6.82330e-01   7.58140e-01   8.29750e-01   9.11840e-01   9.11840e-01   9.11840e-01   1.04510e+00   1.04510e+00
   5.08120e+14   3.92280e+34   2.87670e-01   1.03700e-01   5.92490e-02   8.37050e-01   1.62950e-01   0.00000e+00   0.00000e+00   0.00000e+00   0.00000e+00   0.00000e+00   0.00000e+00   6.84450e-01   7.59830e-01   8.32740e-01   9.14830e-01   9.14830e-01   9.14830e-01   1.04810e+00   1.04810e+00
   5.00530e+14   3.78260e+34   2.83700e-01   1.02860e-01   5.81850e-02   8.38950e-01   1.61050e-01   0.00000e+00   0.00000e+00   0.00000e+00   0.00000e+00   0.00000e+00   0.00000e+00   6.86610e-01   7.61560e-01   8.35750e-01   9.17840e-01   9.17840e-01   9.17840e-01   1.05110e+00   1.05110e+00
   4.92950e+14   3.64540e+34   2.79730e-01   1.02020e-01   5.71060e-02   8.40880e-01   1.59120e-01   0.00000e+00   0.00000e+00   0.00000e+00   0.00000e+00   0.00000e+00   0.00000e+00   6.88800e-01   7.63310e-01   8.38800e-01   9.20890e-01   9.20890e-01   9.20890e-01   1.05410e+00   1.05410e+00
   4.85390e+14   3.51120e+34   2.75770e-01   1.01160e-01   5.60120e-02   8.42830e-01   1.57170e-01   0.00000e+00   0.00000e+00   0.00000e+00   0.00000e+00   0.00000e+00   0.00000e+00   6.91020e-01   7.65090e-01   8.41880e-01   9.23960e-01   9.23960e-01   9.23960e-01   1.05720e+00   1.05720e+00
   4.77860e+14   3.37980e+34   2.71800e-01   1.00280e-01   5.49030e-02   8.44810e-01   1.55190e-01   0.00000e+00   0.00000e+00   0.00000e+00   0.00000e+00   0.00000e+00   0.00000e+00   6.93280e-01   7.66900e-01   8.44990e-01   9.27070e-01   9.27070e-01   9.27070e-01   1.06030e+00   1.06030e+00
   4.70350e+14   3.25150e+34   2.67830e-01   9.93950e-02   5.37790e-02   8.46830e-01   1.53170e-01   0.00000e+00   0.00000e+00   0.00000e+00   0.00000e+00   0.00000e+00   0.00000e+00   6.95570e-01   7.68740e-01   8.48130e-01   9.30220e-01   9.30220e-01   9.30220e-01   1.06350e+00   1.06350e+00
   4.62860e+14   3.12600e+34   2.63870e-01   9.84930e-02   5.26390e-02   8.48870e-01   1.51130e-01   0.00000e+00   0.00000e+00   0.00000e+00   0.00000e+00   0.00000e+00   0.00000e+00   6.97910e-01   7.70620e-01   8.51300e-01   9.33390e-01   9.33390e-01   9.33390e-01   1.06670e+00   1.06670e+00
   4.55390e+14   3.00340e+34   2.59900e-01   9.75770e-02   5.14840e-02   8.50940e-01   1.49060e-01   0.00000e+00   0.00000e+00   0.00000e+00   0.00000e+00   0.00000e+00   0.00000e+00   7.00280e-01   7.72520e-01   8.54520e-01   9.36600e-01   9.36600e-01   9.36600e-01   1.06990e+00   1.06990e+00
   4.47940e+14   2.88380e+34   2.55930e-01   9.66470e-02   5.03120e-02   8.53040e-01   1.46960e-01   0.00000e+00   0.00000e+00   0.00000e+00   0.00000e+00   0.00000e+00   0.00000e+00   7.02680e-01   7.74460e-01   8.57760e-01   9.39850e-01   9.39850e-01   9.39850e-01   1.07310e+00   1.07310e+00
   4.40510e+14   2.76700e+34   2.51970e-01   9.57020e-02   4.91240e-02   8.55170e-01   1.44830e-01   0.00000e+00   0.00000e+00   0.00000e+00   0.00000e+00   0.00000e+00   0.00000e+00   7.05130e-01   7.76430e-01   8.61040e-01   9.43130e-01   9.43130e-01   9.43130e-01   1.07640e+00   1.07640e+00
   4.33100e+14   2.65300e+34   2.48000e-01   9.47410e-02   4.79200e-02   8.57340e-01   1.42660e-01   0.00000e+00   0.00000e+00   0.00000e+00   0.00000e+00   0.00000e+00   0.00000e+00   7.07620e-01   7.78430e-01   8.64360e-01   9.46450e-01   9.46450e-01   9.46450e-01   1.07970e+00   1.07970e+00
   4.25710e+14   2.54190e+34   2.44030e-01   9.37650e-02   4.66990e-02   8.59540e-01   1.40460e-01   0.00000e+00   0.00000e+00   0.00000e+00   0.00000e+00   0.00000e+00   0.00000e+00   7.10140e-01   7.80470e-01   8.67710e-01   9.49800e-01   9.49800e-01   9.49800e-01   1.08310e+00   1.08310e+00
   4.18340e+14   2.43360e+34   2.40070e-01   9.27720e-02   4.54620e-02   8.61770e-01   1.38230e-01   0.00000e+00   0.00000e+00   0.00000e+00   0.00000e+00   0.00000e+00   0.00000e+00   7.12710e-01   7.82540e-01   8.71100e-01   9.53190e-01   9.53190e-01   9.53190e-01   1.08640e+00   1.08640e+00
   4.10990e+14   2.32810e+34   2.36100e-01   9.17640e-02   4.42070e-02   8.64030e-01   1.35970e-01   0.00000e+00   0.00000e+00   0.00000e+00   0.00000e+00   0.00000e+00   0.00000e+00   7.15320e-01   7.84650e-01   8.74520e-01   9.56610e-01   9.56610e-01   9.56610e-01   1.08990e+00   1.08990e+00
   4.03660e+14   2.22540e+34   2.32130e-01   9.07380e-02   4.29350e-02   8.66330e-01   1.33670e-01   0.00000e+00   0.00000e+00   0.00000e+00   0.00000e+00   0.00000e+00   0.00000e+00   7.17970e-01   7.86790e-01   8.77990e-01   9.60080e-01   9.60080e-01   9.60080e-01   1.09330e+00   1.09330e+00
   3.96350e+14   2.12540e+34   2.28170e-01   8.96950e-02   4.16460e-02   8.68660e-01   1.31340e-01   0.00000e+00   0.00000e+00   0.00000e+00   0.00000e+00   0.00000e+00   0.00000e+00   7.20660e-01   7.88970e-01   8.81490e-01   9.63580e-01   9.63580e-01   9.63580e-01   1.09680e+00   1.09680e+00
   3.89060e+14   2.02820e+34   2.24200e-01   8.86350e-02   4.03400e-02   8.71030e-01   1.28970e-01   0.00000e+00   0.00000e+00   0.00000e+00   0.00000e+00   0.00000e+00   0.00000e+00   7.23400e-01   7.91180e-01   8.85040e-01   9.67130e-01   9.67130e-01   9.67130e-01   1.10040e+00   1.10040e+00
   3.81780e+14   1.93370e+34   2.20230e-01   8.75560e-02   3.90160e-02   8.73430e-01   1.26570e-01   0.00000e+00   0.00000e+00   0.00000e+00   0.00000e+00   0.00000e+00   0.00000e+00   7.26180e-01   7.93440e-01   8.88620e-01   9.70710e-01   9.70710e-01   9.70710e-01   1.10400e+00   1.10400e+00
   3.74530e+14   1.84200e+34   2.16270e-01   8.64580e-02   3.76740e-02   8.75870e-01   1.24130e-01   0.00000e+00   0.00000e+00   0.00000e+00   0.00000e+00   0.00000e+00   0.00000e+00   7.29010e-01   7.95730e-01   8.92250e-01   9.74340e-01   9.74340e-01   9.74340e-01   1.10760e+00   1.10760e+00
   3.67290e+14   1.75280e+34   2.12300e-01   8.53420e-02   3.63150e-02   8.78340e-01   1.21660e-01   0.00000e+00   0.00000e+00   0.00000e+00   0.00000e+00   0.00000e+00   0.00000e+00   7.31890e-01   7.98060e-01   8.95920e-01   9.78010e-01   9.78010e-01   9.78010e-01   1.11130e+00   1.11130e+00
   3.60070e+14   1.66640e+34   2.08330e-01   8.42060e-02   3.49380e-02   8.80860e-01   1.19140e-01   0.00000e+00   0.00000e+00   0.00000e+00   0.00000e+00   0.00000e+00   0.00000e+00   7.34810e-01   8.00430e-01   8.99630e-01   9.81720e-01   9.81720e-01   9.81720e-01   1.11500e+00   1.11500e+00
   3.52870e+14   1.58260e+34   2.04370e-01   8.30500e-02   3.35440e-02   8.83410e-01   1.16590e-01   0.00000e+00   0.00000e+00   0.00000e+00   0.00000e+00   0.00000e+00   0.00000e+00   7.37790e-01   8.02840e-01   9.03390e-01   9.85480e-01   9.85480e-01   9.85480e-01   1.11870e+00   1.11870e+00
   3.45690e+14   1.50140e+34   2.00400e-01   8.18730e-02   3.21330e-02   8.85990e-01   1.14010e-01   0.00000e+00   0.00000e+00   0.00000e+00   0.00000e+00   0.00000e+00   0.00000e+00   7.40810e-01   8.05290e-01   9.07190e-01   9.89280e-01   9.89280e-01   9.89280e-01   1.12250e+00   1.12250e+00
   3.38530e+14   1.42280e+34   1.96430e-01   8.06750e-02   3.07050e-02   8.88620e-01   1.11380e-01   0.00000e+00   0.00000e+00   0.00000e+00   0.00000e+00   0.00000e+00   0.00000e+00   7.43880e-01   8.07790e-01   9.11030e-01   9.93120e-01   9.93120e-01   9.93120e-01   1.12640e+00   1.12640e+00
   3.31380e+14   1.34670e+34   1.92470e-01   7.94550e-02   2.92600e-02   8.91290e-01   1.08710e-01   0.00000e+00   0.00000e+00   0.00000e+00   0.00000e+00   0.00000e+00   0.00000e+00   7.47010e-01   8.10320e-01   9.14920e-01   9.97010e-01   9.97010e-01   9.97010e-01   1.13030e+00   1.13030e+00
   3.24250e+14   1.27320e+34   1.88500e-01   7.82120e-02   2.77980e-02   8.93990e-01   1.06010e-01   0.00000e+00   0.00000e+00   0.00000e+00   0.00000e+00   0.00000e+00   0.00000e+00   7.50180e-01   8.12900e-01   9.18860e-01   1.00100e+00   1.00100e+00   1.00100e+00   1.13420e+00   1.13420e+00
   3.17140e+14   1.20220e+34   1.84530e-01   7.69470e-02   2.63220e-02   8.96730e-01   1.03270e-01   0.00000e+00   0.00000e+00   0.00000e+00   0.00000e+00   0.00000e+00   0.00000e+00   7.53420e-01   8.15520e-01   9.22850e-01   1.00490e+00   1.00490e+00   1.00490e+00   1.13820e+00   1.13820e+00
   3.10040e+14   1.13370e+34   1.80570e-01   7.56570e-02   2.48300e-02   8.99510e-01   1.00490e-01   0.00000e+00   0.00000e+00   0.00000e+00   0.00000e+00   0.00000e+00   0.00000e+00   7.56700e-01   8.18190e-01   9.26890e-01   1.00900e+00   1.00900e+00   1.00900e+00   1.14220e+00   1.14220e+00
   3.02960e+14   1.06760e+34   1.76600e-01   7.43430e-02   2.33250e-02   9.02330e-01   9.76680e-02   0.00000e+00   0.00000e+00   0.00000e+00   0.00000e+00   0.00000e+00   0.00000e+00   7.60050e-01   8.20910e-01   9.30980e-01   1.01310e+00   1.01310e+00   1.01310e+00   1.14630e+00   1.14630e+00
   2.95900e+14   1.00400e+34   1.72630e-01   7.30040e-02   2.18060e-02   9.05190e-01   9.48100e-02   0.00000e+00   0.00000e+00   0.00000e+00   0.00000e+00   0.00000e+00   0.00000e+00   7.63450e-01   8.23670e-01   9.35120e-01   1.01720e+00   1.01720e+00   1.01720e+00   1.15050e+00   1.15050e+00
   2.88850e+14   9.42740e+33   1.68670e-01   7.16390e-02   2.02770e-02   9.08080e-01   9.19150e-02   0.00000e+00   0.00000e+00   0.00000e+00   0.00000e+00   0.00000e+00   0.00000e+00   7.66910e-01   8.26480e-01   9.39310e-01   1.02140e+00   1.02140e+00   1.02140e+00   1.15470e+00   1.15470e+00
   2.81820e+14   8.83860e+33   1.64700e-01   7.02460e-02   1.87380e-02   9.11020e-01   8.89840e-02   0.00000e+00   0.00000e+00   0.00000e+00   0.00000e+00   0.00000e+00   0.00000e+00   7.70430e-01   8.29340e-01   9.43560e-01   1.02560e+00   1.02560e+00   1.02560e+00   1.15890e+00   1.15890e+00
   2.74800e+14   8.27310e+33   1.60730e-01   6.88260e-02   1.71910e-02   9.13980e-01   8.60170e-02   0.00000e+00   0.00000e+00   0.00000e+00   0.00000e+00   0.00000e+00   0.00000e+00   7.74020e-01   8.32250e-01   9.47860e-01   1.03000e+00   1.03000e+00   1.03000e+00   1.16320e+00   1.16320e+00
   2.67800e+14   7.73060e+33   1.56770e-01   6.73760e-02   1.56410e-02   9.16980e-01   8.30170e-02   0.00000e+00   0.00000e+00   0.00000e+00   0.00000e+00   0.00000e+00   0.00000e+00   7.77670e-01   8.35200e-01   9.52220e-01   1.03430e+00   1.03430e+00   1.03430e+00   1.16760e+00   1.16760e+00
   2.60810e+14   7.21060e+33   1.52800e-01   6.58970e-02   1.40890e-02   9.20010e-01   7.99850e-02   0.00000e+00   0.00000e+00   0.00000e+00   0.00000e+00   0.00000e+00   0.00000e+00   7.81380e-01   8.38210e-01   9.56630e-01   1.03870e+00   1.03870e+00   1.03870e+00   1.17200e+00   1.17200e+00
   2.53840e+14   6.71290e+33   1.48830e-01   6.43850e-02   1.25400e-02   9.23070e-01   7.69250e-02   0.00000e+00   0.00000e+00   0.00000e+00   0.00000e+00   0.00000e+00   0.00000e+00   7.85170e-01   8.41270e-01   9.61110e-01   1.04320e+00   1.04320e+00   1.04320e+00   1.17650e+00   1.17650e+00
   2.46880e+14   6.23710e+33   1.44870e-01   6.28410e-02   1.09990e-02   9.26160e-01   7.38400e-02   0.00000e+00   0.00000e+00   0.00000e+00   0.00000e+00   0.00000e+00   0.00000e+00   7.89020e-01   8.44390e-01   9.65640e-01   1.04770e+00   1.04770e+00   1.04770e+00   1.18100e+00   1.18100e+00
   2.39940e+14   5.78270e+33   1.40900e-01   6.12620e-02   9.47300e-03   9.29260e-01   7.07350e-02   0.00000e+00   0.00000e+00   0.00000e+00   0.00000e+00   0.00000e+00   0.00000e+00   7.92940e-01   8.47560e-01   9.70240e-01   1.05230e+00   1.05230e+00   1.05230e+00   1.18560e+00   1.18560e+00
   2.33010e+14   5.34930e+33   1.36930e-01   5.96470e-02   7.97000e-03   9.32380e-01   6.76170e-02   0.00000e+00   0.00000e+00   0.00000e+00   0.00000e+00   0.00000e+00   0.00000e+00   7.96940e-01   8.50780e-01   9.74900e-01   1.05700e+00   1.05700e+00   1.05700e+00   1.19030e+00   1.19030e+00
   2.26100e+14   4.93640e+33   1.32970e-01   5.79920e-02   6.50090e-03   9.35510e-01   6.44930e-02   0.00000e+00   0.00000e+00   0.00000e+00   0.00000e+00   0.00000e+00   0.00000e+00   8.01010e-01   8.54060e-01   9.79620e-01   1.06170e+00   1.06170e+00   1.06170e+00   1.19500e+00   1.19500e+00
   2.19190e+14   4.54350e+33   1.29000e-01   5.62960e-02   5.07970e-03   9.38620e-01   6.13760e-02   0.00000e+00   0.00000e+00   0.00000e+00   0.00000e+00   0.00000e+00   0.00000e+00   8.05170e-01   8.57400e-01   9.84410e-01   1.06650e+00   1.06650e+00   1.06650e+00   1.19980e+00   1.19980e+00
   2.12310e+14   4.17000e+33   1.25030e-01   5.45530e-02   3.72590e-03   9.41720e-01   5.82790e-02   0.00000e+00   0.00000e+00   0.00000e+00   0.00000e+00   0.00000e+00   0.00000e+00   8.09400e-01   8.60790e-01   9.89270e-01   1.07140e+00   1.07140e+00   1.07140e+00   1.20460e+00   1.20460e+00
   2.05430e+14   3.81520e+33   1.21070e-01   5.27580e-02   2.46720e-03   9.44770e-01   5.52250e-02   0.00000e+00   0.00000e+00   0.00000e+00   0.00000e+00   0.00000e+00   0.00000e+00   8.13720e-01   8.64240e-01   9.94200e-01   1.07630e+00   1.07630e+00   1.07630e+00   1.20950e+00   1.20950e+00
   1.98570e+14   3.47840e+33   1.17100e-01   5.09020e-02   1.34610e-03   9.47750e-01   5.22480e-02   0.00000e+00   0.00000e+00   0.00000e+00   0.00000e+00   0.00000e+00   0.00000e+00   8.18130e-01   8.67750e-01   9.99190e-01   1.08130e+00   1.08130e+00   1.08130e+00   1.21450e+00   1.21450e+00
   1.91710e+14   3.15820e+33   1.13130e-01   4.89690e-02   4.39630e-04   9.50590e-01   4.94080e-02   0.00000e+00   0.00000e+00   0.00000e+00   0.00000e+00   0.00000e+00   0.00000e+00   8.22650e-01   8.71320e-01   1.00430e+00   1.08640e+00   1.08640e+00   1.08640e+00   1.21960e+00   1.21960e+00
   1.84880e+14   2.85110e+33   1.09170e-01   4.68970e-02   0.00000e+00   9.53100e-01   4.68970e-02   0.00000e+00   0.00000e+00   0.00000e+00   0.00000e+00   0.00000e+00   0.00000e+00   8.27280e-01   8.74930e-01   1.00940e+00   1.09150e+00   1.09150e+00   1.09150e+00   1.22480e+00   1.22480e+00
   1.78050e+14   2.55800e+33   1.05200e-01   4.47070e-02   0.00000e+00   9.55290e-01   4.47070e-02   0.00000e+00   0.00000e+00   0.00000e+00   0.00000e+00   0.00000e+00   0.00000e+00   8.32030e-01   8.78600e-01   1.01460e+00   1.09670e+00   1.09670e+00   1.09670e+00   1.23000e+00   1.23000e+00
   1.71230e+14   2.28470e+33   1.01230e-01   4.25220e-02   0.00000e+00   9.57480e-01   4.25220e-02   0.00000e+00   0.00000e+00   0.00000e+00   0.00000e+00   0.00000e+00   0.00000e+00   8.36880e-01   8.82340e-01   1.01990e+00   1.10200e+00   1.10200e+00   1.10200e+00   1.23530e+00   1.23530e+00
   1.64430e+14   2.03080e+33   9.72670e-02   4.03440e-02   0.00000e+00   9.59660e-01   4.03440e-02   0.00000e+00   0.00000e+00   0.00000e+00   0.00000e+00   0.00000e+00   0.00000e+00   8.41810e-01   8.86150e-01   1.02530e+00   1.10740e+00   1.10740e+00   1.10740e+00   1.24060e+00   1.24060e+00
   1.57640e+14   1.79580e+33   9.33000e-02   3.81750e-02   0.00000e+00   9.61820e-01   3.81750e-02   0.00000e+00   0.00000e+00   0.00000e+00   0.00000e+00   0.00000e+00   0.00000e+00   8.46850e-01   8.90040e-01   1.03080e+00   1.11280e+00   1.11280e+00   1.11280e+00   1.24610e+00   1.24610e+00
   1.50860e+14   1.57920e+33   8.93330e-02   3.60180e-02   0.00000e+00   9.63980e-01   3.60180e-02   0.00000e+00   0.00000e+00   0.00000e+00   0.00000e+00   0.00000e+00   0.00000e+00   8.51980e-01   8.94000e-01   1.03630e+00   1.11840e+00   1.11840e+00   1.11840e+00   1.25170e+00   1.25170e+00
   1.44090e+14   1.38030e+33   8.53670e-02   3.38760e-02   0.00000e+00   9.66120e-01   3.38760e-02   0.00000e+00   0.00000e+00   0.00000e+00   0.00000e+00   0.00000e+00   0.00000e+00   8.57210e-01   8.98030e-01   1.04190e+00   1.12400e+00   1.12400e+00   1.12400e+00   1.25730e+00   1.25730e+00
   1.37320e+14   1.19880e+33   8.14000e-02   3.17510e-02   0.00000e+00   9.68250e-01   3.17510e-02   0.00000e+00   0.00000e+00   0.00000e+00   0.00000e+00   0.00000e+00   0.00000e+00   8.62540e-01   9.02140e-01   1.04770e+00   1.12980e+00   1.12980e+00   1.12980e+00   1.26300e+00   1.26300e+00
   1.30570e+14   1.03380e+33   7.74330e-02   2.96470e-02   0.00000e+00   9.70350e-01   2.96470e-02   0.00000e+00   0.00000e+00   0.00000e+00   0.00000e+00   0.00000e+00   0.00000e+00   8.67980e-01   9.06330e-01   1.05350e+00   1.13560e+00   1.13560e+00   1.13560e+00   1.26880e+00   1.26880e+00
   1.23830e+14   8.84830e+32   7.34670e-02   2.75680e-02   0.00000e+00   9.72430e-01   2.75680e-02   0.00000e+00   0.00000e+00   0.00000e+00   0.00000e+00   0.00000e+00   0.00000e+00   8.73530e-01   9.10600e-01   1.05940e+00   1.14150e+00   1.14150e+00   1.14150e+00   1.27480e+00   1.27480e+00
   1.17090e+14   7.51160e+32   6.95000e-02   2.55160e-02   0.00000e+00   9.74480e-01   2.55160e-02   0.00000e+00   0.00000e+00   0.00000e+00   0.00000e+00   0.00000e+00   0.00000e+00   8.79190e-01   9.14960e-01   1.06540e+00   1.14750e+00   1.14750e+00   1.14750e+00   1.28080e+00   1.28080e+00
   4.68100e+13   1.12200e+32   2.78000e-02   8.96000e+02   1.20000e+02   2.20000e+01
   4.41100e+13   1.02100e+32   2.62000e-02   8.96000e+02   1.20000e+02   2.20000e+01
   4.37900e+13   1.02100e+32   2.60100e-02   8.96000e+02   1.22000e+02   2.40000e+01
   4.21200e+13   9.61300e+31   2.50200e-02   8.96000e+02   1.22000e+02   2.40000e+01
   3.74100e+13   8.01100e+31   2.22300e-02   8.96000e+02   1.22000e+02   2.40000e+01
   3.52300e+13   7.31100e+31   2.09300e-02   8.96000e+02   1.22000e+02   2.40000e+01
   3.49300e+13   7.31100e+31   2.07600e-02   8.96000e+02   1.24000e+02   2.60000e+01
   3.20100e+13   6.40900e+31   1.90300e-02   8.96000e+02   1.24000e+02   2.60000e+01
   2.81000e+13   5.27800e+31   1.67100e-02   8.96000e+02   1.24000e+02   2.60000e+01
   2.78400e+13   5.27800e+31   1.65600e-02   8.96000e+02   1.26000e+02   2.80000e+01
   2.61300e+13   4.80700e+31   1.55400e-02   8.96000e+02   1.26000e+02   2.80000e+01
   2.31700e+13   4.02800e+31   1.37800e-02   8.96000e+02   1.26000e+02   2.80000e+01
   2.28700e+13   4.02800e+31   1.36000e-02   4.48000e+02   7.00000e+01   1.60000e+01
   1.95400e+13   3.20400e+31   1.16200e-02   4.48000e+02   7.00000e+01   1.60000e+01
   1.86600e+13   2.99800e+31   1.11000e-02   4.48000e+02   7.00000e+01   1.60000e+01
   1.83800e+13   2.99800e+31   1.09400e-02   4.48000e+02   7.60000e+01   1.80000e+01
   1.53100e+13   2.30400e+31   9.11200e-03   4.48000e+02   7.60000e+01   1.80000e+01
   1.50600e+13   2.30400e+31   8.96500e-03   4.48000e+02   8.20000e+01   2.00000e+01
   1.27500e+13   1.81600e+31   7.59400e-03   4.48000e+02   8.20000e+01   2.00000e+01
   1.25400e+13   1.81600e+31   7.46400e-03   4.48000e+02   8.80000e+01   2.20000e+01
   1.14800e+13   1.60200e+31   6.83500e-03   4.48000e+02   8.80000e+01   2.20000e+01
   1.07700e+13   1.46300e+31   6.41200e-03   4.48000e+02   8.80000e+01   2.20000e+01
   1.05700e+13   1.46300e+31   6.29600e-03   4.48000e+02   9.40000e+01   2.40000e+01
   1.04700e+13   1.44200e+31   6.23400e-03   4.48000e+02   9.40000e+01   2.40000e+01
   9.63300e+12   1.28200e+31   5.73800e-03   4.48000e+02   9.40000e+01   2.40000e+01
   9.34500e+12   1.22800e+31   5.56700e-03   4.48000e+02   9.40000e+01   2.40000e+01
   8.98000e+12   1.22800e+31   5.34900e-03   2.24000e+02   5.40000e+01   1.40000e+01
   8.42300e+12   1.12200e+31   5.01800e-03   2.24000e+02   5.40000e+01   1.40000e+01
   7.55100e+12   9.61300e+30   4.49900e-03   2.24000e+02   5.40000e+01   1.40000e+01
   7.34200e+12   9.23900e+30   4.37400e-03   2.24000e+02   5.40000e+01   1.40000e+01
   7.04100e+12   9.23900e+30   4.19600e-03   2.24000e+02   6.00000e+01   1.60000e+01
   6.36100e+12   8.01100e+30   3.79100e-03   2.24000e+02   6.00000e+01   1.60000e+01
   5.91500e+12   7.23300e+30   3.52500e-03   2.24000e+02   6.00000e+01   1.60000e+01
   5.66500e+12   7.23300e+30   3.37700e-03   2.24000e+02   6.60000e+01   1.80000e+01
   5.19600e+12   6.40900e+30   3.09700e-03   2.24000e+02   6.60000e+01   1.80000e+01
   4.98200e+12   6.04400e+30   2.97000e-03   2.24000e+02   6.60000e+01   1.80000e+01
   4.37900e+12   6.04400e+30   2.61000e-03   1.12000e+02   4.40000e+01   1.20000e+01
   3.70800e+12   4.80700e+30   2.21100e-03   1.12000e+02   4.40000e+01   1.20000e+01
   3.64800e+12   4.69900e+30   2.17500e-03   1.12000e+02   4.40000e+01   1.20000e+01
   3.33800e+12   4.69900e+30   1.99000e-03   1.12000e+02   5.00000e+01   1.40000e+01
   2.87100e+12   3.82500e+30   1.71200e-03   1.12000e+02   5.00000e+01   1.40000e+01
   2.63400e+12   3.82500e+30   1.57100e-03   1.12000e+02   5.60000e+01   1.60000e+01
   2.31900e+12   3.21600e+30   1.38300e-03   1.12000e+02   5.60000e+01   1.60000e+01
   2.13400e+12   3.21600e+30   1.27300e-03   1.12000e+02   6.20000e+01   1.80000e+01
   1.91100e+12   2.77100e+30   1.14100e-03   1.12000e+02   6.20000e+01   1.80000e+01
   1.76600e+12   2.77100e+30   1.05400e-03   1.12000e+02   6.80000e+01   2.00000e+01
   1.70200e+12   2.63700e+30   1.01600e-03   1.12000e+02   6.80000e+01   2.00000e+01
   1.70200e+12   2.63700e+30   1.01600e-03   1.12000e+02   6.80000e+01   2.00000e+01
   1.45500e+12   2.63700e+30   8.68200e-04   5.60000e+01   4.00000e+01   1.20000e+01
   1.35800e+12   2.40300e+30   8.10000e-04   5.60000e+01   4.00000e+01   1.20000e+01
   1.29400e+12   2.25300e+30   7.72100e-04   5.60000e+01   4.00000e+01   1.20000e+01
   1.13100e+12   2.25300e+30   6.74800e-04   5.60000e+01   4.60000e+01   1.40000e+01
   1.02600e+12   1.98000e+30   6.12600e-04   5.60000e+01   4.60000e+01   1.40000e+01
   9.07500e+11   1.98000e+30   5.41800e-04   5.60000e+01   5.20000e+01   1.60000e+01
   7.74000e+11   1.60200e+30   4.62300e-04   5.60000e+01   5.20000e+01   1.60000e+01
   7.15100e+11   1.44200e+30   4.27200e-04   5.60000e+01   5.20000e+01   1.60000e+01
   6.84800e+11   1.36100e+30   4.09100e-04   5.60000e+01   5.20000e+01   1.60000e+01
   6.11000e+11   1.36100e+30   3.65100e-04   5.60000e+01   5.60000e+01   1.80000e+01
   5.84000e+11   1.28200e+30   3.49000e-04   5.60000e+01   5.60000e+01   1.80000e+01
   5.28200e+11   1.12200e+30   3.15800e-04   5.60000e+01   5.60000e+01   1.80000e+01
   4.70500e+11   9.61300e+29   2.81300e-04   5.60000e+01   5.60000e+01   1.80000e+01
   4.10200e+11   8.01100e+29   2.45400e-04   5.60000e+01   5.60000e+01   1.80000e+01
   3.46900e+11   6.40900e+29   2.07600e-04   5.60000e+01   5.60000e+01   1.80000e+01
   2.79500e+11   4.80700e+29   1.67300e-04   5.60000e+01   5.60000e+01   1.80000e+01
   2.76900e+11   4.74700e+29   1.65700e-04   5.60000e+01   5.60000e+01   1.80000e+01
   2.49600e+11   4.74700e+29   1.49400e-04   5.60000e+01   5.60000e+01   2.00000e+01
   1.85800e+11   3.20400e+29   1.11300e-04   5.60000e+01   5.60000e+01   2.00000e+01
   1.49700e+11   2.40300e+29   8.97100e-05   5.60000e+01   5.60000e+01   2.00000e+01
   1.10400e+11   1.60200e+29   6.61900e-05   5.60000e+01   5.60000e+01   2.00000e+01
   1.02000e+11   1.44200e+29   6.11700e-05   5.60000e+01   5.60000e+01   2.00000e+01
   9.33700e+10   1.28200e+29   5.60000e-05   5.60000e+01   5.60000e+01   2.00000e+01
   8.61900e+10   1.15200e+29   5.17000e-05   5.60000e+01   5.60000e+01   2.00000e+01
   7.84800e+10   1.15200e+29   4.70800e-05   5.60000e+01   5.60000e+01   2.20000e+01
   7.69100e+10   1.12200e+29   4.61400e-05   5.60000e+01   5.60000e+01   2.20000e+01
   6.85100e+10   9.61300e+28   4.11000e-05   5.60000e+01   5.60000e+01   2.20000e+01
   5.97500e+10   8.01100e+28   3.58500e-05   5.60000e+01   5.60000e+01   2.20000e+01
   5.05300e+10   6.40900e+28   3.03300e-05   5.60000e+01   5.60000e+01   2.20000e+01
   4.07200e+10   4.80700e+28   2.44500e-05   5.60000e+01   5.60000e+01   2.20000e+01
   3.00400e+10   3.20400e+28   1.80400e-05   5.60000e+01   5.60000e+01   2.20000e+01
   2.42100e+10   2.40300e+28   1.45500e-05   5.60000e+01   5.60000e+01   2.20000e+01
   1.78600e+10   1.60200e+28   1.07400e-05   5.60000e+01   5.60000e+01   2.20000e+01
   1.65100e+10   1.44200e+28   9.92100e-06   5.60000e+01   5.60000e+01   2.20000e+01
   1.51100e+10   1.28200e+28   9.08300e-06   5.60000e+01   5.60000e+01   2.20000e+01
   1.36700e+10   1.12200e+28   8.21900e-06   5.60000e+01   5.60000e+01   2.20000e+01
   1.21800e+10   9.61300e+27   7.32300e-06   5.60000e+01   5.60000e+01   2.20000e+01
   1.21400e+10   9.56900e+27   7.29800e-06   5.60000e+01   5.60000e+01   2.20000e+01
   1.11500e+10   9.56900e+27   6.70100e-06   5.60000e+01   5.60000e+01   2.40000e+01
   9.75600e+09   8.01100e+27   5.86600e-06   5.60000e+01   5.60000e+01   2.40000e+01
   9.75600e+09   8.01100e+27   5.86600e-06   5.60000e+01   5.60000e+01   2.40000e+01
   8.25400e+09   6.40900e+27   4.96400e-06   5.60000e+01   5.60000e+01   2.40000e+01
   6.65400e+09   4.80700e+27   4.00300e-06   5.60000e+01   5.60000e+01   2.40000e+01
   4.91200e+09   3.20400e+27   2.95600e-06   5.60000e+01   5.60000e+01   2.40000e+01
   3.96100e+09   2.40300e+27   2.38400e-06   5.60000e+01   5.60000e+01   2.40000e+01
   2.92500e+09   1.60200e+27   1.76100e-06   5.60000e+01   5.60000e+01   2.40000e+01
   2.70400e+09   1.44200e+27   1.62700e-06   5.60000e+01   5.60000e+01   2.40000e+01
   2.47600e+09   1.28200e+27   1.49000e-06   5.60000e+01   5.60000e+01   2.40000e+01
   2.24100e+09   1.12200e+27   1.34900e-06   5.60000e+01   5.60000e+01   2.40000e+01
   1.99700e+09   9.61300e+26   1.20200e-06   5.60000e+01   5.60000e+01   2.40000e+01
   1.74300e+09   8.01100e+26   1.05000e-06   5.60000e+01   5.60000e+01   2.40000e+01
   1.49500e+09   6.51700e+26   8.99900e-07   5.60000e+01   5.60000e+01   2.40000e+01
   1.38200e+09   6.51700e+26   8.32000e-07   5.60000e+01   5.60000e+01   2.60000e+01
   1.36500e+09   6.40900e+26   8.21700e-07   5.60000e+01   5.60000e+01   2.60000e+01
   1.10100e+09   4.80700e+26   6.63200e-07   5.60000e+01   5.60000e+01   2.60000e+01
   8.14500e+08   3.20400e+26   4.90500e-07   5.60000e+01   5.60000e+01   2.60000e+01
   6.57700e+08   2.40300e+26   3.96100e-07   5.60000e+01   5.60000e+01   2.60000e+01
   5.57300e+08   1.92300e+26   3.35700e-07   5.60000e+01   5.60000e+01   2.60000e+01
   4.86800e+08   1.60200e+26   2.93200e-07   5.60000e+01   5.60000e+01   2.60000e+01
   4.50300e+08   1.44200e+26   2.71200e-07   5.60000e+01   5.60000e+01   2.60000e+01
   4.12700e+08   1.28200e+26   2.48600e-07   5.60000e+01   5.60000e+01   2.60000e+01
   3.73800e+08   1.12200e+26   2.25200e-07   5.60000e+01   5.60000e+01   2.60000e+01
   3.33600e+08   9.61300e+25   2.01000e-07   5.60000e+01   5.60000e+01   2.60000e+01
   2.91600e+08   8.01100e+25   1.75700e-07   5.60000e+01   5.60000e+01   2.60000e+01
   2.47300e+08   6.40900e+25   1.49000e-07   5.60000e+01   5.60000e+01   2.60000e+01
   2.00100e+08   4.80700e+25   1.20600e-07   5.60000e+01   5.60000e+01   2.60000e+01
   1.48700e+08   3.20400e+25   8.95700e-08   5.60000e+01   5.60000e+01   2.60000e+01
   1.20500e+08   2.40300e+25   7.25900e-08   5.60000e+01   5.60000e+01   2.60000e+01
   1.02400e+08   1.92300e+25   6.16900e-08   5.60000e+01   5.60000e+01   2.60000e+01
   8.96600e+07   1.60200e+25   5.40400e-08   5.60000e+01   5.60000e+01   2.60000e+01
   7.01700e+07   1.14100e+25   4.22600e-08   5.60000e+01   5.60000e+01   2.60000e+01
   4.12500e+07   5.44600e+24   2.48400e-08   5.60000e+01   5.60000e+01   2.60000e+01
   2.42400e+07   2.57600e+24   1.46000e-08   5.60000e+01   5.60000e+01   2.60000e+01
   1.42500e+07   1.20500e+24   8.58300e-09   5.60000e+01   5.60000e+01   2.60000e+01
   8.37700e+06   5.56100e+23   5.04500e-09   5.60000e+01   5.60000e+01   2.60000e+01
   4.92400e+06   2.52900e+23   2.96600e-09   5.60000e+01   5.60000e+01   2.60000e+01
   2.89400e+06   1.13200e+23   1.74300e-09   5.60000e+01   5.60000e+01   2.60000e+01
   1.70100e+06   4.98300e+22   1.02500e-09   5.60000e+01   5.60000e+01   2.60000e+01
   1.00000e+06   2.15900e+22   6.02300e-10   5.60000e+01   5.60000e+01   2.60000e+01
   5.87800e+05   9.21800e+21   3.54000e-10   5.60000e+01   5.60000e+01   2.60000e+01
   3.45500e+05   3.88200e+21   2.08100e-10   5.60000e+01   5.60000e+01   2.60000e+01
   2.03100e+05   1.61500e+21   1.22300e-10   5.60000e+01   5.60000e+01   2.60000e+01
   1.19400e+05   6.63900e+20   7.19000e-11   5.60000e+01   5.60000e+01   2.60000e+01
   7.01700e+04   2.70000e+20   4.22600e-11   5.60000e+01   5.60000e+01   2.60000e+01
   4.12500e+04   1.08600e+20   2.48400e-11   5.60000e+01   5.60000e+01   2.60000e+01
   2.42400e+04   4.31900e+19   1.46000e-11   5.60000e+01   5.60000e+01   2.60000e+01
   1.42500e+04   1.69300e+19   8.58300e-12   5.60000e+01   5.60000e+01   2.60000e+01
   8.37700e+03   6.52800e+18   5.04500e-12   5.60000e+01   5.60000e+01   2.60000e+01
   4.92400e+03   2.46000e+18   2.96600e-12   5.60000e+01   5.60000e+01   2.60000e+01
   2.89400e+03   8.98500e+17   1.74300e-12   5.60000e+01   5.60000e+01   2.60000e+01
   1.70100e+03   3.12700e+17   1.02500e-12   5.60000e+01   5.60000e+01   2.60000e+01
   1.00000e+03   1.00300e+17   6.02300e-13   5.60000e+01   5.60000e+01   2.60000e+01
