  6    261   200          Itext Imax Icore

     IST EOS (set B param2)+ NZD-NV crust

  en. dens.      pres.         nB         Ye          Ymu          Yn          Yp        YL          YSm        YS0       YSp        YXim       YXi0        MNeff     MNeff      MLeff      MSmeff     MS0eff      MSpeff  MXimeff    MXi0eff 
   g/cm3        dyne/cm2      1/fm3    [A_cell]    [A_ion]     [Z] 

8.49330E+15	2.02410E+37	1.92591E+00	3.31740E-01	0.00000E+00	6.68260E-01	3.31740E-01	0.00000E+00	0.00000E+00	0.00000E+00	0.00000E+00	0.00000E+00	0.00000E+00	1.00000E+00	1.00000E+00	0.00000E+00	0.00000E+00	0.00000E+00	0.00000E+00	0.00000E+00	0.00000E+00
8.43700E+15	1.99410E+37	1.92240E+00	3.30840E-01	0.00000E+00	6.69160E-01	3.30840E-01	0.00000E+00	0.00000E+00	0.00000E+00	0.00000E+00	0.00000E+00	0.00000E+00	1.00000E+00	1.00000E+00	0.00000E+00	0.00000E+00	0.00000E+00	0.00000E+00	0.00000E+00	0.00000E+00
8.38070E+15	1.96440E+37	1.91885E+00	3.29940E-01	0.00000E+00	6.70060E-01	3.29940E-01	0.00000E+00	0.00000E+00	0.00000E+00	0.00000E+00	0.00000E+00	0.00000E+00	1.00000E+00	1.00000E+00	0.00000E+00	0.00000E+00	0.00000E+00	0.00000E+00	0.00000E+00	0.00000E+00
8.32460E+15	1.93510E+37	1.91526E+00	3.29030E-01	0.00000E+00	6.70970E-01	3.29030E-01	0.00000E+00	0.00000E+00	0.00000E+00	0.00000E+00	0.00000E+00	0.00000E+00	1.00000E+00	1.00000E+00	0.00000E+00	0.00000E+00	0.00000E+00	0.00000E+00	0.00000E+00	0.00000E+00
8.26850E+15	1.90600E+37	1.91165E+00	3.28120E-01	0.00000E+00	6.71880E-01	3.28120E-01	0.00000E+00	0.00000E+00	0.00000E+00	0.00000E+00	0.00000E+00	0.00000E+00	1.00000E+00	1.00000E+00	0.00000E+00	0.00000E+00	0.00000E+00	0.00000E+00	0.00000E+00	0.00000E+00
8.21260E+15	1.87720E+37	1.90800E+00	3.27200E-01	0.00000E+00	6.72800E-01	3.27200E-01	0.00000E+00	0.00000E+00	0.00000E+00	0.00000E+00	0.00000E+00	0.00000E+00	1.00000E+00	1.00000E+00	0.00000E+00	0.00000E+00	0.00000E+00	0.00000E+00	0.00000E+00	0.00000E+00
8.15680E+15	1.84880E+37	1.90432E+00	3.26270E-01	0.00000E+00	6.73730E-01	3.26270E-01	0.00000E+00	0.00000E+00	0.00000E+00	0.00000E+00	0.00000E+00	0.00000E+00	1.00000E+00	1.00000E+00	0.00000E+00	0.00000E+00	0.00000E+00	0.00000E+00	0.00000E+00	0.00000E+00
8.10110E+15	1.82060E+37	1.90061E+00	3.25340E-01	0.00000E+00	6.74660E-01	3.25340E-01	0.00000E+00	0.00000E+00	0.00000E+00	0.00000E+00	0.00000E+00	0.00000E+00	1.00000E+00	1.00000E+00	0.00000E+00	0.00000E+00	0.00000E+00	0.00000E+00	0.00000E+00	0.00000E+00
8.04550E+15	1.79280E+37	1.89686E+00	3.24400E-01	0.00000E+00	6.75600E-01	3.24400E-01	0.00000E+00	0.00000E+00	0.00000E+00	0.00000E+00	0.00000E+00	0.00000E+00	1.00000E+00	1.00000E+00	0.00000E+00	0.00000E+00	0.00000E+00	0.00000E+00	0.00000E+00	0.00000E+00
7.99000E+15	1.76530E+37	1.89308E+00	3.23450E-01	0.00000E+00	6.76550E-01	3.23450E-01	0.00000E+00	0.00000E+00	0.00000E+00	0.00000E+00	0.00000E+00	0.00000E+00	1.00000E+00	1.00000E+00	0.00000E+00	0.00000E+00	0.00000E+00	0.00000E+00	0.00000E+00	0.00000E+00
7.93460E+15	1.73800E+37	1.88926E+00	3.22500E-01	0.00000E+00	6.77500E-01	3.22500E-01	0.00000E+00	0.00000E+00	0.00000E+00	0.00000E+00	0.00000E+00	0.00000E+00	1.00000E+00	1.00000E+00	0.00000E+00	0.00000E+00	0.00000E+00	0.00000E+00	0.00000E+00	0.00000E+00
7.87930E+15	1.71110E+37	1.88541E+00	3.21550E-01	0.00000E+00	6.78450E-01	3.21550E-01	0.00000E+00	0.00000E+00	0.00000E+00	0.00000E+00	0.00000E+00	0.00000E+00	1.00000E+00	1.00000E+00	0.00000E+00	0.00000E+00	0.00000E+00	0.00000E+00	0.00000E+00	0.00000E+00
7.82420E+15	1.68440E+37	1.88153E+00	3.20580E-01	0.00000E+00	6.79420E-01	3.20580E-01	0.00000E+00	0.00000E+00	0.00000E+00	0.00000E+00	0.00000E+00	0.00000E+00	1.00000E+00	1.00000E+00	0.00000E+00	0.00000E+00	0.00000E+00	0.00000E+00	0.00000E+00	0.00000E+00
7.76910E+15	1.65800E+37	1.87761E+00	3.19620E-01	0.00000E+00	6.80380E-01	3.19620E-01	0.00000E+00	0.00000E+00	0.00000E+00	0.00000E+00	0.00000E+00	0.00000E+00	1.00000E+00	1.00000E+00	0.00000E+00	0.00000E+00	0.00000E+00	0.00000E+00	0.00000E+00	0.00000E+00
7.71420E+15	1.63200E+37	1.87365E+00	3.18640E-01	0.00000E+00	6.81360E-01	3.18640E-01	0.00000E+00	0.00000E+00	0.00000E+00	0.00000E+00	0.00000E+00	0.00000E+00	1.00000E+00	1.00000E+00	0.00000E+00	0.00000E+00	0.00000E+00	0.00000E+00	0.00000E+00	0.00000E+00
7.65930E+15	1.60620E+37	1.86966E+00	3.17660E-01	0.00000E+00	6.82340E-01	3.17660E-01	0.00000E+00	0.00000E+00	0.00000E+00	0.00000E+00	0.00000E+00	0.00000E+00	1.00000E+00	1.00000E+00	0.00000E+00	0.00000E+00	0.00000E+00	0.00000E+00	0.00000E+00	0.00000E+00
7.60460E+15	1.58070E+37	1.86563E+00	3.16670E-01	0.00000E+00	6.83330E-01	3.16670E-01	0.00000E+00	0.00000E+00	0.00000E+00	0.00000E+00	0.00000E+00	0.00000E+00	1.00000E+00	1.00000E+00	0.00000E+00	0.00000E+00	0.00000E+00	0.00000E+00	0.00000E+00	0.00000E+00
7.55000E+15	1.55550E+37	1.86156E+00	3.15670E-01	0.00000E+00	6.84330E-01	3.15670E-01	0.00000E+00	0.00000E+00	0.00000E+00	0.00000E+00	0.00000E+00	0.00000E+00	1.00000E+00	1.00000E+00	0.00000E+00	0.00000E+00	0.00000E+00	0.00000E+00	0.00000E+00	0.00000E+00
7.49560E+15	1.53060E+37	1.85746E+00	3.14670E-01	0.00000E+00	6.85330E-01	3.14670E-01	0.00000E+00	0.00000E+00	0.00000E+00	0.00000E+00	0.00000E+00	0.00000E+00	1.00000E+00	1.00000E+00	0.00000E+00	0.00000E+00	0.00000E+00	0.00000E+00	0.00000E+00	0.00000E+00
7.44120E+15	1.50590E+37	1.85332E+00	3.13660E-01	0.00000E+00	6.86340E-01	3.13660E-01	0.00000E+00	0.00000E+00	0.00000E+00	0.00000E+00	0.00000E+00	0.00000E+00	1.00000E+00	1.00000E+00	0.00000E+00	0.00000E+00	0.00000E+00	0.00000E+00	0.00000E+00	0.00000E+00
7.38700E+15	1.48160E+37	1.84914E+00	3.12650E-01	0.00000E+00	6.87350E-01	3.12650E-01	0.00000E+00	0.00000E+00	0.00000E+00	0.00000E+00	0.00000E+00	0.00000E+00	1.00000E+00	1.00000E+00	0.00000E+00	0.00000E+00	0.00000E+00	0.00000E+00	0.00000E+00	0.00000E+00
7.33280E+15	1.45750E+37	1.84493E+00	3.11630E-01	0.00000E+00	6.88370E-01	3.11630E-01	0.00000E+00	0.00000E+00	0.00000E+00	0.00000E+00	0.00000E+00	0.00000E+00	1.00000E+00	1.00000E+00	0.00000E+00	0.00000E+00	0.00000E+00	0.00000E+00	0.00000E+00	0.00000E+00
7.27880E+15	1.43370E+37	1.84067E+00	3.10600E-01	0.00000E+00	6.89400E-01	3.10600E-01	0.00000E+00	0.00000E+00	0.00000E+00	0.00000E+00	0.00000E+00	0.00000E+00	1.00000E+00	1.00000E+00	0.00000E+00	0.00000E+00	0.00000E+00	0.00000E+00	0.00000E+00	0.00000E+00
7.22490E+15	1.41010E+37	1.83638E+00	3.09560E-01	0.00000E+00	6.90440E-01	3.09560E-01	0.00000E+00	0.00000E+00	0.00000E+00	0.00000E+00	0.00000E+00	0.00000E+00	1.00000E+00	1.00000E+00	0.00000E+00	0.00000E+00	0.00000E+00	0.00000E+00	0.00000E+00	0.00000E+00
7.17120E+15	1.38690E+37	1.83204E+00	3.08520E-01	0.00000E+00	6.91480E-01	3.08520E-01	0.00000E+00	0.00000E+00	0.00000E+00	0.00000E+00	0.00000E+00	0.00000E+00	1.00000E+00	1.00000E+00	0.00000E+00	0.00000E+00	0.00000E+00	0.00000E+00	0.00000E+00	0.00000E+00
7.11750E+15	1.36390E+37	1.82767E+00	3.07470E-01	0.00000E+00	6.92530E-01	3.07470E-01	0.00000E+00	0.00000E+00	0.00000E+00	0.00000E+00	0.00000E+00	0.00000E+00	1.00000E+00	1.00000E+00	0.00000E+00	0.00000E+00	0.00000E+00	0.00000E+00	0.00000E+00	0.00000E+00
7.06400E+15	1.34120E+37	1.82326E+00	3.06410E-01	0.00000E+00	6.93590E-01	3.06410E-01	0.00000E+00	0.00000E+00	0.00000E+00	0.00000E+00	0.00000E+00	0.00000E+00	1.00000E+00	1.00000E+00	0.00000E+00	0.00000E+00	0.00000E+00	0.00000E+00	0.00000E+00	0.00000E+00
7.01060E+15	1.31870E+37	1.81881E+00	3.05350E-01	0.00000E+00	6.94650E-01	3.05350E-01	0.00000E+00	0.00000E+00	0.00000E+00	0.00000E+00	0.00000E+00	0.00000E+00	1.00000E+00	1.00000E+00	0.00000E+00	0.00000E+00	0.00000E+00	0.00000E+00	0.00000E+00	0.00000E+00
6.95730E+15	1.29650E+37	1.81431E+00	3.04280E-01	0.00000E+00	6.95720E-01	3.04280E-01	0.00000E+00	0.00000E+00	0.00000E+00	0.00000E+00	0.00000E+00	0.00000E+00	1.00000E+00	1.00000E+00	0.00000E+00	0.00000E+00	0.00000E+00	0.00000E+00	0.00000E+00	0.00000E+00
6.90420E+15	1.27460E+37	1.80978E+00	3.03200E-01	0.00000E+00	6.96800E-01	3.03200E-01	0.00000E+00	0.00000E+00	0.00000E+00	0.00000E+00	0.00000E+00	0.00000E+00	1.00000E+00	1.00000E+00	0.00000E+00	0.00000E+00	0.00000E+00	0.00000E+00	0.00000E+00	0.00000E+00
6.85120E+15	1.25290E+37	1.80520E+00	3.02120E-01	0.00000E+00	6.97880E-01	3.02120E-01	0.00000E+00	0.00000E+00	0.00000E+00	0.00000E+00	0.00000E+00	0.00000E+00	1.00000E+00	1.00000E+00	0.00000E+00	0.00000E+00	0.00000E+00	0.00000E+00	0.00000E+00	0.00000E+00
6.79830E+15	1.23150E+37	1.80058E+00	3.01030E-01	0.00000E+00	6.98970E-01	3.01030E-01	0.00000E+00	0.00000E+00	0.00000E+00	0.00000E+00	0.00000E+00	0.00000E+00	1.00000E+00	1.00000E+00	0.00000E+00	0.00000E+00	0.00000E+00	0.00000E+00	0.00000E+00	0.00000E+00
6.74550E+15	1.21030E+37	1.79592E+00	2.99930E-01	0.00000E+00	7.00070E-01	2.99930E-01	0.00000E+00	0.00000E+00	0.00000E+00	0.00000E+00	0.00000E+00	0.00000E+00	1.00000E+00	1.00000E+00	0.00000E+00	0.00000E+00	0.00000E+00	0.00000E+00	0.00000E+00	0.00000E+00
6.69290E+15	1.18950E+37	1.79121E+00	2.98820E-01	0.00000E+00	7.01180E-01	2.98820E-01	0.00000E+00	0.00000E+00	0.00000E+00	0.00000E+00	0.00000E+00	0.00000E+00	1.00000E+00	1.00000E+00	0.00000E+00	0.00000E+00	0.00000E+00	0.00000E+00	0.00000E+00	0.00000E+00
6.64040E+15	1.16880E+37	1.78647E+00	2.97700E-01	0.00000E+00	7.02300E-01	2.97700E-01	0.00000E+00	0.00000E+00	0.00000E+00	0.00000E+00	0.00000E+00	0.00000E+00	1.00000E+00	1.00000E+00	0.00000E+00	0.00000E+00	0.00000E+00	0.00000E+00	0.00000E+00	0.00000E+00
6.58800E+15	1.14840E+37	1.78168E+00	2.96580E-01	0.00000E+00	7.03420E-01	2.96580E-01	0.00000E+00	0.00000E+00	0.00000E+00	0.00000E+00	0.00000E+00	0.00000E+00	1.00000E+00	1.00000E+00	0.00000E+00	0.00000E+00	0.00000E+00	0.00000E+00	0.00000E+00	0.00000E+00
6.53570E+15	1.12830E+37	1.77684E+00	2.95450E-01	0.00000E+00	7.04550E-01	2.95450E-01	0.00000E+00	0.00000E+00	0.00000E+00	0.00000E+00	0.00000E+00	0.00000E+00	1.00000E+00	1.00000E+00	0.00000E+00	0.00000E+00	0.00000E+00	0.00000E+00	0.00000E+00	0.00000E+00
6.48360E+15	1.10840E+37	1.77196E+00	2.94320E-01	0.00000E+00	7.05680E-01	2.94320E-01	0.00000E+00	0.00000E+00	0.00000E+00	0.00000E+00	0.00000E+00	0.00000E+00	1.00000E+00	1.00000E+00	0.00000E+00	0.00000E+00	0.00000E+00	0.00000E+00	0.00000E+00	0.00000E+00
6.43160E+15	1.08870E+37	1.76704E+00	2.93170E-01	0.00000E+00	7.06830E-01	2.93170E-01	0.00000E+00	0.00000E+00	0.00000E+00	0.00000E+00	0.00000E+00	0.00000E+00	1.00000E+00	1.00000E+00	0.00000E+00	0.00000E+00	0.00000E+00	0.00000E+00	0.00000E+00	0.00000E+00
6.37980E+15	1.06930E+37	1.76207E+00	2.92020E-01	0.00000E+00	7.07980E-01	2.92020E-01	0.00000E+00	0.00000E+00	0.00000E+00	0.00000E+00	0.00000E+00	0.00000E+00	1.00000E+00	1.00000E+00	0.00000E+00	0.00000E+00	0.00000E+00	0.00000E+00	0.00000E+00	0.00000E+00
6.32810E+15	1.05020E+37	1.75705E+00	2.90860E-01	0.00000E+00	7.09140E-01	2.90860E-01	0.00000E+00	0.00000E+00	0.00000E+00	0.00000E+00	0.00000E+00	0.00000E+00	1.00000E+00	1.00000E+00	0.00000E+00	0.00000E+00	0.00000E+00	0.00000E+00	0.00000E+00	0.00000E+00
6.27650E+15	1.03120E+37	1.75199E+00	2.89690E-01	0.00000E+00	7.10310E-01	2.89690E-01	0.00000E+00	0.00000E+00	0.00000E+00	0.00000E+00	0.00000E+00	0.00000E+00	1.00000E+00	1.00000E+00	0.00000E+00	0.00000E+00	0.00000E+00	0.00000E+00	0.00000E+00	0.00000E+00
6.22500E+15	1.01250E+37	1.74688E+00	2.88510E-01	0.00000E+00	7.11490E-01	2.88510E-01	0.00000E+00	0.00000E+00	0.00000E+00	0.00000E+00	0.00000E+00	0.00000E+00	1.00000E+00	1.00000E+00	0.00000E+00	0.00000E+00	0.00000E+00	0.00000E+00	0.00000E+00	0.00000E+00
6.17370E+15	9.94100E+36	1.74173E+00	2.87330E-01	0.00000E+00	7.12670E-01	2.87330E-01	0.00000E+00	0.00000E+00	0.00000E+00	0.00000E+00	0.00000E+00	0.00000E+00	1.00000E+00	1.00000E+00	0.00000E+00	0.00000E+00	0.00000E+00	0.00000E+00	0.00000E+00	0.00000E+00
6.12260E+15	9.75880E+36	1.73653E+00	2.86140E-01	0.00000E+00	7.13860E-01	2.86140E-01	0.00000E+00	0.00000E+00	0.00000E+00	0.00000E+00	0.00000E+00	0.00000E+00	1.00000E+00	1.00000E+00	0.00000E+00	0.00000E+00	0.00000E+00	0.00000E+00	0.00000E+00	0.00000E+00
6.07150E+15	9.57910E+36	1.73128E+00	2.84940E-01	0.00000E+00	7.15060E-01	2.84940E-01	0.00000E+00	0.00000E+00	0.00000E+00	0.00000E+00	0.00000E+00	0.00000E+00	1.00000E+00	1.00000E+00	0.00000E+00	0.00000E+00	0.00000E+00	0.00000E+00	0.00000E+00	0.00000E+00
6.02060E+15	9.40160E+36	1.72598E+00	2.83730E-01	0.00000E+00	7.16270E-01	2.83730E-01	0.00000E+00	0.00000E+00	0.00000E+00	0.00000E+00	0.00000E+00	0.00000E+00	1.00000E+00	1.00000E+00	0.00000E+00	0.00000E+00	0.00000E+00	0.00000E+00	0.00000E+00	0.00000E+00
5.96990E+15	9.22640E+36	1.72063E+00	2.82510E-01	0.00000E+00	7.17490E-01	2.82510E-01	0.00000E+00	0.00000E+00	0.00000E+00	0.00000E+00	0.00000E+00	0.00000E+00	1.00000E+00	1.00000E+00	0.00000E+00	0.00000E+00	0.00000E+00	0.00000E+00	0.00000E+00	0.00000E+00
5.91930E+15	9.05350E+36	1.71524E+00	2.81280E-01	0.00000E+00	7.18720E-01	2.81280E-01	0.00000E+00	0.00000E+00	0.00000E+00	0.00000E+00	0.00000E+00	0.00000E+00	1.00000E+00	1.00000E+00	0.00000E+00	0.00000E+00	0.00000E+00	0.00000E+00	0.00000E+00	0.00000E+00
5.86880E+15	8.88290E+36	1.70979E+00	2.80050E-01	0.00000E+00	7.19950E-01	2.80050E-01	0.00000E+00	0.00000E+00	0.00000E+00	0.00000E+00	0.00000E+00	0.00000E+00	1.00000E+00	1.00000E+00	0.00000E+00	0.00000E+00	0.00000E+00	0.00000E+00	0.00000E+00	0.00000E+00
5.81850E+15	8.71450E+36	1.70430E+00	2.78810E-01	0.00000E+00	7.21190E-01	2.78810E-01	0.00000E+00	0.00000E+00	0.00000E+00	0.00000E+00	0.00000E+00	0.00000E+00	1.00000E+00	1.00000E+00	0.00000E+00	0.00000E+00	0.00000E+00	0.00000E+00	0.00000E+00	0.00000E+00
5.76830E+15	8.54840E+36	1.69875E+00	2.77560E-01	0.00000E+00	7.22440E-01	2.77560E-01	0.00000E+00	0.00000E+00	0.00000E+00	0.00000E+00	0.00000E+00	0.00000E+00	1.00000E+00	1.00000E+00	0.00000E+00	0.00000E+00	0.00000E+00	0.00000E+00	0.00000E+00	0.00000E+00
5.71830E+15	8.38450E+36	1.69316E+00	2.76300E-01	0.00000E+00	7.23700E-01	2.76300E-01	0.00000E+00	0.00000E+00	0.00000E+00	0.00000E+00	0.00000E+00	0.00000E+00	1.00000E+00	1.00000E+00	0.00000E+00	0.00000E+00	0.00000E+00	0.00000E+00	0.00000E+00	0.00000E+00
5.66840E+15	8.22270E+36	1.68751E+00	2.75030E-01	0.00000E+00	7.24970E-01	2.75030E-01	0.00000E+00	0.00000E+00	0.00000E+00	0.00000E+00	0.00000E+00	0.00000E+00	1.00000E+00	1.00000E+00	0.00000E+00	0.00000E+00	0.00000E+00	0.00000E+00	0.00000E+00	0.00000E+00
5.61870E+15	8.06320E+36	1.68181E+00	2.73760E-01	0.00000E+00	7.26240E-01	2.73760E-01	0.00000E+00	0.00000E+00	0.00000E+00	0.00000E+00	0.00000E+00	0.00000E+00	1.00000E+00	1.00000E+00	0.00000E+00	0.00000E+00	0.00000E+00	0.00000E+00	0.00000E+00	0.00000E+00
5.56910E+15	7.90580E+36	1.67606E+00	2.72470E-01	0.00000E+00	7.27530E-01	2.72470E-01	0.00000E+00	0.00000E+00	0.00000E+00	0.00000E+00	0.00000E+00	0.00000E+00	1.00000E+00	1.00000E+00	0.00000E+00	0.00000E+00	0.00000E+00	0.00000E+00	0.00000E+00	0.00000E+00
5.51960E+15	7.75050E+36	1.67026E+00	2.71180E-01	0.00000E+00	7.28820E-01	2.71180E-01	0.00000E+00	0.00000E+00	0.00000E+00	0.00000E+00	0.00000E+00	0.00000E+00	1.00000E+00	1.00000E+00	0.00000E+00	0.00000E+00	0.00000E+00	0.00000E+00	0.00000E+00	0.00000E+00
5.47030E+15	7.59740E+36	1.66440E+00	2.69880E-01	0.00000E+00	7.30120E-01	2.69880E-01	0.00000E+00	0.00000E+00	0.00000E+00	0.00000E+00	0.00000E+00	0.00000E+00	1.00000E+00	1.00000E+00	0.00000E+00	0.00000E+00	0.00000E+00	0.00000E+00	0.00000E+00	0.00000E+00
5.42120E+15	7.44630E+36	1.65849E+00	2.68560E-01	0.00000E+00	7.31440E-01	2.68560E-01	0.00000E+00	0.00000E+00	0.00000E+00	0.00000E+00	0.00000E+00	0.00000E+00	1.00000E+00	1.00000E+00	0.00000E+00	0.00000E+00	0.00000E+00	0.00000E+00	0.00000E+00	0.00000E+00
5.37220E+15	7.29740E+36	1.65253E+00	2.67240E-01	0.00000E+00	7.32760E-01	2.67240E-01	0.00000E+00	0.00000E+00	0.00000E+00	0.00000E+00	0.00000E+00	0.00000E+00	1.00000E+00	1.00000E+00	0.00000E+00	0.00000E+00	0.00000E+00	0.00000E+00	0.00000E+00	0.00000E+00
5.32340E+15	7.15050E+36	1.64651E+00	2.65910E-01	0.00000E+00	7.34090E-01	2.65910E-01	0.00000E+00	0.00000E+00	0.00000E+00	0.00000E+00	0.00000E+00	0.00000E+00	1.00000E+00	1.00000E+00	0.00000E+00	0.00000E+00	0.00000E+00	0.00000E+00	0.00000E+00	0.00000E+00
5.27470E+15	7.00570E+36	1.64043E+00	2.64580E-01	0.00000E+00	7.35420E-01	2.64580E-01	0.00000E+00	0.00000E+00	0.00000E+00	0.00000E+00	0.00000E+00	0.00000E+00	1.00000E+00	1.00000E+00	0.00000E+00	0.00000E+00	0.00000E+00	0.00000E+00	0.00000E+00	0.00000E+00
5.22620E+15	6.86300E+36	1.63431E+00	2.63230E-01	0.00000E+00	7.36770E-01	2.63230E-01	0.00000E+00	0.00000E+00	0.00000E+00	0.00000E+00	0.00000E+00	0.00000E+00	1.00000E+00	1.00000E+00	0.00000E+00	0.00000E+00	0.00000E+00	0.00000E+00	0.00000E+00	0.00000E+00
5.17780E+15	6.72220E+36	1.62812E+00	2.61870E-01	0.00000E+00	7.38130E-01	2.61870E-01	0.00000E+00	0.00000E+00	0.00000E+00	0.00000E+00	0.00000E+00	0.00000E+00	1.00000E+00	1.00000E+00	0.00000E+00	0.00000E+00	0.00000E+00	0.00000E+00	0.00000E+00	0.00000E+00
5.12960E+15	6.58350E+36	1.62188E+00	2.60510E-01	0.00000E+00	7.39490E-01	2.60510E-01	0.00000E+00	0.00000E+00	0.00000E+00	0.00000E+00	0.00000E+00	0.00000E+00	1.00000E+00	1.00000E+00	0.00000E+00	0.00000E+00	0.00000E+00	0.00000E+00	0.00000E+00	0.00000E+00
5.08150E+15	6.44680E+36	1.61558E+00	2.59130E-01	0.00000E+00	7.40870E-01	2.59130E-01	0.00000E+00	0.00000E+00	0.00000E+00	0.00000E+00	0.00000E+00	0.00000E+00	1.00000E+00	1.00000E+00	0.00000E+00	0.00000E+00	0.00000E+00	0.00000E+00	0.00000E+00	0.00000E+00
5.03360E+15	6.31200E+36	1.60923E+00	2.57740E-01	0.00000E+00	7.42250E-01	2.57750E-01	0.00000E+00	0.00000E+00	0.00000E+00	0.00000E+00	0.00000E+00	0.00000E+00	1.00000E+00	1.00000E+00	0.00000E+00	0.00000E+00	0.00000E+00	0.00000E+00	0.00000E+00	0.00000E+00
4.98590E+15	6.17920E+36	1.60282E+00	2.56350E-01	0.00000E+00	7.43650E-01	2.56350E-01	0.00000E+00	0.00000E+00	0.00000E+00	0.00000E+00	0.00000E+00	0.00000E+00	1.00000E+00	1.00000E+00	0.00000E+00	0.00000E+00	0.00000E+00	0.00000E+00	0.00000E+00	0.00000E+00
4.93830E+15	6.04830E+36	1.59635E+00	2.54950E-01	0.00000E+00	7.45050E-01	2.54950E-01	0.00000E+00	0.00000E+00	0.00000E+00	0.00000E+00	0.00000E+00	0.00000E+00	1.00000E+00	1.00000E+00	0.00000E+00	0.00000E+00	0.00000E+00	0.00000E+00	0.00000E+00	0.00000E+00
4.89090E+15	5.91940E+36	1.58982E+00	2.53530E-01	0.00000E+00	7.46470E-01	2.53530E-01	0.00000E+00	0.00000E+00	0.00000E+00	0.00000E+00	0.00000E+00	0.00000E+00	1.00000E+00	1.00000E+00	0.00000E+00	0.00000E+00	0.00000E+00	0.00000E+00	0.00000E+00	0.00000E+00
4.84360E+15	5.79240E+36	1.58323E+00	2.52110E-01	0.00000E+00	7.47890E-01	2.52110E-01	0.00000E+00	0.00000E+00	0.00000E+00	0.00000E+00	0.00000E+00	0.00000E+00	1.00000E+00	1.00000E+00	0.00000E+00	0.00000E+00	0.00000E+00	0.00000E+00	0.00000E+00	0.00000E+00
4.79650E+15	5.66720E+36	1.57658E+00	2.50680E-01	0.00000E+00	7.49320E-01	2.50680E-01	0.00000E+00	0.00000E+00	0.00000E+00	0.00000E+00	0.00000E+00	0.00000E+00	1.00000E+00	1.00000E+00	0.00000E+00	0.00000E+00	0.00000E+00	0.00000E+00	0.00000E+00	0.00000E+00
4.74960E+15	5.54390E+36	1.56988E+00	2.49240E-01	0.00000E+00	7.50760E-01	2.49240E-01	0.00000E+00	0.00000E+00	0.00000E+00	0.00000E+00	0.00000E+00	0.00000E+00	1.00000E+00	1.00000E+00	0.00000E+00	0.00000E+00	0.00000E+00	0.00000E+00	0.00000E+00	0.00000E+00
4.70280E+15	5.42250E+36	1.56311E+00	2.47780E-01	0.00000E+00	7.52220E-01	2.47780E-01	0.00000E+00	0.00000E+00	0.00000E+00	0.00000E+00	0.00000E+00	0.00000E+00	1.00000E+00	1.00000E+00	0.00000E+00	0.00000E+00	0.00000E+00	0.00000E+00	0.00000E+00	0.00000E+00
4.65620E+15	5.30300E+36	1.55628E+00	2.46320E-01	0.00000E+00	7.53680E-01	2.46320E-01	0.00000E+00	0.00000E+00	0.00000E+00	0.00000E+00	0.00000E+00	0.00000E+00	1.00000E+00	1.00000E+00	0.00000E+00	0.00000E+00	0.00000E+00	0.00000E+00	0.00000E+00	0.00000E+00
4.60970E+15	5.18520E+36	1.54939E+00	2.44850E-01	0.00000E+00	7.55150E-01	2.44850E-01	0.00000E+00	0.00000E+00	0.00000E+00	0.00000E+00	0.00000E+00	0.00000E+00	1.00000E+00	1.00000E+00	0.00000E+00	0.00000E+00	0.00000E+00	0.00000E+00	0.00000E+00	0.00000E+00
4.56350E+15	5.06930E+36	1.54244E+00	2.43370E-01	0.00000E+00	7.56630E-01	2.43370E-01	0.00000E+00	0.00000E+00	0.00000E+00	0.00000E+00	0.00000E+00	0.00000E+00	1.00000E+00	1.00000E+00	0.00000E+00	0.00000E+00	0.00000E+00	0.00000E+00	0.00000E+00	0.00000E+00
4.51740E+15	4.95510E+36	1.53543E+00	2.41880E-01	0.00000E+00	7.58120E-01	2.41880E-01	0.00000E+00	0.00000E+00	0.00000E+00	0.00000E+00	0.00000E+00	0.00000E+00	1.00000E+00	1.00000E+00	0.00000E+00	0.00000E+00	0.00000E+00	0.00000E+00	0.00000E+00	0.00000E+00
4.47140E+15	4.84280E+36	1.52835E+00	2.40380E-01	0.00000E+00	7.59620E-01	2.40380E-01	0.00000E+00	0.00000E+00	0.00000E+00	0.00000E+00	0.00000E+00	0.00000E+00	1.00000E+00	1.00000E+00	0.00000E+00	0.00000E+00	0.00000E+00	0.00000E+00	0.00000E+00	0.00000E+00
4.42570E+15	4.73220E+36	1.52121E+00	2.38860E-01	0.00000E+00	7.61140E-01	2.38860E-01	0.00000E+00	0.00000E+00	0.00000E+00	0.00000E+00	0.00000E+00	0.00000E+00	1.00000E+00	1.00000E+00	0.00000E+00	0.00000E+00	0.00000E+00	0.00000E+00	0.00000E+00	0.00000E+00
4.38010E+15	4.62330E+36	1.51401E+00	2.37340E-01	0.00000E+00	7.62660E-01	2.37340E-01	0.00000E+00	0.00000E+00	0.00000E+00	0.00000E+00	0.00000E+00	0.00000E+00	1.00000E+00	1.00000E+00	0.00000E+00	0.00000E+00	0.00000E+00	0.00000E+00	0.00000E+00	0.00000E+00
4.33460E+15	4.51620E+36	1.50674E+00	2.35810E-01	0.00000E+00	7.64190E-01	2.35810E-01	0.00000E+00	0.00000E+00	0.00000E+00	0.00000E+00	0.00000E+00	0.00000E+00	1.00000E+00	1.00000E+00	0.00000E+00	0.00000E+00	0.00000E+00	0.00000E+00	0.00000E+00	0.00000E+00
4.28940E+15	4.41080E+36	1.49941E+00	2.34270E-01	0.00000E+00	7.65730E-01	2.34270E-01	0.00000E+00	0.00000E+00	0.00000E+00	0.00000E+00	0.00000E+00	0.00000E+00	1.00000E+00	1.00000E+00	0.00000E+00	0.00000E+00	0.00000E+00	0.00000E+00	0.00000E+00	0.00000E+00
4.24430E+15	4.30710E+36	1.49201E+00	2.32710E-01	0.00000E+00	7.67290E-01	2.32710E-01	0.00000E+00	0.00000E+00	0.00000E+00	0.00000E+00	0.00000E+00	0.00000E+00	1.00000E+00	1.00000E+00	0.00000E+00	0.00000E+00	0.00000E+00	0.00000E+00	0.00000E+00	0.00000E+00
4.19940E+15	4.20510E+36	1.48455E+00	2.31150E-01	0.00000E+00	7.68850E-01	2.31150E-01	0.00000E+00	0.00000E+00	0.00000E+00	0.00000E+00	0.00000E+00	0.00000E+00	1.00000E+00	1.00000E+00	0.00000E+00	0.00000E+00	0.00000E+00	0.00000E+00	0.00000E+00	0.00000E+00
4.15460E+15	4.10470E+36	1.47703E+00	2.29580E-01	0.00000E+00	7.70420E-01	2.29580E-01	0.00000E+00	0.00000E+00	0.00000E+00	0.00000E+00	0.00000E+00	0.00000E+00	1.00000E+00	1.00000E+00	0.00000E+00	0.00000E+00	0.00000E+00	0.00000E+00	0.00000E+00	0.00000E+00
4.11010E+15	4.00600E+36	1.46943E+00	2.27990E-01	0.00000E+00	7.72010E-01	2.27990E-01	0.00000E+00	0.00000E+00	0.00000E+00	0.00000E+00	0.00000E+00	0.00000E+00	1.00000E+00	1.00000E+00	0.00000E+00	0.00000E+00	0.00000E+00	0.00000E+00	0.00000E+00	0.00000E+00
4.06570E+15	3.90890E+36	1.46177E+00	2.26400E-01	0.00000E+00	7.73600E-01	2.26400E-01	0.00000E+00	0.00000E+00	0.00000E+00	0.00000E+00	0.00000E+00	0.00000E+00	1.00000E+00	1.00000E+00	0.00000E+00	0.00000E+00	0.00000E+00	0.00000E+00	0.00000E+00	0.00000E+00
4.02150E+15	3.81350E+36	1.45404E+00	2.24800E-01	0.00000E+00	7.75200E-01	2.24800E-01	0.00000E+00	0.00000E+00	0.00000E+00	0.00000E+00	0.00000E+00	0.00000E+00	1.00000E+00	1.00000E+00	0.00000E+00	0.00000E+00	0.00000E+00	0.00000E+00	0.00000E+00	0.00000E+00
3.97750E+15	3.71960E+36	1.44625E+00	2.23180E-01	0.00000E+00	7.76820E-01	2.23180E-01	0.00000E+00	0.00000E+00	0.00000E+00	0.00000E+00	0.00000E+00	0.00000E+00	1.00000E+00	1.00000E+00	0.00000E+00	0.00000E+00	0.00000E+00	0.00000E+00	0.00000E+00	0.00000E+00
3.93360E+15	3.62740E+36	1.43838E+00	2.21560E-01	0.00000E+00	7.78440E-01	2.21560E-01	0.00000E+00	0.00000E+00	0.00000E+00	0.00000E+00	0.00000E+00	0.00000E+00	1.00000E+00	1.00000E+00	0.00000E+00	0.00000E+00	0.00000E+00	0.00000E+00	0.00000E+00	0.00000E+00
3.88990E+15	3.53670E+36	1.43045E+00	2.19920E-01	0.00000E+00	7.80080E-01	2.19920E-01	0.00000E+00	0.00000E+00	0.00000E+00	0.00000E+00	0.00000E+00	0.00000E+00	1.00000E+00	1.00000E+00	0.00000E+00	0.00000E+00	0.00000E+00	0.00000E+00	0.00000E+00	0.00000E+00
3.84650E+15	3.44760E+36	1.42245E+00	2.18270E-01	0.00000E+00	7.81730E-01	2.18270E-01	0.00000E+00	0.00000E+00	0.00000E+00	0.00000E+00	0.00000E+00	0.00000E+00	1.00000E+00	1.00000E+00	0.00000E+00	0.00000E+00	0.00000E+00	0.00000E+00	0.00000E+00	0.00000E+00
3.80310E+15	3.36000E+36	1.41438E+00	2.16610E-01	0.00000E+00	7.83390E-01	2.16610E-01	0.00000E+00	0.00000E+00	0.00000E+00	0.00000E+00	0.00000E+00	0.00000E+00	1.00000E+00	1.00000E+00	0.00000E+00	0.00000E+00	0.00000E+00	0.00000E+00	0.00000E+00	0.00000E+00
3.76000E+15	3.27400E+36	1.40624E+00	2.14950E-01	0.00000E+00	7.85050E-01	2.14950E-01	0.00000E+00	0.00000E+00	0.00000E+00	0.00000E+00	0.00000E+00	0.00000E+00	1.00000E+00	1.00000E+00	0.00000E+00	0.00000E+00	0.00000E+00	0.00000E+00	0.00000E+00	0.00000E+00
3.71710E+15	3.18940E+36	1.39802E+00	2.13270E-01	0.00000E+00	7.86730E-01	2.13270E-01	0.00000E+00	0.00000E+00	0.00000E+00	0.00000E+00	0.00000E+00	0.00000E+00	1.00000E+00	1.00000E+00	0.00000E+00	0.00000E+00	0.00000E+00	0.00000E+00	0.00000E+00	0.00000E+00
3.67430E+15	3.10640E+36	1.38974E+00	2.11580E-01	0.00000E+00	7.88420E-01	2.11580E-01	0.00000E+00	0.00000E+00	0.00000E+00	0.00000E+00	0.00000E+00	0.00000E+00	1.00000E+00	1.00000E+00	0.00000E+00	0.00000E+00	0.00000E+00	0.00000E+00	0.00000E+00	0.00000E+00
3.63170E+15	3.02480E+36	1.38139E+00	2.09880E-01	0.00000E+00	7.90120E-01	2.09880E-01	0.00000E+00	0.00000E+00	0.00000E+00	0.00000E+00	0.00000E+00	0.00000E+00	1.00000E+00	1.00000E+00	0.00000E+00	0.00000E+00	0.00000E+00	0.00000E+00	0.00000E+00	0.00000E+00
3.58930E+15	2.94480E+36	1.37296E+00	2.08170E-01	0.00000E+00	7.91830E-01	2.08170E-01	0.00000E+00	0.00000E+00	0.00000E+00	0.00000E+00	0.00000E+00	0.00000E+00	1.00000E+00	1.00000E+00	0.00000E+00	0.00000E+00	0.00000E+00	0.00000E+00	0.00000E+00	0.00000E+00
3.54710E+15	2.86610E+36	1.36447E+00	2.06440E-01	0.00000E+00	7.93560E-01	2.06440E-01	0.00000E+00	0.00000E+00	0.00000E+00	0.00000E+00	0.00000E+00	0.00000E+00	1.00000E+00	1.00000E+00	0.00000E+00	0.00000E+00	0.00000E+00	0.00000E+00	0.00000E+00	0.00000E+00
3.50500E+15	2.78890E+36	1.35590E+00	2.04710E-01	0.00000E+00	7.95290E-01	2.04710E-01	0.00000E+00	0.00000E+00	0.00000E+00	0.00000E+00	0.00000E+00	0.00000E+00	1.00000E+00	1.00000E+00	0.00000E+00	0.00000E+00	0.00000E+00	0.00000E+00	0.00000E+00	0.00000E+00
3.46320E+15	2.71320E+36	1.34725E+00	2.02970E-01	0.00000E+00	7.97030E-01	2.02970E-01	0.00000E+00	0.00000E+00	0.00000E+00	0.00000E+00	0.00000E+00	0.00000E+00	1.00000E+00	1.00000E+00	0.00000E+00	0.00000E+00	0.00000E+00	0.00000E+00	0.00000E+00	0.00000E+00
3.42150E+15	2.63880E+36	1.33854E+00	2.01210E-01	0.00000E+00	7.98790E-01	2.01210E-01	0.00000E+00	0.00000E+00	0.00000E+00	0.00000E+00	0.00000E+00	0.00000E+00	1.00000E+00	1.00000E+00	0.00000E+00	0.00000E+00	0.00000E+00	0.00000E+00	0.00000E+00	0.00000E+00
3.38000E+15	2.56590E+36	1.32975E+00	1.99450E-01	0.00000E+00	8.00550E-01	1.99450E-01	0.00000E+00	0.00000E+00	0.00000E+00	0.00000E+00	0.00000E+00	0.00000E+00	1.00000E+00	1.00000E+00	0.00000E+00	0.00000E+00	0.00000E+00	0.00000E+00	0.00000E+00	0.00000E+00
3.33870E+15	2.49430E+36	1.32088E+00	1.97670E-01	0.00000E+00	8.02330E-01	1.97670E-01	0.00000E+00	0.00000E+00	0.00000E+00	0.00000E+00	0.00000E+00	0.00000E+00	1.00000E+00	1.00000E+00	0.00000E+00	0.00000E+00	0.00000E+00	0.00000E+00	0.00000E+00	0.00000E+00
3.29760E+15	2.42410E+36	1.31194E+00	1.95880E-01	0.00000E+00	8.04120E-01	1.95880E-01	0.00000E+00	0.00000E+00	0.00000E+00	0.00000E+00	0.00000E+00	0.00000E+00	1.00000E+00	1.00000E+00	0.00000E+00	0.00000E+00	0.00000E+00	0.00000E+00	0.00000E+00	0.00000E+00
3.25670E+15	2.35520E+36	1.30293E+00	1.94090E-01	0.00000E+00	8.05910E-01	1.94090E-01	0.00000E+00	0.00000E+00	0.00000E+00	0.00000E+00	0.00000E+00	0.00000E+00	1.00000E+00	1.00000E+00	0.00000E+00	0.00000E+00	0.00000E+00	0.00000E+00	0.00000E+00	0.00000E+00
3.21600E+15	2.28770E+36	1.29384E+00	1.92280E-01	0.00000E+00	8.07720E-01	1.92280E-01	0.00000E+00	0.00000E+00	0.00000E+00	0.00000E+00	0.00000E+00	0.00000E+00	1.00000E+00	1.00000E+00	0.00000E+00	0.00000E+00	0.00000E+00	0.00000E+00	0.00000E+00	0.00000E+00
3.17540E+15	2.22150E+36	1.28468E+00	1.90460E-01	0.00000E+00	8.09540E-01	1.90460E-01	0.00000E+00	0.00000E+00	0.00000E+00	0.00000E+00	0.00000E+00	0.00000E+00	1.00000E+00	1.00000E+00	0.00000E+00	0.00000E+00	0.00000E+00	0.00000E+00	0.00000E+00	0.00000E+00
3.13510E+15	2.15660E+36	1.27543E+00	1.88630E-01	0.00000E+00	8.11370E-01	1.88630E-01	0.00000E+00	0.00000E+00	0.00000E+00	0.00000E+00	0.00000E+00	0.00000E+00	1.00000E+00	1.00000E+00	0.00000E+00	0.00000E+00	0.00000E+00	0.00000E+00	0.00000E+00	0.00000E+00
3.09490E+15	2.09300E+36	1.26612E+00	1.86790E-01	0.00000E+00	8.13210E-01	1.86790E-01	0.00000E+00	0.00000E+00	0.00000E+00	0.00000E+00	0.00000E+00	0.00000E+00	1.00000E+00	1.00000E+00	0.00000E+00	0.00000E+00	0.00000E+00	0.00000E+00	0.00000E+00	0.00000E+00
3.05490E+15	2.03070E+36	1.25672E+00	1.84940E-01	0.00000E+00	8.15060E-01	1.84940E-01	0.00000E+00	0.00000E+00	0.00000E+00	0.00000E+00	0.00000E+00	0.00000E+00	1.00000E+00	1.00000E+00	0.00000E+00	0.00000E+00	0.00000E+00	0.00000E+00	0.00000E+00	0.00000E+00
3.01510E+15	1.96960E+36	1.24725E+00	1.83080E-01	0.00000E+00	8.16920E-01	1.83080E-01	0.00000E+00	0.00000E+00	0.00000E+00	0.00000E+00	0.00000E+00	0.00000E+00	1.00000E+00	1.00000E+00	0.00000E+00	0.00000E+00	0.00000E+00	0.00000E+00	0.00000E+00	0.00000E+00
2.97550E+15	1.90980E+36	1.23770E+00	1.81210E-01	0.00000E+00	8.18790E-01	1.81210E-01	0.00000E+00	0.00000E+00	0.00000E+00	0.00000E+00	0.00000E+00	0.00000E+00	1.00000E+00	1.00000E+00	0.00000E+00	0.00000E+00	0.00000E+00	0.00000E+00	0.00000E+00	0.00000E+00
2.93610E+15	1.85120E+36	1.22807E+00	1.79320E-01	0.00000E+00	8.20680E-01	1.79320E-01	0.00000E+00	0.00000E+00	0.00000E+00	0.00000E+00	0.00000E+00	0.00000E+00	1.00000E+00	1.00000E+00	0.00000E+00	0.00000E+00	0.00000E+00	0.00000E+00	0.00000E+00	0.00000E+00
2.89680E+15	1.79390E+36	1.21836E+00	1.77430E-01	0.00000E+00	8.22570E-01	1.77430E-01	0.00000E+00	0.00000E+00	0.00000E+00	0.00000E+00	0.00000E+00	0.00000E+00	1.00000E+00	1.00000E+00	0.00000E+00	0.00000E+00	0.00000E+00	0.00000E+00	0.00000E+00	0.00000E+00
2.85780E+15	1.73770E+36	1.20858E+00	1.75530E-01	0.00000E+00	8.24470E-01	1.75530E-01	0.00000E+00	0.00000E+00	0.00000E+00	0.00000E+00	0.00000E+00	0.00000E+00	1.00000E+00	1.00000E+00	0.00000E+00	0.00000E+00	0.00000E+00	0.00000E+00	0.00000E+00	0.00000E+00
2.81890E+15	1.68280E+36	1.19871E+00	1.73610E-01	0.00000E+00	8.26390E-01	1.73610E-01	0.00000E+00	0.00000E+00	0.00000E+00	0.00000E+00	0.00000E+00	0.00000E+00	1.00000E+00	1.00000E+00	0.00000E+00	0.00000E+00	0.00000E+00	0.00000E+00	0.00000E+00	0.00000E+00
2.78030E+15	1.62900E+36	1.18876E+00	1.71690E-01	0.00000E+00	8.28310E-01	1.71690E-01	0.00000E+00	0.00000E+00	0.00000E+00	0.00000E+00	0.00000E+00	0.00000E+00	1.00000E+00	1.00000E+00	0.00000E+00	0.00000E+00	0.00000E+00	0.00000E+00	0.00000E+00	0.00000E+00
2.74180E+15	1.57640E+36	1.17874E+00	1.69750E-01	0.00000E+00	8.30250E-01	1.69750E-01	0.00000E+00	0.00000E+00	0.00000E+00	0.00000E+00	0.00000E+00	0.00000E+00	1.00000E+00	1.00000E+00	0.00000E+00	0.00000E+00	0.00000E+00	0.00000E+00	0.00000E+00	0.00000E+00
2.70350E+15	1.52500E+36	1.16863E+00	1.67810E-01	0.00000E+00	8.32190E-01	1.67810E-01	0.00000E+00	0.00000E+00	0.00000E+00	0.00000E+00	0.00000E+00	0.00000E+00	1.00000E+00	1.00000E+00	0.00000E+00	0.00000E+00	0.00000E+00	0.00000E+00	0.00000E+00	0.00000E+00
2.66540E+15	1.47470E+36	1.15844E+00	1.65860E-01	0.00000E+00	8.34140E-01	1.65860E-01	0.00000E+00	0.00000E+00	0.00000E+00	0.00000E+00	0.00000E+00	0.00000E+00	1.00000E+00	1.00000E+00	0.00000E+00	0.00000E+00	0.00000E+00	0.00000E+00	0.00000E+00	0.00000E+00
2.62740E+15	1.42550E+36	1.14818E+00	1.63890E-01	0.00000E+00	8.36110E-01	1.63890E-01	0.00000E+00	0.00000E+00	0.00000E+00	0.00000E+00	0.00000E+00	0.00000E+00	1.00000E+00	1.00000E+00	0.00000E+00	0.00000E+00	0.00000E+00	0.00000E+00	0.00000E+00	0.00000E+00
2.58970E+15	1.37740E+36	1.13782E+00	1.61920E-01	0.00000E+00	8.38080E-01	1.61920E-01	0.00000E+00	0.00000E+00	0.00000E+00	0.00000E+00	0.00000E+00	0.00000E+00	1.00000E+00	1.00000E+00	0.00000E+00	0.00000E+00	0.00000E+00	0.00000E+00	0.00000E+00	0.00000E+00
2.55210E+15	1.33050E+36	1.12739E+00	1.59940E-01	0.00000E+00	8.40060E-01	1.59940E-01	0.00000E+00	0.00000E+00	0.00000E+00	0.00000E+00	0.00000E+00	0.00000E+00	1.00000E+00	1.00000E+00	0.00000E+00	0.00000E+00	0.00000E+00	0.00000E+00	0.00000E+00	0.00000E+00
2.51480E+15	1.28460E+36	1.11688E+00	1.57940E-01	0.00000E+00	8.42060E-01	1.57940E-01	0.00000E+00	0.00000E+00	0.00000E+00	0.00000E+00	0.00000E+00	0.00000E+00	1.00000E+00	1.00000E+00	0.00000E+00	0.00000E+00	0.00000E+00	0.00000E+00	0.00000E+00	0.00000E+00
2.47760E+15	1.23980E+36	1.10628E+00	1.55940E-01	0.00000E+00	8.44060E-01	1.55940E-01	0.00000E+00	0.00000E+00	0.00000E+00	0.00000E+00	0.00000E+00	0.00000E+00	1.00000E+00	1.00000E+00	0.00000E+00	0.00000E+00	0.00000E+00	0.00000E+00	0.00000E+00	0.00000E+00
2.44060E+15	1.19600E+36	1.09560E+00	1.53930E-01	0.00000E+00	8.46070E-01	1.53930E-01	0.00000E+00	0.00000E+00	0.00000E+00	0.00000E+00	0.00000E+00	0.00000E+00	1.00000E+00	1.00000E+00	0.00000E+00	0.00000E+00	0.00000E+00	0.00000E+00	0.00000E+00	0.00000E+00
2.40370E+15	1.15330E+36	1.08483E+00	1.51910E-01	0.00000E+00	8.48090E-01	1.51910E-01	0.00000E+00	0.00000E+00	0.00000E+00	0.00000E+00	0.00000E+00	0.00000E+00	1.00000E+00	1.00000E+00	0.00000E+00	0.00000E+00	0.00000E+00	0.00000E+00	0.00000E+00	0.00000E+00
2.36710E+15	1.11160E+36	1.07398E+00	1.49880E-01	0.00000E+00	8.50120E-01	1.49880E-01	0.00000E+00	0.00000E+00	0.00000E+00	0.00000E+00	0.00000E+00	0.00000E+00	1.00000E+00	1.00000E+00	0.00000E+00	0.00000E+00	0.00000E+00	0.00000E+00	0.00000E+00	0.00000E+00
2.33060E+15	1.07090E+36	1.06305E+00	1.47840E-01	0.00000E+00	8.52160E-01	1.47840E-01	0.00000E+00	0.00000E+00	0.00000E+00	0.00000E+00	0.00000E+00	0.00000E+00	1.00000E+00	1.00000E+00	0.00000E+00	0.00000E+00	0.00000E+00	0.00000E+00	0.00000E+00	0.00000E+00
2.29440E+15	1.03130E+36	1.05203E+00	1.45800E-01	0.00000E+00	8.54200E-01	1.45800E-01	0.00000E+00	0.00000E+00	0.00000E+00	0.00000E+00	0.00000E+00	0.00000E+00	1.00000E+00	1.00000E+00	0.00000E+00	0.00000E+00	0.00000E+00	0.00000E+00	0.00000E+00	0.00000E+00
2.25830E+15	9.92610E+35	1.04092E+00	1.43740E-01	0.00000E+00	8.56260E-01	1.43740E-01	0.00000E+00	0.00000E+00	0.00000E+00	0.00000E+00	0.00000E+00	0.00000E+00	1.00000E+00	1.00000E+00	0.00000E+00	0.00000E+00	0.00000E+00	0.00000E+00	0.00000E+00	0.00000E+00
2.22230E+15	9.54920E+35	1.02973E+00	1.41680E-01	0.00000E+00	8.58320E-01	1.41680E-01	0.00000E+00	0.00000E+00	0.00000E+00	0.00000E+00	0.00000E+00	0.00000E+00	1.00000E+00	1.00000E+00	0.00000E+00	0.00000E+00	0.00000E+00	0.00000E+00	0.00000E+00	0.00000E+00
2.18660E+15	9.18190E+35	1.01845E+00	1.39610E-01	0.00000E+00	8.60390E-01	1.39610E-01	0.00000E+00	0.00000E+00	0.00000E+00	0.00000E+00	0.00000E+00	0.00000E+00	1.00000E+00	1.00000E+00	0.00000E+00	0.00000E+00	0.00000E+00	0.00000E+00	0.00000E+00	0.00000E+00
2.15100E+15	8.82410E+35	1.00709E+00	1.37530E-01	0.00000E+00	8.62470E-01	1.37530E-01	0.00000E+00	0.00000E+00	0.00000E+00	0.00000E+00	0.00000E+00	0.00000E+00	1.00000E+00	1.00000E+00	0.00000E+00	0.00000E+00	0.00000E+00	0.00000E+00	0.00000E+00	0.00000E+00
2.11560E+15	8.47570E+35	9.95640E-01	1.35450E-01	0.00000E+00	8.64550E-01	1.35450E-01	0.00000E+00	0.00000E+00	0.00000E+00	0.00000E+00	0.00000E+00	0.00000E+00	1.00000E+00	1.00000E+00	0.00000E+00	0.00000E+00	0.00000E+00	0.00000E+00	0.00000E+00	0.00000E+00
2.08040E+15	8.13650E+35	9.84100E-01	1.33360E-01	0.00000E+00	8.66640E-01	1.33360E-01	0.00000E+00	0.00000E+00	0.00000E+00	0.00000E+00	0.00000E+00	0.00000E+00	1.00000E+00	1.00000E+00	0.00000E+00	0.00000E+00	0.00000E+00	0.00000E+00	0.00000E+00	0.00000E+00
2.04530E+15	7.80640E+35	9.72470E-01	1.31260E-01	0.00000E+00	8.68740E-01	1.31260E-01	0.00000E+00	0.00000E+00	0.00000E+00	0.00000E+00	0.00000E+00	0.00000E+00	1.00000E+00	1.00000E+00	0.00000E+00	0.00000E+00	0.00000E+00	0.00000E+00	0.00000E+00	0.00000E+00
2.01040E+15	7.48540E+35	9.60760E-01	1.29150E-01	0.00000E+00	8.70850E-01	1.29150E-01	0.00000E+00	0.00000E+00	0.00000E+00	0.00000E+00	0.00000E+00	0.00000E+00	1.00000E+00	1.00000E+00	0.00000E+00	0.00000E+00	0.00000E+00	0.00000E+00	0.00000E+00	0.00000E+00
1.97570E+15	7.17320E+35	9.48950E-01	1.27040E-01	0.00000E+00	8.72960E-01	1.27040E-01	0.00000E+00	0.00000E+00	0.00000E+00	0.00000E+00	0.00000E+00	0.00000E+00	1.00000E+00	1.00000E+00	0.00000E+00	0.00000E+00	0.00000E+00	0.00000E+00	0.00000E+00	0.00000E+00
1.94120E+15	6.86980E+35	9.37060E-01	1.24920E-01	0.00000E+00	8.75080E-01	1.24920E-01	0.00000E+00	0.00000E+00	0.00000E+00	0.00000E+00	0.00000E+00	0.00000E+00	1.00000E+00	1.00000E+00	0.00000E+00	0.00000E+00	0.00000E+00	0.00000E+00	0.00000E+00	0.00000E+00
1.90680E+15	6.57490E+35	9.25070E-01	1.22800E-01	0.00000E+00	8.77200E-01	1.22800E-01	0.00000E+00	0.00000E+00	0.00000E+00	0.00000E+00	0.00000E+00	0.00000E+00	1.00000E+00	1.00000E+00	0.00000E+00	0.00000E+00	0.00000E+00	0.00000E+00	0.00000E+00	0.00000E+00
1.87250E+15	6.28850E+35	9.13000E-01	1.20670E-01	0.00000E+00	8.79330E-01	1.20670E-01	0.00000E+00	0.00000E+00	0.00000E+00	0.00000E+00	0.00000E+00	0.00000E+00	1.00000E+00	1.00000E+00	0.00000E+00	0.00000E+00	0.00000E+00	0.00000E+00	0.00000E+00	0.00000E+00
1.83850E+15	6.01050E+35	9.00830E-01	1.18540E-01	0.00000E+00	8.81460E-01	1.18540E-01	0.00000E+00	0.00000E+00	0.00000E+00	0.00000E+00	0.00000E+00	0.00000E+00	1.00000E+00	1.00000E+00	0.00000E+00	0.00000E+00	0.00000E+00	0.00000E+00	0.00000E+00	0.00000E+00
1.80450E+15	5.74070E+35	8.88570E-01	1.16400E-01	0.00000E+00	8.83600E-01	1.16400E-01	0.00000E+00	0.00000E+00	0.00000E+00	0.00000E+00	0.00000E+00	0.00000E+00	1.00000E+00	1.00000E+00	0.00000E+00	0.00000E+00	0.00000E+00	0.00000E+00	0.00000E+00	0.00000E+00
1.77080E+15	5.47900E+35	8.76210E-01	1.14260E-01	0.00000E+00	8.85740E-01	1.14260E-01	0.00000E+00	0.00000E+00	0.00000E+00	0.00000E+00	0.00000E+00	0.00000E+00	1.00000E+00	1.00000E+00	0.00000E+00	0.00000E+00	0.00000E+00	0.00000E+00	0.00000E+00	0.00000E+00
1.73720E+15	5.22530E+35	8.63770E-01	1.12120E-01	0.00000E+00	8.87880E-01	1.12120E-01	0.00000E+00	0.00000E+00	0.00000E+00	0.00000E+00	0.00000E+00	0.00000E+00	1.00000E+00	1.00000E+00	0.00000E+00	0.00000E+00	0.00000E+00	0.00000E+00	0.00000E+00	0.00000E+00
1.70370E+15	4.97940E+35	8.51230E-01	1.09970E-01	0.00000E+00	8.90030E-01	1.09970E-01	0.00000E+00	0.00000E+00	0.00000E+00	0.00000E+00	0.00000E+00	0.00000E+00	1.00000E+00	1.00000E+00	0.00000E+00	0.00000E+00	0.00000E+00	0.00000E+00	0.00000E+00	0.00000E+00
1.67040E+15	4.74130E+35	8.38590E-01	1.07820E-01	0.00000E+00	8.92180E-01	1.07820E-01	0.00000E+00	0.00000E+00	0.00000E+00	0.00000E+00	0.00000E+00	0.00000E+00	1.00000E+00	1.00000E+00	0.00000E+00	0.00000E+00	0.00000E+00	0.00000E+00	0.00000E+00	0.00000E+00
1.63720E+15	4.51070E+35	8.25860E-01	1.05670E-01	0.00000E+00	8.94330E-01	1.05670E-01	0.00000E+00	0.00000E+00	0.00000E+00	0.00000E+00	0.00000E+00	0.00000E+00	1.00000E+00	1.00000E+00	0.00000E+00	0.00000E+00	0.00000E+00	0.00000E+00	0.00000E+00	0.00000E+00
1.60420E+15	4.28760E+35	8.13030E-01	1.03510E-01	0.00000E+00	8.96490E-01	1.03510E-01	0.00000E+00	0.00000E+00	0.00000E+00	0.00000E+00	0.00000E+00	0.00000E+00	1.00000E+00	1.00000E+00	0.00000E+00	0.00000E+00	0.00000E+00	0.00000E+00	0.00000E+00	0.00000E+00
1.57130E+15	4.07190E+35	8.00110E-01	1.01360E-01	0.00000E+00	8.98640E-01	1.01360E-01	0.00000E+00	0.00000E+00	0.00000E+00	0.00000E+00	0.00000E+00	0.00000E+00	1.00000E+00	1.00000E+00	0.00000E+00	0.00000E+00	0.00000E+00	0.00000E+00	0.00000E+00	0.00000E+00
1.53860E+15	3.86340E+35	7.87090E-01	9.92000E-02	0.00000E+00	9.00800E-01	9.92000E-02	0.00000E+00	0.00000E+00	0.00000E+00	0.00000E+00	0.00000E+00	0.00000E+00	1.00000E+00	1.00000E+00	0.00000E+00	0.00000E+00	0.00000E+00	0.00000E+00	0.00000E+00	0.00000E+00
1.50590E+15	3.66200E+35	7.73970E-01	9.70500E-02	0.00000E+00	9.02950E-01	9.70500E-02	0.00000E+00	0.00000E+00	0.00000E+00	0.00000E+00	0.00000E+00	0.00000E+00	1.00000E+00	1.00000E+00	0.00000E+00	0.00000E+00	0.00000E+00	0.00000E+00	0.00000E+00	0.00000E+00
1.47340E+15	3.46760E+35	7.60750E-01	9.48900E-02	0.00000E+00	9.05110E-01	9.48900E-02	0.00000E+00	0.00000E+00	0.00000E+00	0.00000E+00	0.00000E+00	0.00000E+00	1.00000E+00	1.00000E+00	0.00000E+00	0.00000E+00	0.00000E+00	0.00000E+00	0.00000E+00	0.00000E+00
1.44110E+15	3.28000E+35	7.47430E-01	9.27400E-02	0.00000E+00	9.07260E-01	9.27400E-02	0.00000E+00	0.00000E+00	0.00000E+00	0.00000E+00	0.00000E+00	0.00000E+00	1.00000E+00	1.00000E+00	0.00000E+00	0.00000E+00	0.00000E+00	0.00000E+00	0.00000E+00	0.00000E+00
1.40880E+15	3.09920E+35	7.34000E-01	9.05800E-02	0.00000E+00	9.09420E-01	9.05800E-02	0.00000E+00	0.00000E+00	0.00000E+00	0.00000E+00	0.00000E+00	0.00000E+00	1.00000E+00	1.00000E+00	0.00000E+00	0.00000E+00	0.00000E+00	0.00000E+00	0.00000E+00	0.00000E+00
1.37670E+15	2.92500E+35	7.20480E-01	8.84300E-02	0.00000E+00	9.11570E-01	8.84300E-02	0.00000E+00	0.00000E+00	0.00000E+00	0.00000E+00	0.00000E+00	0.00000E+00	1.00000E+00	1.00000E+00	0.00000E+00	0.00000E+00	0.00000E+00	0.00000E+00	0.00000E+00	0.00000E+00
1.34470E+15	2.75730E+35	7.06850E-01	8.62900E-02	0.00000E+00	9.13710E-01	8.62900E-02	0.00000E+00	0.00000E+00	0.00000E+00	0.00000E+00	0.00000E+00	0.00000E+00	1.00000E+00	1.00000E+00	0.00000E+00	0.00000E+00	0.00000E+00	0.00000E+00	0.00000E+00	0.00000E+00
1.31280E+15	2.59600E+35	6.93120E-01	8.41400E-02	0.00000E+00	9.15860E-01	8.41400E-02	0.00000E+00	0.00000E+00	0.00000E+00	0.00000E+00	0.00000E+00	0.00000E+00	1.00000E+00	1.00000E+00	0.00000E+00	0.00000E+00	0.00000E+00	0.00000E+00	0.00000E+00	0.00000E+00
1.28100E+15	2.44090E+35	6.79290E-01	8.20000E-02	0.00000E+00	9.18000E-01	8.20000E-02	0.00000E+00	0.00000E+00	0.00000E+00	0.00000E+00	0.00000E+00	0.00000E+00	1.00000E+00	1.00000E+00	0.00000E+00	0.00000E+00	0.00000E+00	0.00000E+00	0.00000E+00	0.00000E+00
1.24930E+15	2.29190E+35	6.65340E-01	7.98700E-02	0.00000E+00	9.20130E-01	7.98700E-02	0.00000E+00	0.00000E+00	0.00000E+00	0.00000E+00	0.00000E+00	0.00000E+00	1.00000E+00	1.00000E+00	0.00000E+00	0.00000E+00	0.00000E+00	0.00000E+00	0.00000E+00	0.00000E+00
1.21770E+15	2.14900E+35	6.51290E-01	7.77400E-02	0.00000E+00	9.22260E-01	7.77400E-02	0.00000E+00	0.00000E+00	0.00000E+00	0.00000E+00	0.00000E+00	0.00000E+00	1.00000E+00	1.00000E+00	0.00000E+00	0.00000E+00	0.00000E+00	0.00000E+00	0.00000E+00	0.00000E+00
1.18620E+15	2.01200E+35	6.37140E-01	7.56200E-02	0.00000E+00	9.24380E-01	7.56200E-02	0.00000E+00	0.00000E+00	0.00000E+00	0.00000E+00	0.00000E+00	0.00000E+00	1.00000E+00	1.00000E+00	0.00000E+00	0.00000E+00	0.00000E+00	0.00000E+00	0.00000E+00	0.00000E+00
1.15480E+15	1.88070E+35	6.22870E-01	7.35100E-02	0.00000E+00	9.26490E-01	7.35100E-02	0.00000E+00	0.00000E+00	0.00000E+00	0.00000E+00	0.00000E+00	0.00000E+00	1.00000E+00	1.00000E+00	0.00000E+00	0.00000E+00	0.00000E+00	0.00000E+00	0.00000E+00	0.00000E+00
1.12350E+15	1.75510E+35	6.08500E-01	7.14000E-02	0.00000E+00	9.28600E-01	7.14000E-02	0.00000E+00	0.00000E+00	0.00000E+00	0.00000E+00	0.00000E+00	0.00000E+00	1.00000E+00	1.00000E+00	0.00000E+00	0.00000E+00	0.00000E+00	0.00000E+00	0.00000E+00	0.00000E+00
1.09220E+15	1.63500E+35	5.94020E-01	6.93100E-02	0.00000E+00	9.30690E-01	6.93100E-02	0.00000E+00	0.00000E+00	0.00000E+00	0.00000E+00	0.00000E+00	0.00000E+00	1.00000E+00	1.00000E+00	0.00000E+00	0.00000E+00	0.00000E+00	0.00000E+00	0.00000E+00	0.00000E+00
1.06110E+15	1.52040E+35	5.79420E-01	6.72200E-02	0.00000E+00	9.32780E-01	6.72200E-02	0.00000E+00	0.00000E+00	0.00000E+00	0.00000E+00	0.00000E+00	0.00000E+00	1.00000E+00	1.00000E+00	0.00000E+00	0.00000E+00	0.00000E+00	0.00000E+00	0.00000E+00	0.00000E+00
1.03000E+15	1.41100E+35	5.64720E-01	6.51500E-02	0.00000E+00	9.34850E-01	6.51500E-02	0.00000E+00	0.00000E+00	0.00000E+00	0.00000E+00	0.00000E+00	0.00000E+00	1.00000E+00	1.00000E+00	0.00000E+00	0.00000E+00	0.00000E+00	0.00000E+00	0.00000E+00	0.00000E+00
9.99040E+14	1.30680E+35	5.49900E-01	6.30800E-02	0.00000E+00	9.36920E-01	6.30800E-02	0.00000E+00	0.00000E+00	0.00000E+00	0.00000E+00	0.00000E+00	0.00000E+00	1.00000E+00	1.00000E+00	0.00000E+00	0.00000E+00	0.00000E+00	0.00000E+00	0.00000E+00	0.00000E+00
9.68130E+14	1.20770E+35	5.34970E-01	6.10300E-02	0.00000E+00	9.38970E-01	6.10300E-02	0.00000E+00	0.00000E+00	0.00000E+00	0.00000E+00	0.00000E+00	0.00000E+00	1.00000E+00	1.00000E+00	0.00000E+00	0.00000E+00	0.00000E+00	0.00000E+00	0.00000E+00	0.00000E+00
9.37280E+14	1.11350E+35	5.19930E-01	5.90000E-02	0.00000E+00	9.41000E-01	5.90000E-02	0.00000E+00	0.00000E+00	0.00000E+00	0.00000E+00	0.00000E+00	0.00000E+00	1.00000E+00	1.00000E+00	0.00000E+00	0.00000E+00	0.00000E+00	0.00000E+00	0.00000E+00	0.00000E+00
9.06500E+14	1.02420E+35	5.04780E-01	5.69700E-02	0.00000E+00	9.43030E-01	5.69700E-02	0.00000E+00	0.00000E+00	0.00000E+00	0.00000E+00	0.00000E+00	0.00000E+00	1.00000E+00	1.00000E+00	0.00000E+00	0.00000E+00	0.00000E+00	0.00000E+00	0.00000E+00	0.00000E+00
8.75790E+14	9.39590E+34	4.89520E-01	5.49700E-02	0.00000E+00	9.45030E-01	5.49700E-02	0.00000E+00	0.00000E+00	0.00000E+00	0.00000E+00	0.00000E+00	0.00000E+00	1.00000E+00	1.00000E+00	0.00000E+00	0.00000E+00	0.00000E+00	0.00000E+00	0.00000E+00	0.00000E+00
8.45150E+14	8.59560E+34	4.74140E-01	5.29800E-02	0.00000E+00	9.47020E-01	5.29800E-02	0.00000E+00	0.00000E+00	0.00000E+00	0.00000E+00	0.00000E+00	0.00000E+00	1.00000E+00	1.00000E+00	0.00000E+00	0.00000E+00	0.00000E+00	0.00000E+00	0.00000E+00	0.00000E+00
8.14570E+14	7.83990E+34	4.58660E-01	5.10000E-02	0.00000E+00	9.49000E-01	5.10000E-02	0.00000E+00	0.00000E+00	0.00000E+00	0.00000E+00	0.00000E+00	0.00000E+00	1.00000E+00	1.00000E+00	0.00000E+00	0.00000E+00	0.00000E+00	0.00000E+00	0.00000E+00	0.00000E+00
7.84140E+14	7.12440E+34	4.43110E-01	4.88300E-02	0.00000E+00	9.51170E-01	4.88300E-02	0.00000E+00	0.00000E+00	0.00000E+00	0.00000E+00	0.00000E+00	0.00000E+00	1.00000E+00	1.00000E+00	0.00000E+00	0.00000E+00	0.00000E+00	0.00000E+00	0.00000E+00	0.00000E+00
7.53830E+14	6.44890E+34	4.27490E-01	4.65200E-02	0.00000E+00	9.53480E-01	4.65200E-02	0.00000E+00	0.00000E+00	0.00000E+00	0.00000E+00	0.00000E+00	0.00000E+00	1.00000E+00	1.00000E+00	0.00000E+00	0.00000E+00	0.00000E+00	0.00000E+00	0.00000E+00	0.00000E+00
7.23650E+14	5.81300E+34	4.11790E-01	4.41100E-02	0.00000E+00	9.55890E-01	4.41100E-02	0.00000E+00	0.00000E+00	0.00000E+00	0.00000E+00	0.00000E+00	0.00000E+00	1.00000E+00	1.00000E+00	0.00000E+00	0.00000E+00	0.00000E+00	0.00000E+00	0.00000E+00	0.00000E+00
6.93600E+14	5.21600E+34	3.96030E-01	4.16100E-02	0.00000E+00	9.58390E-01	4.16100E-02	0.00000E+00	0.00000E+00	0.00000E+00	0.00000E+00	0.00000E+00	0.00000E+00	1.00000E+00	1.00000E+00	0.00000E+00	0.00000E+00	0.00000E+00	0.00000E+00	0.00000E+00	0.00000E+00
6.63680E+14	4.65720E+34	3.80200E-01	3.90600E-02	0.00000E+00	9.60940E-01	3.90600E-02	0.00000E+00	0.00000E+00	0.00000E+00	0.00000E+00	0.00000E+00	0.00000E+00	1.00000E+00	1.00000E+00	0.00000E+00	0.00000E+00	0.00000E+00	0.00000E+00	0.00000E+00	0.00000E+00
6.33910E+14	4.13580E+34	3.64310E-01	3.64900E-02	0.00000E+00	9.63510E-01	3.64900E-02	0.00000E+00	0.00000E+00	0.00000E+00	0.00000E+00	0.00000E+00	0.00000E+00	1.00000E+00	1.00000E+00	0.00000E+00	0.00000E+00	0.00000E+00	0.00000E+00	0.00000E+00	0.00000E+00
6.04270E+14	3.65110E+34	3.48370E-01	3.39100E-02	0.00000E+00	9.66080E-01	3.39200E-02	0.00000E+00	0.00000E+00	0.00000E+00	0.00000E+00	0.00000E+00	0.00000E+00	1.00000E+00	1.00000E+00	0.00000E+00	0.00000E+00	0.00000E+00	0.00000E+00	0.00000E+00	0.00000E+00
5.74780E+14	3.20220E+34	3.32370E-01	3.13800E-02	0.00000E+00	9.68620E-01	3.13800E-02	0.00000E+00	0.00000E+00	0.00000E+00	0.00000E+00	0.00000E+00	0.00000E+00	1.00000E+00	1.00000E+00	0.00000E+00	0.00000E+00	0.00000E+00	0.00000E+00	0.00000E+00	0.00000E+00
5.45430E+14	2.78840E+34	3.16330E-01	2.89000E-02	0.00000E+00	9.71100E-01	2.89000E-02	0.00000E+00	0.00000E+00	0.00000E+00	0.00000E+00	0.00000E+00	0.00000E+00	1.00000E+00	1.00000E+00	0.00000E+00	0.00000E+00	0.00000E+00	0.00000E+00	0.00000E+00	0.00000E+00
5.16230E+14	2.40870E+34	3.00250E-01	2.65100E-02	0.00000E+00	9.73490E-01	2.65100E-02	0.00000E+00	0.00000E+00	0.00000E+00	0.00000E+00	0.00000E+00	0.00000E+00	1.00000E+00	1.00000E+00	0.00000E+00	0.00000E+00	0.00000E+00	0.00000E+00	0.00000E+00	0.00000E+00
4.87180E+14	2.06210E+34	2.84120E-01	2.42200E-02	0.00000E+00	9.75780E-01	2.42200E-02	0.00000E+00	0.00000E+00	0.00000E+00	0.00000E+00	0.00000E+00	0.00000E+00	1.00000E+00	1.00000E+00	0.00000E+00	0.00000E+00	0.00000E+00	0.00000E+00	0.00000E+00	0.00000E+00
4.58280E+14	1.74750E+34	2.67970E-01	2.20500E-02	0.00000E+00	9.77950E-01	2.20500E-02	0.00000E+00	0.00000E+00	0.00000E+00	0.00000E+00	0.00000E+00	0.00000E+00	1.00000E+00	1.00000E+00	0.00000E+00	0.00000E+00	0.00000E+00	0.00000E+00	0.00000E+00	0.00000E+00
4.29550E+14	1.46370E+34	2.51800E-01	2.00100E-02	0.00000E+00	9.79990E-01	2.00100E-02	0.00000E+00	0.00000E+00	0.00000E+00	0.00000E+00	0.00000E+00	0.00000E+00	1.00000E+00	1.00000E+00	0.00000E+00	0.00000E+00	0.00000E+00	0.00000E+00	0.00000E+00	0.00000E+00
4.00990E+14	1.20950E+34	2.35610E-01	1.81100E-02	0.00000E+00	9.81890E-01	1.81100E-02	0.00000E+00	0.00000E+00	0.00000E+00	0.00000E+00	0.00000E+00	0.00000E+00	1.00000E+00	1.00000E+00	0.00000E+00	0.00000E+00	0.00000E+00	0.00000E+00	0.00000E+00	0.00000E+00
3.72620E+14	9.83600E+33	2.19440E-01	1.63400E-02	0.00000E+00	9.83660E-01	1.63400E-02	0.00000E+00	0.00000E+00	0.00000E+00	0.00000E+00	0.00000E+00	0.00000E+00	1.00000E+00	1.00000E+00	0.00000E+00	0.00000E+00	0.00000E+00	0.00000E+00	0.00000E+00	0.00000E+00
3.44480E+14	7.84700E+33	2.03290E-01	1.47000E-02	0.00000E+00	9.85300E-01	1.47000E-02	0.00000E+00	0.00000E+00	0.00000E+00	0.00000E+00	0.00000E+00	0.00000E+00	1.00000E+00	1.00000E+00	0.00000E+00	0.00000E+00	0.00000E+00	0.00000E+00	0.00000E+00	0.00000E+00
3.16590E+14	6.11470E+33	1.87190E-01	1.32000E-02	0.00000E+00	9.86800E-01	1.32000E-02	0.00000E+00	0.00000E+00	0.00000E+00	0.00000E+00	0.00000E+00	0.00000E+00	1.00000E+00	1.00000E+00	0.00000E+00	0.00000E+00	0.00000E+00	0.00000E+00	0.00000E+00	0.00000E+00
2.89000E+14	4.62540E+33	1.71180E-01	1.18300E-02	0.00000E+00	9.88170E-01	1.18300E-02	0.00000E+00	0.00000E+00	0.00000E+00	0.00000E+00	0.00000E+00	0.00000E+00	1.00000E+00	1.00000E+00	0.00000E+00	0.00000E+00	0.00000E+00	0.00000E+00	0.00000E+00	0.00000E+00
2.61770E+14	3.36550E+33	1.55290E-01	1.05800E-02	0.00000E+00	9.89420E-01	1.05800E-02	0.00000E+00	0.00000E+00	0.00000E+00	0.00000E+00	0.00000E+00	0.00000E+00	1.00000E+00	1.00000E+00	0.00000E+00	0.00000E+00	0.00000E+00	0.00000E+00	0.00000E+00	0.00000E+00
2.34950E+14	2.32110E+33	1.39570E-01	9.46000E-03	0.00000E+00	9.90540E-01	9.46000E-03	0.00000E+00	0.00000E+00	0.00000E+00	0.00000E+00	0.00000E+00	0.00000E+00	1.00000E+00	1.00000E+00	0.00000E+00	0.00000E+00	0.00000E+00	0.00000E+00	0.00000E+00	0.00000E+00
2.08630E+14	1.47850E+33	1.24070E-01	8.46000E-03	0.00000E+00	9.91540E-01	8.46000E-03	0.00000E+00	0.00000E+00	0.00000E+00	0.00000E+00	0.00000E+00	0.00000E+00	1.00000E+00	1.00000E+00	0.00000E+00	0.00000E+00	0.00000E+00	0.00000E+00	0.00000E+00	0.00000E+00
1.82890E+14	8.23140E+32	1.08850E-01	7.58000E-03	0.00000E+00	9.92410E-01	7.59000E-03	0.00000E+00	0.00000E+00	0.00000E+00	0.00000E+00	0.00000E+00	0.00000E+00	1.00000E+00	1.00000E+00	0.00000E+00	0.00000E+00	0.00000E+00	0.00000E+00	0.00000E+00	0.00000E+00
1.57850E+14	3.39880E+32	9.40000E-02	6.84000E-03	0.00000E+00	9.93160E-01	6.84000E-03	0.00000E+00	0.00000E+00	0.00000E+00	0.00000E+00	0.00000E+00	0.00000E+00	1.00000E+00	1.00000E+00	0.00000E+00	0.00000E+00	0.00000E+00	0.00000E+00	0.00000E+00	0.00000E+00
   1.334E+14        6.349E+32        7.890E-02	     982     232     32
   8.011E+13        2.745E+32        4.750E-02	    1500     183     40
   3.432E+13        7.426E+31        2.040E-02	    1800     193     50
   1.496E+13        2.096E+31        8.910E-03	    1350     164     50 
   9.685E+12        1.107E+31        5.770E-03	    1100     161     50 
   6.257E+12        6.193E+30        3.730E-03	     950     159     50 
   2.665E+12        2.637E+30        1.590E-03	     500     117     40
   1.472E+12        1.695E+30        8.790E-04       320     116     40 
   1.004E+12        1.261E+30        6.000E-04	     250     116     40 
   6.692E+11        8.740E+29        4.000E-04	     200     116     40 
   5.409E+11        7.000E+29        3.234E-04	     180     116     40   \ Phase transition to the outer crust:
   3.935e+11        6.999e+29        2.355e-04       130     130     40   / pressure continuous but density jumps
   3.285e+11        5.816e+29        1.966e-04        88      88     28
   2.635e+11        4.473e+29        1.578e-04        86      86     28
   2.044e+11        3.290e+29        1.224e-04        84      84     28
   1.855e+11        2.892e+29       1.1115e-04        84      84     28
   1.711e+11        2.597e+29        1.025e-04        84      84     28
   1.390e+11        2.033e+29        8.331e-05        82      82     28
   1.076e+11        1.495e+29        6.455e-05        80      80     28
   8.335e+10        1.100e+29       5.0014e-05        78      78     28
   6.617e+10        8.089e+28        3.971e-05        78      78     28
   5.255e+10        5.949e+28       3.1545e-05        78      78     28
   4.172e+10        4.628e+28        2.506e-05        80      80     30
   3.314e+10        3.404e+28        1.990e-05        80      80     30
   2.631e+10        2.503e+28        1.581e-05        80      80     30
  2.1175e+10        1.938e+28       1.2725e-05        78      78     30
   1.660e+10        1.425e+28        9.981e-06        72      72     28
   1.273e+10        1.048e+28        7.653e-06        84      84     34
   1.011e+10        7.702e+27        6.077e-06        84      84     34
   8.025e+09        5.662e+27        4.827e-06        84      84     34
   6.602e+09        4.362e+27        3.971e-06        84      84     34
   4.074e+09        2.356e+27        2.452e-06        68      68     28
   2.570e+09        1.272e+27        1.547e-06        68      68     28
   1.621e+09        6.860e+26        9.761e-07        68      68     28
   1.288e+09        5.036e+26        7.753e-07        68      68     28
   1.045e+09        4.129e+26        6.294e-07        64      64     28
   8.301e+08        3.029e+26        5.000e-07        64      64     28
   5.237e+08        1.629e+26        3.155e-07        64      64     28
   3.304e+08        8.738e+25        1.990e-07        64      64     28
   2.624e+08        6.676e+25        1.581e-07        64      62     28
   1.315e+08        2.604e+25        7.924e-08        62      62     28
   6.589e+07        1.006e+25        3.972e-08        62      62     28
   3.302e+07        3.833e+24        1.990e-08        62      62     28
   1.655e+07        1.435e+24        9.976e-09        62      62     28
   8.293e+06        5.259e+23        5.000e-09        62      62     28
   6.588e+06        3.911e+23        3.972e-09        56      56     26
   2.622e+06        9.755e+22        1.581e-09        56      56     26
   1.044e+06        2.318e+22        6.294e-10        56      56     26
   4.156e+05        5.266e+21        2.506e-10        56      56     26
   1.654e+05        1.151e+21        9.976e-11        56      56     26
   6.587E+04        2.431E+20        3.972E-11        56      56     26
   2.622E+04        4.968E+19        1.581E-11        56      56     26
   1.044E+04        9.744E+18        6.295E-12        56      56     26
   1.150E+03        1.900E+17        6.930E-13        56      56     26
   2.120E+02        5.820E+15        1.270E-13        56      56     26
   4.510E+01        1.700E+14        2.720E-14        56      56     26
   1.640E+01        1.400E+13        9.900E-15        56      56     26
   1.160E+01        1.210E+12        6.990E-15        56      56     26
   8.150E+00        1.010E+11        4.910E-15        56      56     26
   7.900E+00        1.010E+10        4.760E-15        56      56     26
   7.860E+00        1.010E+09        4.730E-15        56      56     26
   7.800E+00        1.010E+08        4.700E-15        56      56     26

