  6    261   200          Itext Imax Icore

     IST EOS (set B param2)+ NZD-NV crust

   Rho        Press       nbar       Ye         Ymu        Yn         Yp         Yla        Ysm        Ys0        Ysp       mstp       mstn       mstla      mstsm      msts0      mstsp
  g/cm3     dyne/cm2     #/fm3     [A_cell]    [A_ion]     [Z]

    0.84933E+16    0.20241E+38   1.92591   0.33174   0   0.66826   0.33174   0   0   0   0   2.32937   2.32937   0   0   0   0
    0.84370E+16    0.19941E+38   1.92240   0.33084   0   0.66916   0.33084   0   0   0   0   2.32298   2.32298   0   0   0   0
    0.83807E+16    0.19644E+38   1.91885   0.32994   0   0.67006   0.32994   0   0   0   0   2.31659   2.31659   0   0   0   0
    0.83246E+16    0.19351E+38   1.91526   0.32903   0   0.67097   0.32903   0   0   0   0   2.31020   2.31020   0   0   0   0
    0.82685E+16    0.19060E+38   1.91165   0.32812   0   0.67188   0.32812   0   0   0   0   2.30381   2.30381   0   0   0   0
    0.82126E+16    0.18772E+38   1.90800   0.32720   0   0.67280   0.32720   0   0   0   0   2.29742   2.29742   0   0   0   0
    0.81568E+16    0.18488E+38   1.90432   0.32627   0   0.67373   0.32627   0   0   0   0   2.29103   2.29103   0   0   0   0
    0.81011E+16    0.18206E+38   1.90061   0.32534   0   0.67466   0.32534   0   0   0   0   2.28464   2.28464   0   0   0   0
    0.80455E+16    0.17928E+38   1.89686   0.32440   0   0.67560   0.32440   0   0   0   0   2.27825   2.27825   0   0   0   0
    0.79900E+16    0.17653E+38   1.89308   0.32345   0   0.67655   0.32345   0   0   0   0   2.27186   2.27186   0   0   0   0
    0.79346E+16    0.17380E+38   1.88926   0.32250   0   0.67750   0.32250   0   0   0   0   2.26547   2.26547   0   0   0   0
    0.78793E+16    0.17111E+38   1.88541   0.32155   0   0.67845   0.32155   0   0   0   0   2.25908   2.25908   0   0   0   0
    0.78242E+16    0.16844E+38   1.88153   0.32058   0   0.67942   0.32058   0   0   0   0   2.25269   2.25269   0   0   0   0
    0.77691E+16    0.16580E+38   1.87761   0.31962   0   0.68038   0.31962   0   0   0   0   2.24630   2.24630   0   0   0   0
    0.77142E+16    0.16320E+38   1.87365   0.31864   0   0.68136   0.31864   0   0   0   0   2.23991   2.23991   0   0   0   0
    0.76593E+16    0.16062E+38   1.86966   0.31766   0   0.68234   0.31766   0   0   0   0   2.23352   2.23352   0   0   0   0
    0.76046E+16    0.15807E+38   1.86563   0.31667   0   0.68333   0.31667   0   0   0   0   2.22713   2.22713   0   0   0   0
    0.75500E+16    0.15555E+38   1.86156   0.31567   0   0.68433   0.31567   0   0   0   0   2.22074   2.22074   0   0   0   0
    0.74956E+16    0.15306E+38   1.85746   0.31467   0   0.68533   0.31467   0   0   0   0   2.21435   2.21435   0   0   0   0
    0.74412E+16    0.15059E+38   1.85332   0.31366   0   0.68634   0.31366   0   0   0   0   2.20796   2.20796   0   0   0   0
    0.73870E+16    0.14816E+38   1.84914   0.31265   0   0.68735   0.31265   0   0   0   0   2.20157   2.20157   0   0   0   0
    0.73328E+16    0.14575E+38   1.84493   0.31163   0   0.68837   0.31163   0   0   0   0   2.19518   2.19518   0   0   0   0
    0.72788E+16    0.14337E+38   1.84067   0.31060   0   0.68940   0.31060   0   0   0   0   2.18879   2.18879   0   0   0   0
    0.72249E+16    0.14101E+38   1.83638   0.30956   0   0.69044   0.30956   0   0   0   0   2.18240   2.18240   0   0   0   0
    0.71712E+16    0.13869E+38   1.83204   0.30852   0   0.69148   0.30852   0   0   0   0   2.17601   2.17601   0   0   0   0
    0.71175E+16    0.13639E+38   1.82767   0.30747   0   0.69253   0.30747   0   0   0   0   2.16962   2.16962   0   0   0   0
    0.70640E+16    0.13412E+38   1.82326   0.30641   0   0.69359   0.30641   0   0   0   0   2.16323   2.16323   0   0   0   0
    0.70106E+16    0.13187E+38   1.81881   0.30535   0   0.69465   0.30535   0   0   0   0   2.15684   2.15684   0   0   0   0
    0.69573E+16    0.12965E+38   1.81431   0.30428   0   0.69572   0.30428   0   0   0   0   2.15045   2.15045   0   0   0   0
    0.69042E+16    0.12746E+38   1.80978   0.30320   0   0.69680   0.30320   0   0   0   0   2.14406   2.14406   0   0   0   0
    0.68512E+16    0.12529E+38   1.80520   0.30212   0   0.69788   0.30212   0   0   0   0   2.13767   2.13767   0   0   0   0
    0.67983E+16    0.12315E+38   1.80058   0.30103   0   0.69897   0.30103   0   0   0   0   2.13128   2.13128   0   0   0   0
    0.67455E+16    0.12103E+38   1.79592   0.29993   0   0.70007   0.29993   0   0   0   0   2.12489   2.12489   0   0   0   0
    0.66929E+16    0.11895E+38   1.79121   0.29882   0   0.70118   0.29882   0   0   0   0   2.11850   2.11850   0   0   0   0
    0.66404E+16    0.11688E+38   1.78647   0.29770   0   0.70230   0.29770   0   0   0   0   2.11212   2.11212   0   0   0   0
    0.65880E+16    0.11484E+38   1.78168   0.29658   0   0.70342   0.29658   0   0   0   0   2.10573   2.10573   0   0   0   0
    0.65357E+16    0.11283E+38   1.77684   0.29545   0   0.70455   0.29545   0   0   0   0   2.09934   2.09934   0   0   0   0
    0.64836E+16    0.11084E+38   1.77196   0.29432   0   0.70568   0.29432   0   0   0   0   2.09295   2.09295   0   0   0   0
    0.64316E+16    0.10887E+38   1.76704   0.29317   0   0.70683   0.29317   0   0   0   0   2.08656   2.08656   0   0   0   0
    0.63798E+16    0.10693E+38   1.76207   0.29202   0   0.70798   0.29202   0   0   0   0   2.08017   2.08017   0   0   0   0
    0.63281E+16    0.10502E+38   1.75705   0.29086   0   0.70914   0.29086   0   0   0   0   2.07378   2.07378   0   0   0   0
    0.62765E+16    0.10312E+38   1.75199   0.28969   0   0.71031   0.28969   0   0   0   0   2.06739   2.06739   0   0   0   0
    0.62250E+16    0.10125E+38   1.74688   0.28851   0   0.71149   0.28851   0   0   0   0   2.06100   2.06100   0   0   0   0
    0.61737E+16    0.99410E+37   1.74173   0.28733   0   0.71267   0.28733   0   0   0   0   2.05461   2.05461   0   0   0   0
    0.61226E+16    0.97588E+37   1.73653   0.28614   0   0.71386   0.28614   0   0   0   0   2.04822   2.04822   0   0   0   0
    0.60715E+16    0.95791E+37   1.73128   0.28494   0   0.71506   0.28494   0   0   0   0   2.04183   2.04183   0   0   0   0
    0.60206E+16    0.94016E+37   1.72598   0.28373   0   0.71627   0.28373   0   0   0   0   2.03544   2.03544   0   0   0   0
    0.59699E+16    0.92264E+37   1.72063   0.28251   0   0.71749   0.28251   0   0   0   0   2.02905   2.02905   0   0   0   0
    0.59193E+16    0.90535E+37   1.71524   0.28128   0   0.71872   0.28128   0   0   0   0   2.02266   2.02266   0   0   0   0
    0.58688E+16    0.88829E+37   1.70979   0.28005   0   0.71995   0.28005   0   0   0   0   2.01627   2.01627   0   0   0   0
    0.58185E+16    0.87145E+37   1.70430   0.27881   0   0.72119   0.27881   0   0   0   0   2.00988   2.00988   0   0   0   0
    0.57683E+16    0.85484E+37   1.69875   0.27756   0   0.72244   0.27756   0   0   0   0   2.00349   2.00349   0   0   0   0
    0.57183E+16    0.83845E+37   1.69316   0.27630   0   0.72370   0.27630   0   0   0   0   1.99710   1.99710   0   0   0   0
    0.56684E+16    0.82227E+37   1.68751   0.27503   0   0.72497   0.27503   0   0   0   0   1.99071   1.99071   0   0   0   0
    0.56187E+16    0.80632E+37   1.68181   0.27376   0   0.72624   0.27376   0   0   0   0   1.98432   1.98432   0   0   0   0
    0.55691E+16    0.79058E+37   1.67606   0.27247   0   0.72753   0.27247   0   0   0   0   1.97793   1.97793   0   0   0   0
    0.55196E+16    0.77505E+37   1.67026   0.27118   0   0.72882   0.27118   0   0   0   0   1.97154   1.97154   0   0   0   0
    0.54703E+16    0.75974E+37   1.66440   0.26988   0   0.73012   0.26988   0   0   0   0   1.96515   1.96515   0   0   0   0
    0.54212E+16    0.74463E+37   1.65849   0.26856   0   0.73144   0.26856   0   0   0   0   1.95876   1.95876   0   0   0   0
    0.53722E+16    0.72974E+37   1.65253   0.26724   0   0.73276   0.26724   0   0   0   0   1.95237   1.95237   0   0   0   0
    0.53234E+16    0.71505E+37   1.64651   0.26591   0   0.73409   0.26591   0   0   0   0   1.94598   1.94598   0   0   0   0
    0.52747E+16    0.70057E+37   1.64043   0.26458   0   0.73542   0.26458   0   0   0   0   1.93959   1.93959   0   0   0   0
    0.52262E+16    0.68630E+37   1.63431   0.26323   0   0.73677   0.26323   0   0   0   0   1.93320   1.93320   0   0   0   0
    0.51778E+16    0.67222E+37   1.62812   0.26187   0   0.73813   0.26187   0   0   0   0   1.92681   1.92681   0   0   0   0
    0.51296E+16    0.65835E+37   1.62188   0.26051   0   0.73949   0.26051   0   0   0   0   1.92042   1.92042   0   0   0   0
    0.50815E+16    0.64468E+37   1.61558   0.25913   0   0.74087   0.25913   0   0   0   0   1.91403   1.91403   0   0   0   0
    0.50336E+16    0.63120E+37   1.60923   0.25774   0   0.74225   0.25775   0   0   0   0   1.90764   1.90764   0   0   0   0
    0.49859E+16    0.61792E+37   1.60282   0.25635   0   0.74365   0.25635   0   0   0   0   1.90125   1.90125   0   0   0   0
    0.49383E+16    0.60483E+37   1.59635   0.25495   0   0.74505   0.25495   0   0   0   0   1.89486   1.89486   0   0   0   0
    0.48909E+16    0.59194E+37   1.58982   0.25353   0   0.74647   0.25353   0   0   0   0   1.88847   1.88847   0   0   0   0
    0.48436E+16    0.57924E+37   1.58323   0.25211   0   0.74789   0.25211   0   0   0   0   1.88208   1.88208   0   0   0   0
    0.47965E+16    0.56672E+37   1.57658   0.25068   0   0.74932   0.25068   0   0   0   0   1.87569   1.87569   0   0   0   0
    0.47496E+16    0.55439E+37   1.56988   0.24924   0   0.75076   0.24924   0   0   0   0   1.86930   1.86930   0   0   0   0
    0.47028E+16    0.54225E+37   1.56311   0.24778   0   0.75222   0.24778   0   0   0   0   1.86291   1.86291   0   0   0   0
    0.46562E+16    0.53030E+37   1.55628   0.24632   0   0.75368   0.24632   0   0   0   0   1.85652   1.85652   0   0   0   0
    0.46097E+16    0.51852E+37   1.54939   0.24485   0   0.75515   0.24485   0   0   0   0   1.85013   1.85013   0   0   0   0
    0.45635E+16    0.50693E+37   1.54244   0.24337   0   0.75663   0.24337   0   0   0   0   1.84374   1.84374   0   0   0   0
    0.45174E+16    0.49551E+37   1.53543   0.24188   0   0.75812   0.24188   0   0   0   0   1.83735   1.83735   0   0   0   0
    0.44714E+16    0.48428E+37   1.52835   0.24038   0   0.75962   0.24038   0   0   0   0   1.83097   1.83097   0   0   0   0
    0.44257E+16    0.47322E+37   1.52121   0.23886   0   0.76114   0.23886   0   0   0   0   1.82458   1.82458   0   0   0   0
    0.43801E+16    0.46233E+37   1.51401   0.23734   0   0.76266   0.23734   0   0   0   0   1.81819   1.81819   0   0   0   0
    0.43346E+16    0.45162E+37   1.50674   0.23581   0   0.76419   0.23581   0   0   0   0   1.81180   1.81180   0   0   0   0
    0.42894E+16    0.44108E+37   1.49941   0.23427   0   0.76573   0.23427   0   0   0   0   1.80541   1.80541   0   0   0   0
    0.42443E+16    0.43071E+37   1.49201   0.23271   0   0.76729   0.23271   0   0   0   0   1.79902   1.79902   0   0   0   0
    0.41994E+16    0.42051E+37   1.48455   0.23115   0   0.76885   0.23115   0   0   0   0   1.79263   1.79263   0   0   0   0
    0.41546E+16    0.41047E+37   1.47703   0.22958   0   0.77042   0.22958   0   0   0   0   1.78624   1.78624   0   0   0   0
    0.41101E+16    0.40060E+37   1.46943   0.22799   0   0.77201   0.22799   0   0   0   0   1.77985   1.77985   0   0   0   0
    0.40657E+16    0.39089E+37   1.46177   0.22640   0   0.77360   0.22640   0   0   0   0   1.77346   1.77346   0   0   0   0
    0.40215E+16    0.38135E+37   1.45404   0.22480   0   0.77520   0.22480   0   0   0   0   1.76707   1.76707   0   0   0   0
    0.39775E+16    0.37196E+37   1.44625   0.22318   0   0.77682   0.22318   0   0   0   0   1.76068   1.76068   0   0   0   0
    0.39336E+16    0.36274E+37   1.43838   0.22156   0   0.77844   0.22156   0   0   0   0   1.75429   1.75429   0   0   0   0
    0.38899E+16    0.35367E+37   1.43045   0.21992   0   0.78008   0.21992   0   0   0   0   1.74790   1.74790   0   0   0   0
    0.38465E+16    0.34476E+37   1.42245   0.21827   0   0.78173   0.21827   0   0   0   0   1.74151   1.74151   0   0   0   0
    0.38031E+16    0.33600E+37   1.41438   0.21661   0   0.78339   0.21661   0   0   0   0   1.73512   1.73512   0   0   0   0
    0.37600E+16    0.32740E+37   1.40624   0.21495   0   0.78505   0.21495   0   0   0   0   1.72873   1.72873   0   0   0   0
    0.37171E+16    0.31894E+37   1.39802   0.21327   0   0.78673   0.21327   0   0   0   0   1.72234   1.72234   0   0   0   0
    0.36743E+16    0.31064E+37   1.38974   0.21158   0   0.78842   0.21158   0   0   0   0   1.71595   1.71595   0   0   0   0
    0.36317E+16    0.30248E+37   1.38139   0.20988   0   0.79012   0.20988   0   0   0   0   1.70956   1.70956   0   0   0   0
    0.35893E+16    0.29448E+37   1.37296   0.20817   0   0.79183   0.20817   0   0   0   0   1.70317   1.70317   0   0   0   0
    0.35471E+16    0.28661E+37   1.36447   0.20644   0   0.79356   0.20644   0   0   0   0   1.69678   1.69678   0   0   0   0
    0.35050E+16    0.27889E+37   1.35590   0.20471   0   0.79529   0.20471   0   0   0   0   1.69039   1.69039   0   0   0   0
    0.34632E+16    0.27132E+37   1.34725   0.20297   0   0.79703   0.20297   0   0   0   0   1.68400   1.68400   0   0   0   0
    0.34215E+16    0.26388E+37   1.33854   0.20121   0   0.79879   0.20121   0   0   0   0   1.67761   1.67761   0   0   0   0
    0.33800E+16    0.25659E+37   1.32975   0.19945   0   0.80055   0.19945   0   0   0   0   1.67122   1.67122   0   0   0   0
    0.33387E+16    0.24943E+37   1.32088   0.19767   0   0.80233   0.19767   0   0   0   0   1.66483   1.66483   0   0   0   0
    0.32976E+16    0.24241E+37   1.31194   0.19588   0   0.80412   0.19588   0   0   0   0   1.65844   1.65844   0   0   0   0
    0.32567E+16    0.23552E+37   1.30293   0.19409   0   0.80591   0.19409   0   0   0   0   1.65205   1.65205   0   0   0   0
    0.32160E+16    0.22877E+37   1.29384   0.19228   0   0.80772   0.19228   0   0   0   0   1.64566   1.64566   0   0   0   0
    0.31754E+16    0.22215E+37   1.28468   0.19046   0   0.80954   0.19046   0   0   0   0   1.63927   1.63927   0   0   0   0
    0.31351E+16    0.21566E+37   1.27543   0.18863   0   0.81137   0.18863   0   0   0   0   1.63288   1.63288   0   0   0   0
    0.30949E+16    0.20930E+37   1.26612   0.18679   0   0.81321   0.18679   0   0   0   0   1.62649   1.62649   0   0   0   0
    0.30549E+16    0.20307E+37   1.25672   0.18494   0   0.81506   0.18494   0   0   0   0   1.62010   1.62010   0   0   0   0
    0.30151E+16    0.19696E+37   1.24725   0.18308   0   0.81692   0.18308   0   0   0   0   1.61371   1.61371   0   0   0   0
    0.29755E+16    0.19098E+37   1.23770   0.18121   0   0.81879   0.18121   0   0   0   0   1.60732   1.60732   0   0   0   0
    0.29361E+16    0.18512E+37   1.22807   0.17932   0   0.82068   0.17932   0   0   0   0   1.60093   1.60093   0   0   0   0
    0.28968E+16    0.17939E+37   1.21836   0.17743   0   0.82257   0.17743   0   0   0   0   1.59454   1.59454   0   0   0   0
    0.28578E+16    0.17377E+37   1.20858   0.17553   0   0.82447   0.17553   0   0   0   0   1.58815   1.58815   0   0   0   0
    0.28189E+16    0.16828E+37   1.19871   0.17361   0   0.82639   0.17361   0   0   0   0   1.58176   1.58176   0   0   0   0
    0.27803E+16    0.16290E+37   1.18876   0.17169   0   0.82831   0.17169   0   0   0   0   1.57537   1.57537   0   0   0   0
    0.27418E+16    0.15764E+37   1.17874   0.16975   0   0.83025   0.16975   0   0   0   0   1.56898   1.56898   0   0   0   0
    0.27035E+16    0.15250E+37   1.16863   0.16781   0   0.83219   0.16781   0   0   0   0   1.56259   1.56259   0   0   0   0
    0.26654E+16    0.14747E+37   1.15844   0.16586   0   0.83414   0.16586   0   0   0   0   1.55620   1.55620   0   0   0   0
    0.26274E+16    0.14255E+37   1.14818   0.16389   0   0.83611   0.16389   0   0   0   0   1.54981   1.54981   0   0   0   0
    0.25897E+16    0.13774E+37   1.13782   0.16192   0   0.83808   0.16192   0   0   0   0   1.54343   1.54343   0   0   0   0
    0.25521E+16    0.13305E+37   1.12739   0.15994   0   0.84006   0.15994   0   0   0   0   1.53704   1.53704   0   0   0   0
    0.25148E+16    0.12846E+37   1.11688   0.15794   0   0.84206   0.15794   0   0   0   0   1.53065   1.53065   0   0   0   0
    0.24776E+16    0.12398E+37   1.10628   0.15594   0   0.84406   0.15594   0   0   0   0   1.52426   1.52426   0   0   0   0
    0.24406E+16    0.11960E+37   1.09560   0.15393   0   0.84607   0.15393   0   0   0   0   1.51787   1.51787   0   0   0   0
    0.24037E+16    0.11533E+37   1.08483   0.15191   0   0.84809   0.15191   0   0   0   0   1.51148   1.51148   0   0   0   0
    0.23671E+16    0.11116E+37   1.07398   0.14988   0   0.85012   0.14988   0   0   0   0   1.50509   1.50509   0   0   0   0
    0.23306E+16    0.10709E+37   1.06305   0.14784   0   0.85216   0.14784   0   0   0   0   1.49870   1.49870   0   0   0   0
    0.22944E+16    0.10313E+37   1.05203   0.14580   0   0.85420   0.14580   0   0   0   0   1.49231   1.49231   0   0   0   0
    0.22583E+16    0.99261E+36   1.04092   0.14374   0   0.85626   0.14374   0   0   0   0   1.48592   1.48592   0   0   0   0
    0.22223E+16    0.95492E+36   1.02973   0.14168   0   0.85832   0.14168   0   0   0   0   1.47953   1.47953   0   0   0   0
    0.21866E+16    0.91819E+36   1.01845   0.13961   0   0.86039   0.13961   0   0   0   0   1.47314   1.47314   0   0   0   0
    0.21510E+16    0.88241E+36   1.00709   0.13753   0   0.86247   0.13753   0   0   0   0   1.46675   1.46675   0   0   0   0
    0.21156E+16    0.84757E+36   0.99564   0.13545   0   0.86455   0.13545   0   0   0   0   1.46036   1.46036   0   0   0   0
    0.20804E+16    0.81365E+36   0.98410   0.13336   0   0.86664   0.13336   0   0   0   0   1.45397   1.45397   0   0   0   0
    0.20453E+16    0.78064E+36   0.97247   0.13126   0   0.86874   0.13126   0   0   0   0   1.44758   1.44758   0   0   0   0
    0.20104E+16    0.74854E+36   0.96076   0.12915   0   0.87085   0.12915   0   0   0   0   1.44119   1.44119   0   0   0   0
    0.19757E+16    0.71732E+36   0.94895   0.12704   0   0.87296   0.12704   0   0   0   0   1.43480   1.43480   0   0   0   0
    0.19412E+16    0.68698E+36   0.93706   0.12492   0   0.87508   0.12492   0   0   0   0   1.42841   1.42841   0   0   0   0
    0.19068E+16    0.65749E+36   0.92507   0.12280   0   0.87720   0.12280   0   0   0   0   1.42202   1.42202   0   0   0   0
    0.18725E+16    0.62885E+36   0.91300   0.12067   0   0.87933   0.12067   0   0   0   0   1.41563   1.41563   0   0   0   0
    0.18385E+16    0.60105E+36   0.90083   0.11854   0   0.88146   0.11854   0   0   0   0   1.40924   1.40924   0   0   0   0
    0.18045E+16    0.57407E+36   0.88857   0.11640   0   0.88360   0.11640   0   0   0   0   1.40285   1.40285   0   0   0   0
    0.17708E+16    0.54790E+36   0.87621   0.11426   0   0.88574   0.11426   0   0   0   0   1.39646   1.39646   0   0   0   0
    0.17372E+16    0.52253E+36   0.86377   0.11212   0   0.88788   0.11212   0   0   0   0   1.39007   1.39007   0   0   0   0
    0.17037E+16    0.49794E+36   0.85123   0.10997   0   0.89003   0.10997   0   0   0   0   1.38368   1.38368   0   0   0   0
    0.16704E+16    0.47413E+36   0.83859   0.10782   0   0.89218   0.10782   0   0   0   0   1.37729   1.37729   0   0   0   0
    0.16372E+16    0.45107E+36   0.82586   0.10567   0   0.89433   0.10567   0   0   0   0   1.37090   1.37090   0   0   0   0
    0.16042E+16    0.42876E+36   0.81303   0.10351   0   0.89649   0.10351   0   0   0   0   1.36451   1.36451   0   0   0   0
    0.15713E+16    0.40719E+36   0.80011   0.10136   0   0.89864   0.10136   0   0   0   0   1.35812   1.35812   0   0   0   0
    0.15386E+16    0.38634E+36   0.78709   0.09920   0   0.90080   0.09920   0   0   0   0   1.35173   1.35173   0   0   0   0
    0.15059E+16    0.36620E+36   0.77397   0.09705   0   0.90295   0.09705   0   0   0   0   1.34534   1.34534   0   0   0   0
    0.14734E+16    0.34676E+36   0.76075   0.09489   0   0.90511   0.09489   0   0   0   0   1.33895   1.33895   0   0   0   0
    0.14411E+16    0.32800E+36   0.74743   0.09274   0   0.90726   0.09274   0   0   0   0   1.33256   1.33256   0   0   0   0
    0.14088E+16    0.30992E+36   0.73400   0.09058   0   0.90942   0.09058   0   0   0   0   1.32617   1.32617   0   0   0   0
    0.13767E+16    0.29250E+36   0.72048   0.08843   0   0.91157   0.08843   0   0   0   0   1.31978   1.31978   0   0   0   0
    0.13447E+16    0.27573E+36   0.70685   0.08629   0   0.91371   0.08629   0   0   0   0   1.31339   1.31339   0   0   0   0
    0.13128E+16    0.25960E+36   0.69312   0.08414   0   0.91586   0.08414   0   0   0   0   1.30700   1.30700   0   0   0   0
    0.12810E+16    0.24409E+36   0.67929   0.08200   0   0.91800   0.08200   0   0   0   0   1.30061   1.30061   0   0   0   0
    0.12493E+16    0.22919E+36   0.66534   0.07987   0   0.92013   0.07987   0   0   0   0   1.29422   1.29422   0   0   0   0
    0.12177E+16    0.21490E+36   0.65129   0.07774   0   0.92226   0.07774   0   0   0   0   1.28783   1.28783   0   0   0   0
    0.11862E+16    0.20120E+36   0.63714   0.07562   0   0.92438   0.07562   0   0   0   0   1.28144   1.28144   0   0   0   0
    0.11548E+16    0.18807E+36   0.62287   0.07351   0   0.92649   0.07351   0   0   0   0   1.27505   1.27505   0   0   0   0
    0.11235E+16    0.17551E+36   0.60850   0.07140   0   0.92860   0.07140   0   0   0   0   1.26866   1.26866   0   0   0   0
    0.10922E+16    0.16350E+36   0.59402   0.06931   0   0.93069   0.06931   0   0   0   0   1.26227   1.26227   0   0   0   0
    0.10611E+16    0.15204E+36   0.57942   0.06722   0   0.93278   0.06722   0   0   0   0   1.25589   1.25589   0   0   0   0
    0.10300E+16    0.14110E+36   0.56472   0.06515   0   0.93485   0.06515   0   0   0   0   1.24950   1.24950   0   0   0   0
    0.99904E+15    0.13068E+36   0.54990   0.06308   0   0.93692   0.06308   0   0   0   0   1.24311   1.24311   0   0   0   0
    0.96813E+15    0.12077E+36   0.53497   0.06103   0   0.93897   0.06103   0   0   0   0   1.23672   1.23672   0   0   0   0
    0.93728E+15    0.11135E+36   0.51993   0.05900   0   0.94100   0.05900   0   0   0   0   1.23033   1.23033   0   0   0   0
    0.90650E+15    0.10242E+36   0.50478   0.05697   0   0.94303   0.05697   0   0   0   0   1.22394   1.22394   0   0   0   0
    0.87579E+15    0.93959E+35   0.48952   0.05497   0   0.94503   0.05497   0   0   0   0   1.21755   1.21755   0   0   0   0
    0.84515E+15    0.85956E+35   0.47414   0.05298   0   0.94702   0.05298   0   0   0   0   1.21116   1.21116   0   0   0   0
    0.81457E+15    0.78399E+35   0.45866   0.05100   0   0.94900   0.05100   0   0   0   0   1.20477   1.20477   0   0   0   0
    0.78414E+15    0.71244E+35   0.44311   0.04883   0   0.95117   0.04883   0   0   0   0   1.19838   1.19838   0   0   0   0
    0.75383E+15    0.64489E+35   0.42749   0.04652   0   0.95348   0.04652   0   0   0   0   1.19199   1.19199   0   0   0   0
    0.72365E+15    0.58130E+35   0.41179   0.04411   0   0.95589   0.04411   0   0   0   0   1.18560   1.18560   0   0   0   0
    0.69360E+15    0.52160E+35   0.39603   0.04161   0   0.95839   0.04161   0   0   0   0   1.17921   1.17921   0   0   0   0
    0.66368E+15    0.46572E+35   0.38020   0.03906   0   0.96094   0.03906   0   0   0   0   1.17282   1.17282   0   0   0   0
    0.63391E+15    0.41358E+35   0.36431   0.03649   0   0.96351   0.03649   0   0   0   0   1.16643   1.16643   0   0   0   0
    0.60427E+15    0.36511E+35   0.34837   0.03391   0   0.96608   0.03392   0   0   0   0   1.16004   1.16004   0   0   0   0
    0.57478E+15    0.32022E+35   0.33237   0.03138   0   0.96862   0.03138   0   0   0   0   1.15365   1.15365   0   0   0   0
    0.54543E+15    0.27884E+35   0.31633   0.02890   0   0.97110   0.02890   0   0   0   0   1.14726   1.14726   0   0   0   0
    0.51623E+15    0.24087E+35   0.30025   0.02651   0   0.97349   0.02651   0   0   0   0   1.14087   1.14087   0   0   0   0
    0.48718E+15    0.20621E+35   0.28412   0.02422   0   0.97578   0.02422   0   0   0   0   1.13448   1.13448   0   0   0   0
    0.45828E+15    0.17475E+35   0.26797   0.02205   0   0.97795   0.02205   0   0   0   0   1.12809   1.12809   0   0   0   0
    0.42955E+15    0.14637E+35   0.25180   0.02001   0   0.97999   0.02001   0   0   0   0   1.12170   1.12170   0   0   0   0
    0.40099E+15    0.12095E+35   0.23561   0.01811   0   0.98189   0.01811   0   0   0   0   1.11531   1.11531   0   0   0   0
    0.37262E+15    0.98360E+34   0.21944   0.01634   0   0.98366   0.01634   0   0   0   0   1.10892   1.10892   0   0   0   0
    0.34448E+15    0.78470E+34   0.20329   0.01470   0   0.98530   0.01470   0   0   0   0   1.10253   1.10253   0   0   0   0
    0.31659E+15    0.61147E+34   0.18719   0.01320   0   0.98680   0.01320   0   0   0   0   1.09614   1.09614   0   0   0   0
    0.28900E+15    0.46254E+34   0.17118   0.01183   0   0.98817   0.01183   0   0   0   0   1.08975   1.08975   0   0   0   0
    0.26177E+15    0.33655E+34   0.15529   0.01058   0   0.98942   0.01058   0   0   0   0   1.08336   1.08336   0   0   0   0
    0.23495E+15    0.23211E+34   0.13957   0.00946   0   0.99054   0.00946   0   0   0   0   1.07697   1.07697   0   0   0   0
    0.20863E+15    0.14785E+34   0.12407   0.00846   0   0.99154   0.00846   0   0   0   0   1.07058   1.07058   0   0   0   0
    0.18289E+15    0.82314E+33   0.10885   0.00758   0   0.99241   0.00759   0   0   0   0   1.06419   1.06419   0   0   0   0
    0.15785E+15    0.33988E+33   0.09400   0.00684   0   0.99316   0.00684   0   0   0   0   1.05780   1.05780   0   0   0   0
   1.334E+14        6.349E+32        7.890E-02	     982     232     32
   8.011E+13        2.745E+32        4.750E-02	    1500     183     40
   3.432E+13        7.426E+31        2.040E-02	    1800     193     50
   1.496E+13        2.096E+31        8.910E-03	    1350     164     50 
   9.685E+12        1.107E+31        5.770E-03	    1100     161     50 
   6.257E+12        6.193E+30        3.730E-03	     950     159     50 
   2.665E+12        2.637E+30        1.590E-03	     500     117     40
   1.472E+12        1.695E+30        8.790E-04       320     116     40 
   1.004E+12        1.261E+30        6.000E-04	     250     116     40 
   6.692E+11        8.740E+29        4.000E-04	     200     116     40 
   5.409E+11        7.000E+29        3.234E-04	     180     116     40   \ Phase transition to the outer crust:
   3.935e+11        6.999e+29        2.355e-04       130     130     40   / pressure continuous but density jumps
   3.285e+11        5.816e+29        1.966e-04        88      88     28
   2.635e+11        4.473e+29        1.578e-04        86      86     28
   2.044e+11        3.290e+29        1.224e-04        84      84     28
   1.855e+11        2.892e+29       1.1115e-04        84      84     28
   1.711e+11        2.597e+29        1.025e-04        84      84     28
   1.390e+11        2.033e+29        8.331e-05        82      82     28
   1.076e+11        1.495e+29        6.455e-05        80      80     28
   8.335e+10        1.100e+29       5.0014e-05        78      78     28
   6.617e+10        8.089e+28        3.971e-05        78      78     28
   5.255e+10        5.949e+28       3.1545e-05        78      78     28
   4.172e+10        4.628e+28        2.506e-05        80      80     30
   3.314e+10        3.404e+28        1.990e-05        80      80     30
   2.631e+10        2.503e+28        1.581e-05        80      80     30
  2.1175e+10        1.938e+28       1.2725e-05        78      78     30
   1.660e+10        1.425e+28        9.981e-06        72      72     28
   1.273e+10        1.048e+28        7.653e-06        84      84     34
   1.011e+10        7.702e+27        6.077e-06        84      84     34
   8.025e+09        5.662e+27        4.827e-06        84      84     34
   6.602e+09        4.362e+27        3.971e-06        84      84     34
   4.074e+09        2.356e+27        2.452e-06        68      68     28
   2.570e+09        1.272e+27        1.547e-06        68      68     28
   1.621e+09        6.860e+26        9.761e-07        68      68     28
   1.288e+09        5.036e+26        7.753e-07        68      68     28
   1.045e+09        4.129e+26        6.294e-07        64      64     28
   8.301e+08        3.029e+26        5.000e-07        64      64     28
   5.237e+08        1.629e+26        3.155e-07        64      64     28
   3.304e+08        8.738e+25        1.990e-07        64      64     28
   2.624e+08        6.676e+25        1.581e-07        64      62     28
   1.315e+08        2.604e+25        7.924e-08        62      62     28
   6.589e+07        1.006e+25        3.972e-08        62      62     28
   3.302e+07        3.833e+24        1.990e-08        62      62     28
   1.655e+07        1.435e+24        9.976e-09        62      62     28
   8.293e+06        5.259e+23        5.000e-09        62      62     28
   6.588e+06        3.911e+23        3.972e-09        56      56     26
   2.622e+06        9.755e+22        1.581e-09        56      56     26
   1.044e+06        2.318e+22        6.294e-10        56      56     26
   4.156e+05        5.266e+21        2.506e-10        56      56     26
   1.654e+05        1.151e+21        9.976e-11        56      56     26
   6.587E+04        2.431E+20        3.972E-11        56      56     26
   2.622E+04        4.968E+19        1.581E-11        56      56     26
   1.044E+04        9.744E+18        6.295E-12        56      56     26
   1.150E+03        1.900E+17        6.930E-13        56      56     26
   2.120E+02        5.820E+15        1.270E-13        56      56     26
   4.510E+01        1.700E+14        2.720E-14        56      56     26
   1.640E+01        1.400E+13        9.900E-15        56      56     26
   1.160E+01        1.210E+12        6.990E-15        56      56     26
   8.150E+00        1.010E+11        4.910E-15        56      56     26
   7.900E+00        1.010E+10        4.760E-15        56      56     26
   7.860E+00        1.010E+09        4.730E-15        56      56     26
   7.800E+00        1.010E+08        4.700E-15        56      56     26

