6	99	37		Itext, Imax, Icore												
																
EOS Sly4, Douchin et Haensel (2001) core / EOS Negele Vautherin inner crust / EOS Haensel Zdunik Dobaczewski outer crust																
																
Rho	Press	nbar	Ye	Ymu	Yn	Yp	Yla	Ysm	Ys0	Ysp	mstp	mstn	mstla	mstsm	msts0	mstsp
g/cm3	dyne/cm2	#/fm3	[A_cell]	[A_ion]	[Z]				
							
4.0498E+15	2.4947E+36	1.5000E+00	8.4240E-02	6.9650E-02	8.4611E-01	1.5389E-01	0.0000E+00	0.0000E+00	0.0000E+00	0.0000E+00	1.0382E-02	5.6327E-03	0.0000E+00	0.0000E+00	0.0000E+00	0.0000E+00
3.6113E+15	2.0679E+36	1.4000E+00	7.7620E-02	6.2810E-02	8.5957E-01	1.4043E-01	0.0000E+00	0.0000E+00	0.0000E+00	0.0000E+00	1.1301E-02	5.9794E-03	0.0000E+00	0.0000E+00	0.0000E+00	0.0000E+00
3.2048E+15	1.6876E+36	1.3000E+00	7.1510E-02	5.6430E-02	8.7206E-01	1.2794E-01	0.0000E+00	0.0000E+00	0.0000E+00	0.0000E+00	1.2350E-02	6.3842E-03	0.0000E+00	0.0000E+00	0.0000E+00	0.0000E+00
2.8289E+15	1.3524E+36	1.2000E+00	6.6020E-02	5.0600E-02	8.8339E-01	1.1661E-01	0.0000E+00	0.0000E+00	0.0000E+00	0.0000E+00	1.3559E-02	6.8621E-03	0.0000E+00	0.0000E+00	0.0000E+00	0.0000E+00
2.4820E+15	1.0609E+36	1.1000E+00	6.1240E-02	4.5390E-02	8.9337E-01	1.0663E-01	0.0000E+00	0.0000E+00	0.0000E+00	0.0000E+00	1.4963E-02	7.4335E-03	0.0000E+00	0.0000E+00	0.0000E+00	0.0000E+00
2.1624E+15	8.1139E+35	1.0000E+00	5.7260E-02	4.0830E-02	9.0192E-01	9.8080E-02	0.0000E+00	0.0000E+00	0.0000E+00	0.0000E+00	1.6617E-02	8.1264E-03	0.0000E+00	0.0000E+00	0.0000E+00	0.0000E+00
2.0123E+15	7.0176E+35	9.5000E-01	5.5570E-02	3.8800E-02	9.0563E-01	9.4370E-02	0.0000E+00	0.0000E+00	0.0000E+00	0.0000E+00	1.7561E-02	8.5303E-03	0.0000E+00	0.0000E+00	0.0000E+00	0.0000E+00
1.8683E+15	6.0183E+35	9.0000E-01	5.4100E-02	3.6920E-02	9.0898E-01	9.1020E-02	0.0000E+00	0.0000E+00	0.0000E+00	0.0000E+00	1.8600E-02	8.9809E-03	0.0000E+00	0.0000E+00	0.0000E+00	0.0000E+00
1.7302E+15	5.1129E+35	8.5000E-01	5.2840E-02	3.5190E-02	9.1197E-01	8.8030E-02	0.0000E+00	0.0000E+00	0.0000E+00	0.0000E+00	1.9750E-02	9.4862E-03	0.0000E+00	0.0000E+00	0.0000E+00	0.0000E+00
1.5977E+15	4.2981E+35	8.0000E-01	5.1780E-02	3.3610E-02	9.1461E-01	8.5390E-02	0.0000E+00	0.0000E+00	0.0000E+00	0.0000E+00	2.1031E-02	1.0056E-02	0.0000E+00	0.0000E+00	0.0000E+00	0.0000E+00
1.4706E+15	3.5702E+35	7.5000E-01	5.0940E-02	3.2150E-02	9.1691E-01	8.3090E-02	0.0000E+00	0.0000E+00	0.0000E+00	0.0000E+00	2.2469E-02	1.0704E-02	0.0000E+00	0.0000E+00	0.0000E+00	0.0000E+00
1.3486E+15	2.9255E+35	7.0000E-01	5.0300E-02	3.0790E-02	9.1891E-01	8.1090E-02	0.0000E+00	0.0000E+00	0.0000E+00	0.0000E+00	2.4099E-02	1.1446E-02	0.0000E+00	0.0000E+00	0.0000E+00	0.0000E+00
1.2777E+15	2.5769E+35	6.7000E-01	5.0010E-02	3.0020E-02	9.1997E-01	8.0030E-02	0.0000E+00	0.0000E+00	0.0000E+00	0.0000E+00	2.5186E-02	1.1944E-02	0.0000E+00	0.0000E+00	0.0000E+00	0.0000E+00
1.2085E+15	2.2559E+35	6.4000E-01	4.9790E-02	2.9270E-02	9.2093E-01	7.9070E-02	0.0000E+00	0.0000E+00	0.0000E+00	0.0000E+00	2.6369E-02	1.2489E-02	0.0000E+00	0.0000E+00	0.0000E+00	0.0000E+00
1.1408E+15	1.9616E+35	6.1000E-01	4.9640E-02	2.8540E-02	9.2182E-01	7.8180E-02	0.0000E+00	0.0000E+00	0.0000E+00	0.0000E+00	2.7663E-02	1.3088E-02	0.0000E+00	0.0000E+00	0.0000E+00	0.0000E+00
1.0748E+15	1.6930E+35	5.8000E-01	4.9550E-02	2.7810E-02	9.2264E-01	7.7360E-02	0.0000E+00	0.0000E+00	0.0000E+00	0.0000E+00	2.9083E-02	1.3749E-02	0.0000E+00	0.0000E+00	0.0000E+00	0.0000E+00
1.0102E+15	1.4491E+35	5.5000E-01	4.9520E-02	2.7080E-02	9.2340E-01	7.6600E-02	0.0000E+00	0.0000E+00	0.0000E+00	0.0000E+00	3.0652E-02	1.4481E-02	0.0000E+00	0.0000E+00	0.0000E+00	0.0000E+00
9.4695E+14	1.2289E+35	5.2000E-01	4.9540E-02	2.6340E-02	9.2413E-01	7.5870E-02	0.0000E+00	0.0000E+00	0.0000E+00	0.0000E+00	3.2394E-02	1.5297E-02	0.0000E+00	0.0000E+00	0.0000E+00	0.0000E+00
8.8509E+14	1.0315E+35	4.9000E-01	4.9600E-02	2.5560E-02	9.2484E-01	7.5160E-02	0.0000E+00	0.0000E+00	0.0000E+00	0.0000E+00	3.4342E-02	1.6211E-02	0.0000E+00	0.0000E+00	0.0000E+00	0.0000E+00
8.2450E+14	8.5561E+34	4.6000E-01	4.9710E-02	2.4730E-02	9.2556E-01	7.4440E-02	0.0000E+00	0.0000E+00	0.0000E+00	0.0000E+00	3.6534E-02	1.7242E-02	0.0000E+00	0.0000E+00	0.0000E+00	0.0000E+00
7.6510E+14	7.0033E+34	4.3000E-01	4.9840E-02	2.3830E-02	9.2632E-01	7.3680E-02	0.0000E+00	0.0000E+00	0.0000E+00	0.0000E+00	3.9022E-02	1.8415E-02	0.0000E+00	0.0000E+00	0.0000E+00	0.0000E+00
7.0684E+14	5.6451E+34	4.0000E-01	4.9990E-02	2.2830E-02	9.2717E-01	7.2830E-02	0.0000E+00	0.0000E+00	0.0000E+00	0.0000E+00	4.1873E-02	1.9758E-02	0.0000E+00	0.0000E+00	0.0000E+00	0.0000E+00
6.4963E+14	4.4702E+34	3.7000E-01	5.0140E-02	2.1700E-02	9.2815E-01	7.1850E-02	0.0000E+00	0.0000E+00	0.0000E+00	0.0000E+00	4.5173E-02	2.1313E-02	0.0000E+00	0.0000E+00	0.0000E+00	0.0000E+00
5.9340E+14	3.4670E+34	3.4000E-01	5.0260E-02	2.0400E-02	9.2934E-01	7.0660E-02	0.0000E+00	0.0000E+00	0.0000E+00	0.0000E+00	4.9040E-02	2.3133E-02	0.0000E+00	0.0000E+00	0.0000E+00	0.0000E+00
5.3808E+14	2.6235E+34	3.1000E-01	5.0340E-02	1.8870E-02	9.3080E-01	6.9200E-02	0.0000E+00	0.0000E+00	0.0000E+00	0.0000E+00	5.3633E-02	2.5292E-02	0.0000E+00	0.0000E+00	0.0000E+00	0.0000E+00
4.8358E+14	1.9277E+34	2.8000E-01	5.0310E-02	1.7050E-02	9.3264E-01	6.7360E-02	0.0000E+00	0.0000E+00	0.0000E+00	0.0000E+00	5.9181E-02	2.7895E-02	0.0000E+00	0.0000E+00	0.0000E+00	0.0000E+00
4.2983E+14	1.3668E+34	2.5000E-01	5.0140E-02	1.4850E-02	9.3501E-01	6.4990E-02	0.0000E+00	0.0000E+00	0.0000E+00	0.0000E+00	6.6017E-02	3.1093E-02	0.0000E+00	0.0000E+00	0.0000E+00	0.0000E+00
3.7675E+14	9.2766E+33	2.2000E-01	4.9730E-02	1.2190E-02	9.3808E-01	6.1920E-02	0.0000E+00	0.0000E+00	0.0000E+00	0.0000E+00	7.4643E-02	3.5119E-02	0.0000E+00	0.0000E+00	0.0000E+00	0.0000E+00
3.2424E+14	5.9667E+33	1.9000E-01	4.8960E-02	8.9500E-03	9.4209E-01	5.7910E-02	0.0000E+00	0.0000E+00	0.0000E+00	0.0000E+00	8.5859E-02	4.0343E-02	0.0000E+00	0.0000E+00	0.0000E+00	0.0000E+00
2.7223E+14	3.5927E+33	1.6000E-01	4.7600E-02	5.1000E-03	9.4730E-01	5.2700E-02	0.0000E+00	0.0000E+00	0.0000E+00	0.0000E+00	1.0100E-01	4.7400E-02	0.0000E+00	0.0000E+00	0.0000E+00	0.0000E+00
2.2063E+14	1.9971E+33	1.3000E-01	4.5210E-02	1.0100E-03	9.5378E-01	4.6220E-02	0.0000E+00	0.0000E+00	0.0000E+00	0.0000E+00	1.2246E-01	5.7489E-02	0.0000E+00	0.0000E+00	0.0000E+00	0.0000E+00
2.0350E+14	1.6063E+33	1.2000E-01	4.3980E-02	5.0000E-05	9.5597E-01	4.4030E-02	0.0000E+00	0.0000E+00	0.0000E+00	0.0000E+00	1.3168E-01	6.1904E-02	0.0000E+00	0.0000E+00	0.0000E+00	0.0000E+00
1.8641E+14	1.2701E+33	1.1000E-01	4.2330E-02	0.0000E+00	9.5767E-01	4.2330E-02	0.0000E+00	0.0000E+00	0.0000E+00	0.0000E+00	1.4225E-01	6.7088E-02	0.0000E+00	0.0000E+00	0.0000E+00	0.0000E+00
1.6935E+14	9.9146E+32	1.0000E-01	4.0460E-02	0.0000E+00	9.5954E-01	4.0460E-02	0.0000E+00	0.0000E+00	0.0000E+00	0.0000E+00	1.5463E-01	7.3226E-02	0.0000E+00	0.0000E+00	0.0000E+00	0.0000E+00
1.5232E+14	7.6443E+32	9.0000E-02	3.8330E-02	0.0000E+00	9.6167E-01	3.8330E-02	0.0000E+00	0.0000E+00	0.0000E+00	0.0000E+00	1.6933E-01	8.0608E-02	0.0000E+00	0.0000E+00	0.0000E+00	0.0000E+00
1.4381E+14	6.6828E+32	8.5000E-02	3.7170E-02	0.0000E+00	9.6283E-01	3.7170E-02	0.0000E+00	0.0000E+00	0.0000E+00	0.0000E+00	1.7777E-01	8.4892E-02	0.0000E+00	0.0000E+00	0.0000E+00	0.0000E+00
1.3531E+14	5.8260E+32	8.0000E-02	3.5920E-02	0.0000E+00	9.6408E-01	3.5920E-02	0.0000E+00	0.0000E+00	0.0000E+00	0.0000E+00	1.8708E-01	8.9658E-02	0.0000E+00	0.0000E+00	0.0000E+00	0.0000E+00
   1.334E+14        6.349E+32        7.890E-02	     982     232     32
   8.011E+13        2.745E+32        4.750E-02	    1500     183     40
   3.432E+13        7.426E+31        2.040E-02	    1800     193     50
   1.496E+13        2.096E+31        8.910E-03	    1350     164     50 
   9.685E+12        1.107E+31        5.770E-03	    1100     161     50 
   6.257E+12        6.193E+30        3.730E-03	     950     159     50 
   2.665E+12        2.637E+30        1.590E-03	     500     117     40
   1.472E+12        1.695E+30        8.790E-04       320     116     40 
   1.004E+12        1.261E+30        6.000E-04	     250     116     40 
   6.692E+11        8.740E+29        4.000E-04	     200     116     40 
   5.409E+11        7.000E+29        3.234E-04	     180     116     40   \ Phase transition to the outer crust:
   3.935e+11        6.999e+29        2.355e-04       130     130     40   / pressure continuous but density jumps
   3.285e+11        5.816e+29        1.966e-04        88      88     28
   2.635e+11        4.473e+29        1.578e-04        86      86     28
   2.044e+11        3.290e+29        1.224e-04        84      84     28
   1.855e+11        2.892e+29       1.1115e-04        84      84     28
   1.711e+11        2.597e+29        1.025e-04        84      84     28
   1.390e+11        2.033e+29        8.331e-05        82      82     28
   1.076e+11        1.495e+29        6.455e-05        80      80     28
   8.335e+10        1.100e+29       5.0014e-05        78      78     28
   6.617e+10        8.089e+28        3.971e-05        78      78     28
   5.255e+10        5.949e+28       3.1545e-05        78      78     28
   4.172e+10        4.628e+28        2.506e-05        80      80     30
   3.314e+10        3.404e+28        1.990e-05        80      80     30
   2.631e+10        2.503e+28        1.581e-05        80      80     30
  2.1175e+10        1.938e+28       1.2725e-05        78      78     30
   1.660e+10        1.425e+28        9.981e-06        72      72     28
   1.273e+10        1.048e+28        7.653e-06        84      84     34
   1.011e+10        7.702e+27        6.077e-06        84      84     34
   8.025e+09        5.662e+27        4.827e-06        84      84     34
   6.602e+09        4.362e+27        3.971e-06        84      84     34
   4.074e+09        2.356e+27        2.452e-06        68      68     28
   2.570e+09        1.272e+27        1.547e-06        68      68     28
   1.621e+09        6.860e+26        9.761e-07        68      68     28
   1.288e+09        5.036e+26        7.753e-07        68      68     28
   1.045e+09        4.129e+26        6.294e-07        64      64     28
   8.301e+08        3.029e+26        5.000e-07        64      64     28
   5.237e+08        1.629e+26        3.155e-07        64      64     28
   3.304e+08        8.738e+25        1.990e-07        64      64     28
   2.624e+08        6.676e+25        1.581e-07        64      62     28
   1.315e+08        2.604e+25        7.924e-08        62      62     28
   6.589e+07        1.006e+25        3.972e-08        62      62     28
   3.302e+07        3.833e+24        1.990e-08        62      62     28
   1.655e+07        1.435e+24        9.976e-09        62      62     28
   8.293e+06        5.259e+23        5.000e-09        62      62     28
   6.588e+06        3.911e+23        3.972e-09        56      56     26
   2.622e+06        9.755e+22        1.581e-09        56      56     26
   1.044e+06        2.318e+22        6.294e-10        56      56     26
   4.156e+05        5.266e+21        2.506e-10        56      56     26
   1.654e+05        1.151e+21        9.976e-11        56      56     26
   6.587E+04        2.431E+20        3.972E-11        56      56     26
   2.622E+04        4.968E+19        1.581E-11        56      56     26
   1.044E+04        9.744E+18        6.295E-12        56      56     26
   1.150E+03        1.900E+17        6.930E-13        56      56     26
   2.120E+02        5.820E+15        1.270E-13        56      56     26
   4.510E+01        1.700E+14        2.720E-14        56      56     26
   1.640E+01        1.400E+13        9.900E-15        56      56     26
   1.160E+01        1.210E+12        6.990E-15        56      56     26
   8.150E+00        1.010E+11        4.910E-15        56      56     26
   7.900E+00        1.010E+10        4.760E-15        56      56     26
   7.860E+00        1.010E+09        4.730E-15        56      56     26
   7.800E+00        1.010E+08        4.700E-15        56      56     26

