6	126	38		Itext, Imax, Icore												
																
EOS Sly4, Douchin et Haensel (2001) core + inner crust / EOS Haensel Zdunik Dobaczewski outer crust																
																
Rho	Press	nbar	Ye	Ymu	Yn	Yp	Yla	Ysm	Ys0	Ysp	mstp	mstn	mstla	mstsm	msts0	mstsp
g/cm3	dyne/cm2	#/fm3	[A_cell]	[A_ion]	[Z]				
							
4.0498E+15	2.4947E+36	1.5000E+00	8.4240E-02	6.9650E-02	8.4611E-01	1.5389E-01	0.0000E+00	0.0000E+00	0.0000E+00	0.0000E+00	1.0382E-02	5.6327E-03	0.0000E+00	0.0000E+00	0.0000E+00	0.0000E+00
3.6113E+15	2.0679E+36	1.4000E+00	7.7620E-02	6.2810E-02	8.5957E-01	1.4043E-01	0.0000E+00	0.0000E+00	0.0000E+00	0.0000E+00	1.1301E-02	5.9794E-03	0.0000E+00	0.0000E+00	0.0000E+00	0.0000E+00
3.2048E+15	1.6876E+36	1.3000E+00	7.1510E-02	5.6430E-02	8.7206E-01	1.2794E-01	0.0000E+00	0.0000E+00	0.0000E+00	0.0000E+00	1.2350E-02	6.3842E-03	0.0000E+00	0.0000E+00	0.0000E+00	0.0000E+00
2.8289E+15	1.3524E+36	1.2000E+00	6.6020E-02	5.0600E-02	8.8339E-01	1.1661E-01	0.0000E+00	0.0000E+00	0.0000E+00	0.0000E+00	1.3559E-02	6.8621E-03	0.0000E+00	0.0000E+00	0.0000E+00	0.0000E+00
2.4820E+15	1.0609E+36	1.1000E+00	6.1240E-02	4.5390E-02	8.9337E-01	1.0663E-01	0.0000E+00	0.0000E+00	0.0000E+00	0.0000E+00	1.4963E-02	7.4335E-03	0.0000E+00	0.0000E+00	0.0000E+00	0.0000E+00
2.1624E+15	8.1139E+35	1.0000E+00	5.7260E-02	4.0830E-02	9.0192E-01	9.8080E-02	0.0000E+00	0.0000E+00	0.0000E+00	0.0000E+00	1.6617E-02	8.1264E-03	0.0000E+00	0.0000E+00	0.0000E+00	0.0000E+00
2.0123E+15	7.0176E+35	9.5000E-01	5.5570E-02	3.8800E-02	9.0563E-01	9.4370E-02	0.0000E+00	0.0000E+00	0.0000E+00	0.0000E+00	1.7561E-02	8.5303E-03	0.0000E+00	0.0000E+00	0.0000E+00	0.0000E+00
1.8683E+15	6.0183E+35	9.0000E-01	5.4100E-02	3.6920E-02	9.0898E-01	9.1020E-02	0.0000E+00	0.0000E+00	0.0000E+00	0.0000E+00	1.8600E-02	8.9809E-03	0.0000E+00	0.0000E+00	0.0000E+00	0.0000E+00
1.7302E+15	5.1129E+35	8.5000E-01	5.2840E-02	3.5190E-02	9.1197E-01	8.8030E-02	0.0000E+00	0.0000E+00	0.0000E+00	0.0000E+00	1.9750E-02	9.4862E-03	0.0000E+00	0.0000E+00	0.0000E+00	0.0000E+00
1.5977E+15	4.2981E+35	8.0000E-01	5.1780E-02	3.3610E-02	9.1461E-01	8.5390E-02	0.0000E+00	0.0000E+00	0.0000E+00	0.0000E+00	2.1031E-02	1.0056E-02	0.0000E+00	0.0000E+00	0.0000E+00	0.0000E+00
1.4706E+15	3.5702E+35	7.5000E-01	5.0940E-02	3.2150E-02	9.1691E-01	8.3090E-02	0.0000E+00	0.0000E+00	0.0000E+00	0.0000E+00	2.2469E-02	1.0704E-02	0.0000E+00	0.0000E+00	0.0000E+00	0.0000E+00
1.3486E+15	2.9255E+35	7.0000E-01	5.0300E-02	3.0790E-02	9.1891E-01	8.1090E-02	0.0000E+00	0.0000E+00	0.0000E+00	0.0000E+00	2.4099E-02	1.1446E-02	0.0000E+00	0.0000E+00	0.0000E+00	0.0000E+00
1.2777E+15	2.5769E+35	6.7000E-01	5.0010E-02	3.0020E-02	9.1997E-01	8.0030E-02	0.0000E+00	0.0000E+00	0.0000E+00	0.0000E+00	2.5186E-02	1.1944E-02	0.0000E+00	0.0000E+00	0.0000E+00	0.0000E+00
1.2085E+15	2.2559E+35	6.4000E-01	4.9790E-02	2.9270E-02	9.2093E-01	7.9070E-02	0.0000E+00	0.0000E+00	0.0000E+00	0.0000E+00	2.6369E-02	1.2489E-02	0.0000E+00	0.0000E+00	0.0000E+00	0.0000E+00
1.1408E+15	1.9616E+35	6.1000E-01	4.9640E-02	2.8540E-02	9.2182E-01	7.8180E-02	0.0000E+00	0.0000E+00	0.0000E+00	0.0000E+00	2.7663E-02	1.3088E-02	0.0000E+00	0.0000E+00	0.0000E+00	0.0000E+00
1.0748E+15	1.6930E+35	5.8000E-01	4.9550E-02	2.7810E-02	9.2264E-01	7.7360E-02	0.0000E+00	0.0000E+00	0.0000E+00	0.0000E+00	2.9083E-02	1.3749E-02	0.0000E+00	0.0000E+00	0.0000E+00	0.0000E+00
1.0102E+15	1.4491E+35	5.5000E-01	4.9520E-02	2.7080E-02	9.2340E-01	7.6600E-02	0.0000E+00	0.0000E+00	0.0000E+00	0.0000E+00	3.0652E-02	1.4481E-02	0.0000E+00	0.0000E+00	0.0000E+00	0.0000E+00
9.4695E+14	1.2289E+35	5.2000E-01	4.9540E-02	2.6340E-02	9.2413E-01	7.5870E-02	0.0000E+00	0.0000E+00	0.0000E+00	0.0000E+00	3.2394E-02	1.5297E-02	0.0000E+00	0.0000E+00	0.0000E+00	0.0000E+00
8.8509E+14	1.0315E+35	4.9000E-01	4.9600E-02	2.5560E-02	9.2484E-01	7.5160E-02	0.0000E+00	0.0000E+00	0.0000E+00	0.0000E+00	3.4342E-02	1.6211E-02	0.0000E+00	0.0000E+00	0.0000E+00	0.0000E+00
8.2450E+14	8.5561E+34	4.6000E-01	4.9710E-02	2.4730E-02	9.2556E-01	7.4440E-02	0.0000E+00	0.0000E+00	0.0000E+00	0.0000E+00	3.6534E-02	1.7242E-02	0.0000E+00	0.0000E+00	0.0000E+00	0.0000E+00
7.6510E+14	7.0033E+34	4.3000E-01	4.9840E-02	2.3830E-02	9.2632E-01	7.3680E-02	0.0000E+00	0.0000E+00	0.0000E+00	0.0000E+00	3.9022E-02	1.8415E-02	0.0000E+00	0.0000E+00	0.0000E+00	0.0000E+00
7.0684E+14	5.6451E+34	4.0000E-01	4.9990E-02	2.2830E-02	9.2717E-01	7.2830E-02	0.0000E+00	0.0000E+00	0.0000E+00	0.0000E+00	4.1873E-02	1.9758E-02	0.0000E+00	0.0000E+00	0.0000E+00	0.0000E+00
6.4963E+14	4.4702E+34	3.7000E-01	5.0140E-02	2.1700E-02	9.2815E-01	7.1850E-02	0.0000E+00	0.0000E+00	0.0000E+00	0.0000E+00	4.5173E-02	2.1313E-02	0.0000E+00	0.0000E+00	0.0000E+00	0.0000E+00
5.9340E+14	3.4670E+34	3.4000E-01	5.0260E-02	2.0400E-02	9.2934E-01	7.0660E-02	0.0000E+00	0.0000E+00	0.0000E+00	0.0000E+00	4.9040E-02	2.3133E-02	0.0000E+00	0.0000E+00	0.0000E+00	0.0000E+00
5.3808E+14	2.6235E+34	3.1000E-01	5.0340E-02	1.8870E-02	9.3080E-01	6.9200E-02	0.0000E+00	0.0000E+00	0.0000E+00	0.0000E+00	5.3633E-02	2.5292E-02	0.0000E+00	0.0000E+00	0.0000E+00	0.0000E+00
4.8358E+14	1.9277E+34	2.8000E-01	5.0310E-02	1.7050E-02	9.3264E-01	6.7360E-02	0.0000E+00	0.0000E+00	0.0000E+00	0.0000E+00	5.9181E-02	2.7895E-02	0.0000E+00	0.0000E+00	0.0000E+00	0.0000E+00
4.2983E+14	1.3668E+34	2.5000E-01	5.0140E-02	1.4850E-02	9.3501E-01	6.4990E-02	0.0000E+00	0.0000E+00	0.0000E+00	0.0000E+00	6.6017E-02	3.1093E-02	0.0000E+00	0.0000E+00	0.0000E+00	0.0000E+00
3.7675E+14	9.2766E+33	2.2000E-01	4.9730E-02	1.2190E-02	9.3808E-01	6.1920E-02	0.0000E+00	0.0000E+00	0.0000E+00	0.0000E+00	7.4643E-02	3.5119E-02	0.0000E+00	0.0000E+00	0.0000E+00	0.0000E+00
3.2424E+14	5.9667E+33	1.9000E-01	4.8960E-02	8.9500E-03	9.4209E-01	5.7910E-02	0.0000E+00	0.0000E+00	0.0000E+00	0.0000E+00	8.5859E-02	4.0343E-02	0.0000E+00	0.0000E+00	0.0000E+00	0.0000E+00
2.7223E+14	3.5927E+33	1.6000E-01	4.7600E-02	5.1000E-03	9.4730E-01	5.2700E-02	0.0000E+00	0.0000E+00	0.0000E+00	0.0000E+00	1.0100E-01	4.7400E-02	0.0000E+00	0.0000E+00	0.0000E+00	0.0000E+00
2.2063E+14	1.9971E+33	1.3000E-01	4.5210E-02	1.0100E-03	9.5378E-01	4.6220E-02	0.0000E+00	0.0000E+00	0.0000E+00	0.0000E+00	1.2246E-01	5.7489E-02	0.0000E+00	0.0000E+00	0.0000E+00	0.0000E+00
2.0350E+14	1.6063E+33	1.2000E-01	4.3980E-02	5.0000E-05	9.5597E-01	4.4030E-02	0.0000E+00	0.0000E+00	0.0000E+00	0.0000E+00	1.3168E-01	6.1904E-02	0.0000E+00	0.0000E+00	0.0000E+00	0.0000E+00
1.8641E+14	1.2701E+33	1.1000E-01	4.2330E-02	0.0000E+00	9.5767E-01	4.2330E-02	0.0000E+00	0.0000E+00	0.0000E+00	0.0000E+00	1.4225E-01	6.7088E-02	0.0000E+00	0.0000E+00	0.0000E+00	0.0000E+00
1.6935E+14	9.9146E+32	1.0000E-01	4.0460E-02	0.0000E+00	9.5954E-01	4.0460E-02	0.0000E+00	0.0000E+00	0.0000E+00	0.0000E+00	1.5463E-01	7.3226E-02	0.0000E+00	0.0000E+00	0.0000E+00	0.0000E+00
1.5232E+14	7.6443E+32	9.0000E-02	3.8330E-02	0.0000E+00	9.6167E-01	3.8330E-02	0.0000E+00	0.0000E+00	0.0000E+00	0.0000E+00	1.6933E-01	8.0608E-02	0.0000E+00	0.0000E+00	0.0000E+00	0.0000E+00
1.4381E+14	6.6828E+32	8.5000E-02	3.7170E-02	0.0000E+00	9.6283E-01	3.7170E-02	0.0000E+00	0.0000E+00	0.0000E+00	0.0000E+00	1.7777E-01	8.4892E-02	0.0000E+00	0.0000E+00	0.0000E+00	0.0000E+00
1.3531E+14	5.8260E+32	8.0000E-02	3.5920E-02	0.0000E+00	9.6408E-01	3.5920E-02	0.0000E+00	0.0000E+00	0.0000E+00	0.0000E+00	1.8708E-01	8.9658E-02	0.0000E+00	0.0000E+00	0.0000E+00	0.0000E+00
1.3038E+14	5.3739E+32	7.7100E-02	3.5160E-02	0.0000E+00	9.6484E-01	3.5160E-02	0.0000E+00	0.0000E+00	0.0000E+00	0.0000E+00	1.9293E-01	9.2679E-02	0.0000E+00	0.0000E+00	0.0000E+00	0.0000E+00
1.2845E+14	5.3739E+32	7.5959E-02	1501.316	615.840	53.162											
1.2720E+14	5.2856E+32	7.5226E-02	1430.222	566.654	50.492											
1.2372E+14	5.0462E+32	7.3174E-02	1306.234	476.253	45.719											
1.1859E+14	4.6998E+32	7.0154E-02	1216.759	401.652	42.051											
1.1351E+14	4.3681E+32	6.7163E-02	1175.822	357.685	40.154											
1.0845E+14	4.0509E+32	6.4183E-02	1157.875	328.489	39.116											
1.0173E+14	3.6505E+32	6.0219E-02	1153.394	302.074	38.458											
9.5022E+13	3.2756E+32	5.6264E-02	1160.576	283.993	38.281											
8.8350E+13	2.9261E+32	5.2327E-02	1174.525	270.963	38.393											
8.1738E+13	2.6018E+32	4.8425E-02	1190.451	261.185	38.686											
7.5224E+13	2.3024E+32	4.4578E-02	1207.457	253.566	39.094											
6.7284E+13	1.9626E+32	3.9888E-02	1226.316	245.999	39.699											
6.1153E+13	1.7175E+32	3.6264E-02	1238.684	240.924	40.219											
5.3843E+13	1.4430E+32	3.1941E-02	1248.689	235.253	40.876											
4.7001E+13	1.2023E+32	2.7894E-02	1252.298	229.922	41.507											
4.0688E+13	9.9286E+31	2.4157E-02	1248.111	224.660	42.089											
3.6043E+13	8.4613E+31	2.1405E-02	1239.595	220.400	42.506											
2.7844E+13	6.0234E+31	1.6547E-02	1208.686	211.641	43.198											
2.1042E+13	4.1574E+31	1.2513E-02	1157.794	202.614	43.691											
1.6774E+13	3.0720E+31	9.9795E-03	1106.699	195.775	43.939											
1.2593E+13	2.0894E+31	7.4963E-03	1031.510	187.838	44.108											
9.6148E+12	1.4513E+31	5.7260E-03	952.888	181.144	44.164											
7.5106E+12	1.0405E+31	4.4746E-03	875.763	175.678	44.155											
5.7153E+12	7.2304E+30	3.4064E-03	787.121	170.333	44.101											
4.4827E+12	5.2679E+30	2.6726E-03	707.624	166.150	44.030											
3.4178E+12	3.7461E+30	2.0384E-03	620.647	162.051	43.935											
2.7232E+12	2.8565E+30	1.6246E-03	550.467	159.030	43.851											
2.1141E+12	2.1547E+30	1.2616E-03	476.795	156.055	43.755											
1.7543E+12	1.7792E+30	1.0471E-03	426.145	154.094	43.685											
1.2831E+12	1.3370E+30	7.6608E-04	349.074	151.184	43.571											
1.0146E+12	1.1128E+30	6.0594E-04	298.168	149.263	43.490											
8.9426E+11	1.0191E+30	5.3414E-04	273.274	148.306	43.447											
7.8339E+11	9.3667E+29	4.6800E-04	248.988	147.351	43.404											
6.8224E+11	8.6443E+29	4.0764E-04	225.644	146.398	43.359											
5.9119E+11	8.0149E+29	3.5331E-04	203.504	145.444	43.313											
5.1080E+11	7.4685E+29	3.0533E-04	183.061	144.490	43.265											
4.4199E+11	6.9945E+29	2.6426E-04	164.958	143.530	43.215											
3.9350E+11	6.9990E+29	2.3550E-04	130.000	130.000	40.000											
3.2850E+11	5.8160E+29	1.9660E-04	88.000	88.000	28.000											
2.6350E+11	4.4730E+29	1.5780E-04	86.000	86.000	28.000											
2.0440E+11	3.2900E+29	1.2240E-04	84.000	84.000	28.000											
1.8550E+11	2.8920E+29	1.1115E-04	84.000	84.000	28.000											
1.7110E+11	2.5970E+29	1.0250E-04	84.000	84.000	28.000											
1.3900E+11	2.0330E+29	8.3310E-05	82.000	82.000	28.000											
1.0760E+11	1.4950E+29	6.4550E-05	80.000	80.000	28.000											
8.3350E+10	1.1000E+29	5.0014E-05	78.000	78.000	28.000											
6.6170E+10	8.0890E+28	3.9710E-05	78.000	78.000	28.000											
5.2550E+10	5.9490E+28	3.1545E-05	78.000	78.000	28.000											
4.1720E+10	4.6280E+28	2.5060E-05	80.000	80.000	30.000											
3.3140E+10	3.4040E+28	1.9900E-05	80.000	80.000	30.000											
2.6310E+10	2.5030E+28	1.5810E-05	80.000	80.000	30.000											
2.1175E+10	1.9380E+28	1.2725E-05	78.000	78.000	30.000											
1.6600E+10	1.4250E+28	9.9810E-06	72.000	72.000	28.000											
1.2730E+10	1.0480E+28	7.6530E-06	84.000	84.000	34.000											
1.0110E+10	7.7020E+27	6.0770E-06	84.000	84.000	34.000											
8.0250E+09	5.6620E+27	4.8270E-06	84.000	84.000	34.000											
6.6020E+09	4.3620E+27	3.9710E-06	84.000	84.000	34.000											
4.0740E+09	2.3560E+27	2.4520E-06	68.000	68.000	28.000											
2.5700E+09	1.2720E+27	1.5470E-06	68.000	68.000	28.000											
1.6210E+09	6.8600E+26	9.7610E-07	68.000	68.000	28.000											
1.2880E+09	5.0360E+26	7.7530E-07	68.000	68.000	28.000											
1.0450E+09	4.1290E+26	6.2940E-07	64.000	64.000	28.000											
8.3010E+08	3.0290E+26	5.0000E-07	64.000	64.000	28.000											
5.2370E+08	1.6290E+26	3.1550E-07	64.000	64.000	28.000											
3.3040E+08	8.7380E+25	1.9900E-07	64.000	64.000	28.000											
2.6240E+08	6.6760E+25	1.5810E-07	64.000	62.000	28.000											
1.3150E+08	2.6040E+25	7.9240E-08	62.000	62.000	28.000											
6.5890E+07	1.0060E+25	3.9720E-08	62.000	62.000	28.000											
3.3020E+07	3.8330E+24	1.9900E-08	62.000	62.000	28.000											
1.6550E+07	1.4350E+24	9.9760E-09	62.000	62.000	28.000											
8.2930E+06	5.2590E+23	5.0000E-09	62.000	62.000	28.000											
6.5880E+06	3.9110E+23	3.9720E-09	56.000	56.000	26.000											
2.6220E+06	9.7550E+22	1.5810E-09	56.000	56.000	26.000											
1.0440E+06	2.3180E+22	6.2940E-10	56.000	56.000	26.000											
4.1560E+05	5.2660E+21	2.5060E-10	56.000	56.000	26.000											
1.6540E+05	1.1510E+21	9.9760E-11	56.000	56.000	26.000											
6.5870E+04	2.4310E+20	3.9720E-11	56.000	56.000	26.000											
2.6220E+04	4.9680E+19	1.5810E-11	56.000	56.000	26.000											
1.0440E+04	9.7440E+18	6.2950E-12	56.000	56.000	26.000											
1.1500E+03	1.9000E+17	6.9300E-13	56.000	56.000	26.000											
2.1200E+02	5.8200E+15	1.2700E-13	56.000	56.000	26.000											
4.5100E+01	1.7000E+14	2.7200E-14	56.000	56.000	26.000											
1.6400E+01	1.4000E+13	9.9000E-15	56.000	56.000	26.000											
1.1600E+01	1.2100E+12	6.9900E-15	56.000	56.000	26.000											
8.1500E+00	1.0100E+11	4.9100E-15	56.000	56.000	26.000											
7.9000E+00	1.0100E+10	4.7600E-15	56.000	56.000	26.000											
7.8600E+00	1.0100E+09	4.7300E-15	56.000	56.000	26.000											
7.8000E+00	1.0100E+08	4.7000E-15	56.000	56.000	26.000											

