
 EOS                                                                            

              Mstar     = 1.000E+00    Rstar     = 1.177E+06
              Mexo      = 0.000E+00    Rexo      = 0.000E+00
              Mcore     = 9.785E-01    Rcore     = 1.033E+06
              Mincrust  = 2.150E-02    Rincrust  = 8.056E+04
              Moutcrust = 4.984E-05    Routcrust = 6.305E+04

rho_cen=   0.718E+15
  icore= 401   sfn1s0=  0.                 emnco= 5.   rhoexo=   5.000E+24
  idrip= 553   sfn3p2=  0.  fn3p2= 1.00    emncr= 5.     cexo=   1.000E+25
   imax= 769   sfp1s0=  0.  fp1s0= 1.00      emp= 3.     pexo=   6.000E+00

            DUrca not possible
          e-ion bremstrahlung:  1             bubble neutrinos:  0
             plasma neutrinos:  1              neutron 1S0 pbf:  1
               pair neutrinos:  0              neutron 3P2 pbf:  1
              photo neutrinos:  0               proton 1S0 pbf:  1



    Step      Time            Teff       L_phot       L_nu        L_heat 
             [years]      at inf [K]    [erg/sec]   [erg/sec]   [erg/sec]

       1 1.000000000E-12       561412.749     1.310802568E+32 2.912184218E+29  0.00000000    
       2 2.500000000E-12       561412.749     1.310802567E+32 2.912184218E+29  0.00000000    
       3 4.750000000E-12       561412.749     1.310802567E+32 2.912184218E+29  0.00000000    
       4 8.125000000E-12       561412.749     1.310802566E+32 2.912184218E+29  0.00000000    
       5 1.318750000E-11       561412.749     1.310802566E+32 2.912184218E+29  0.00000000    
       6 2.078125000E-11       561412.749     1.310802564E+32 2.912184218E+29  0.00000000    
       7 3.217187500E-11       561412.749     1.310802563E+32 2.912184217E+29  0.00000000    
       8 4.925781250E-11       561412.749     1.310802560E+32 2.912184217E+29  0.00000000    
       9 7.488671875E-11       561412.748     1.310802556E+32 2.912184217E+29  0.00000000    
      10 1.133300781E-10       561412.747     1.310802549E+32 2.912184217E+29  0.00000000    
      11 1.709951172E-10       561412.746     1.310802540E+32 2.912184217E+29  0.00000000    
      12 2.574926758E-10       561412.745     1.310802526E+32 2.912184217E+29  0.00000000    
      13 3.872390137E-10       561412.743     1.310802505E+32 2.912184217E+29  0.00000000    
      14 5.818585205E-10       561412.739     1.310802474E+32 2.912184217E+29  0.00000000    
      15 8.737877808E-10       561412.734     1.310802427E+32 2.912184216E+29  0.00000000    
      16 1.311681671E-09       561412.727     1.310802356E+32 2.912184216E+29  0.00000000    
      17 1.968522507E-09       561412.715     1.310802250E+32 2.912184215E+29  0.00000000    
      18 2.953783760E-09       561412.698     1.310802091E+32 2.912184214E+29  0.00000000    
      19 4.431675640E-09       561412.673     1.310801852E+32 2.912184212E+29  0.00000000    
      20 6.648513460E-09       561412.635     1.310801495E+32 2.912184209E+29  0.00000000    
      21 9.973770190E-09       561412.577     1.310800958E+32 2.912184205E+29  0.00000000    
      22 1.496165529E-08       561412.491     1.310800154E+32 2.912184199E+29  0.00000000    
      23 2.244348293E-08       561412.362     1.310798948E+32 2.912184190E+29  0.00000000    
      24 3.366622439E-08       561412.168     1.310797140E+32 2.912184177E+29  0.00000000    
      25 5.050033659E-08       561411.878     1.310794431E+32 2.912184156E+29  0.00000000    
      26 7.575150488E-08       561411.444     1.310790374E+32 2.912184125E+29  0.00000000    
      27 1.136282573E-07       561410.794     1.310784301E+32 2.912184079E+29  0.00000000    
      28 1.704433860E-07       561409.822     1.310775224E+32 2.912184010E+29  0.00000000    
      29 2.556660790E-07       561408.371     1.310761677E+32 2.912183906E+29  0.00000000    
      30 3.835001185E-07       561406.212     1.310741511E+32 2.912183751E+29  0.00000000    
      31 5.752511777E-07       561403.009     1.310711601E+32 2.912183519E+29  0.00000000    
      32 8.628777665E-07       561398.284     1.310667475E+32 2.912183170E+29  0.00000000    
      33 1.294317650E-06       561391.367     1.310602878E+32 2.912182650E+29  0.00000000    
      34 1.941477475E-06       561381.350     1.310509340E+32 2.912181872E+29  0.00000000    
      35 2.912217212E-06       561367.060     1.310375913E+32 2.912180713E+29  0.00000000    
      36 4.368326818E-06       561347.075     1.310189323E+32 2.912178991E+29  0.00000000    
      37 6.552491227E-06       561319.810     1.309934797E+32 2.912176446E+29  0.00000000    
      38 9.828737841E-06       561283.677     1.309597532E+32 2.912172708E+29  0.00000000    
      39 1.474310776E-05       561237.251     1.309164299E+32 2.912167272E+29  0.00000000    
      40 2.211466264E-05       561179.373     1.308624349E+32 2.912159474E+29  0.00000000    
      41 3.317199496E-05       561109.141     1.307969370E+32 2.912148499E+29  0.00000000    
      42 4.975799344E-05       561025.900     1.307193394E+32 2.912133453E+29  0.00000000    
      43 7.463699117E-05       560929.369     1.306293954E+32 2.912113538E+29  0.00000000    
      44 1.119554877E-04       560819.961     1.305275090E+32 2.912088350E+29  0.00000000    
      45 1.679332326E-04       560699.299     1.304152125E+32 2.912058220E+29  0.00000000    
      46 2.518998499E-04       560570.926     1.302958178E+32 2.912024366E+29  0.00000000    
      47 3.778497759E-04       560441.218     1.301752652E+32 2.911988504E+29  0.00000000    
      48 5.667746649E-04       560320.554     1.300631941E+32 2.911951790E+29  0.00000000    
      49 8.501619983E-04       560224.724     1.299742392E+32 2.911913508E+29  0.00000000    
      50 1.275242998E-03       560176.515     1.299295068E+32 2.911870301E+29  0.00000000    
      51 1.912864499E-03       560207.347     1.299581136E+32 2.911816329E+29  0.00000000    
      52 2.869296749E-03       560358.782     1.300986921E+32 2.911743822E+29  0.00000000    
      53 4.303945124E-03       560684.106     1.304010773E+32 2.911643096E+29  0.00000000    
      54 6.455917688E-03       561250.447     1.309287430E+32 2.911501637E+29  0.00000000    
      55 9.038284764E-03       561963.135     1.315950354E+32 2.911340747E+29  0.00000000    
      56 1.213712525E-02       562820.660     1.324001029E+32 2.911156491E+29  0.00000000    
      57 1.585573384E-02       563828.657     1.333511552E+32 2.910944558E+29  0.00000000    
      58 2.031806415E-02       564998.109     1.344609501E+32 2.910700125E+29  0.00000000    
      59 2.567286052E-02       566345.093     1.357477901E+32 2.910417764E+29  0.00000000    
      60 3.209861616E-02       567891.593     1.372366022E+32 2.910091372E+29  0.00000000    
      61 3.980952293E-02       569667.201     1.389610420E+32 2.909714121E+29  0.00000000    
      62 4.906261106E-02       571711.749     1.409667438E+32 2.909278434E+29  0.00000000    
      63 6.016631681E-02       574078.742     1.433157961E+32 2.908776020E+29  0.00000000    
      64 7.349076371E-02       576838.995     1.460920708E+32 2.908197948E+29  0.00000000    
      65 8.948009999E-02       580082.736     1.494059737E+32 2.907534823E+29  0.00000000    
      66 0.108667304           583917.246     1.533957793E+32 2.906777042E+29  0.00000000    
      67 0.131691948           588456.789     1.582218689E+32 2.905915173E+29  0.00000000    
      68 0.159321521           593803.450     1.640510695E+32 2.904940448E+29  0.00000000    
      69 0.192477009           600021.452     1.710311870E+32 2.903845367E+29  0.00000000    
      70 0.232263594           607111.690     1.792596654E+32 2.902624367E+29  0.00000000    
      71 0.280007496           614994.958     1.887532429E+32 2.901274469E+29  0.00000000    
      72 0.337300179           623510.200     1.994263085E+32 2.899795796E+29  0.00000000    
      73 0.406051398           632429.240     2.110843144E+32 2.898191818E+29  0.00000000    
      74 0.488552861           641484.432     2.234357616E+32 2.896469254E+29  0.00000000    
      75 0.587554617           650402.772     2.361226962E+32 2.894637662E+29  0.00000000    
      76 0.706356724           658939.634     2.487658272E+32 2.892708908E+29  0.00000000    
      77 0.848919253           666906.552     2.610166053E+32 2.890696858E+29  0.00000000    
      78  1.01999429           674188.821     2.726053579E+32 2.888617607E+29  0.00000000    
      79  1.22528433           680749.844     2.833729557E+32 2.886490425E+29  0.00000000    
      80  1.47163238           686620.665     2.932754289E+32 2.884339252E+29  0.00000000    
      81  1.76725004           691876.045     3.023579391E+32 2.882194263E+29  0.00000000    
      82  2.12199123           696602.684     3.107053791E+32 2.880092691E+29  0.00000000    
      83  2.54768065           700868.848     3.183869276E+32 2.878078105E+29  0.00000000    
      84  3.05850797           704705.170     3.254153465E+32 2.876197503E+29  0.00000000    
      85  3.67150075           708102.484     3.317360514E+32 2.874496194E+29  0.00000000    
      86  4.40709208           711026.017     3.372486101E+32 2.873011147E+29  0.00000000    
      87  5.28980168           713439.167     3.418503202E+32 2.871764251E+29  0.00000000    
      88  6.34905320           715327.248     3.454834699E+32 2.870757343E+29  0.00000000    
      89  7.62015502           716712.579     3.481675627E+32 2.869970713E+29  0.00000000    
      90  9.14547721           717656.234     3.500048370E+32 2.869365942E+29  0.00000000    
      91  10.9758638           718247.074     3.511588845E+32 2.868892549E+29  0.00000000    
      92  13.1723278           718583.436     3.518171518E+32 2.868496447E+29  0.00000000    
      93  15.8080845           718755.052     3.521533641E+32 2.868127496E+29  0.00000000    
      94  18.9709926           718831.385     3.523029834E+32 2.867743943E+29  0.00000000    
      95  22.7664823           718858.538     3.523562182E+32 2.867313071E+29  0.00000000    
      96  27.3210700           718862.807     3.523645884E+32 2.866808974E+29  0.00000000    
      97  32.7865751           718857.013     3.523532276E+32 2.866209133E+29  0.00000000    
      98  39.3451814           718846.389     3.523323987E+32 2.865491159E+29  0.00000000    
      99  47.2155088           718832.571     3.523053084E+32 2.864630317E+29  0.00000000    
     100  56.6599018           718815.720     3.522722757E+32 2.863597779E+29  0.00000000    
     101  67.9931733           718795.442     3.522325270E+32 2.862359262E+29  0.00000000    
     102  81.5930991           718771.099     3.521848136E+32 2.860873771E+29  0.00000000    
     103  97.9130101           718741.887     3.521275629E+32 2.859092224E+29  0.00000000    
     104  117.496903           718706.833     3.520588743E+32 2.856955867E+29  0.00000000    
     105  140.997575           718664.772     3.519764659E+32 2.854394395E+29  0.00000000    
     106  169.198381           718614.301     3.518776019E+32 2.851323732E+29  0.00000000    
     107  203.039349           718553.742     3.517590026E+32 2.847643401E+29  0.00000000    
     108  243.648510           718481.078     3.516167375E+32 2.843233421E+29  0.00000000    
     109  292.379503           718393.892     3.514460969E+32 2.837950674E+29  0.00000000    
     110  350.856695           718289.284     3.512414401E+32 2.831624639E+29  0.00000000    
     111  421.029325           718163.777     3.509960129E+32 2.824052450E+29  0.00000000    
     112  505.236481           718013.199     3.507017317E+32 2.814993181E+29  0.00000000    
     113  606.285069           717832.551     3.503489275E+32 2.804161321E+29  0.00000000    
     114  727.543373           717615.840     3.499260417E+32 2.791219398E+29  0.00000000    
     115  873.053339           717355.880     3.494192682E+32 2.775769781E+29  0.00000000    
     116  1047.66530           717044.065     3.488121313E+32 2.757345756E+29  0.00000000    
     117  1257.19965           716670.082     3.480849921E+32 2.735402105E+29  0.00000000    
     118  1508.64087           716221.584     3.472144728E+32 2.709305587E+29  0.00000000    
     119  1810.37034           715683.793     3.461727915E+32 2.678325990E+29  0.00000000    
     120  2172.44569           715039.028     3.449269977E+32 2.641628801E+29  0.00000000    
     121  2606.93612           714266.152     3.434381057E+32 2.598271018E+29  0.00000000    
     122  3128.32464           713339.913     3.416601257E+32 2.547202299E+29  0.00000000    
     123  3753.99086           712230.170     3.395390003E+32 2.487274467E+29  0.00000000    
     124  4169.36289           711493.894     3.381371656E+32 2.448257889E+29  0.00000000    
     125  4446.27758           711003.252     3.372054210E+32 2.422582279E+29  0.00000000    
     126  4630.88737           710676.251     3.365855052E+32 2.405612694E+29  0.00000000    
     127  4753.96056           710458.291     3.361727816E+32 2.394364720E+29  0.00000000    
     128  4836.00936           710313.004     3.358978784E+32 2.386894858E+29  0.00000000    
     129  4890.70855           710216.153     3.357147187E+32 2.381927703E+29  0.00000000    
     130  4927.17469           710151.590     3.355926608E+32 2.378621923E+29  0.00000000    
     131  4951.48544           710108.550     3.355113104E+32 2.376420580E+29  0.00000000    
     132  4967.69261           710079.857     3.354570864E+32 2.374954132E+29  0.00000000    
     133  4978.49739           710060.728     3.354209413E+32 2.373976996E+29  0.00000000    
     134  4985.70058           710047.976     3.353968465E+32 2.373325791E+29  0.00000000    
     135  4990.50270           710039.475     3.353807841E+32 2.372891753E+29  0.00000000    
     136  4993.70412           710033.807     3.353700762E+32 2.372602437E+29  0.00000000    
     137  4995.83839           710030.029     3.353629378E+32 2.372409579E+29  0.00000000    
     138  4997.26125           710027.510     3.353581789E+32 2.372281016E+29  0.00000000    
     139  4998.20981           710025.831     3.353550064E+32 2.372195311E+29  0.00000000    
     140  4998.84219           710024.711     3.353528914E+32 2.372138176E+29  0.00000000    
     141  4999.26378           710023.965     3.353514814E+32 2.372100087E+29  0.00000000    
     142  4999.54484           710023.467     3.353505414E+32 2.372074694E+29  0.00000000    
     143  4999.73221           710023.136     3.353499147E+32 2.372057766E+29  0.00000000    
     144  4999.85712           710022.915     3.353494969E+32 2.372046481E+29  0.00000000    
     145  4999.94040           710022.767     3.353492184E+32 2.372038957E+29  0.00000000    
     146  4999.99591           710022.669     3.353490327E+32 2.372033941E+29  0.00000000    
     147  5000.03293           710022.603     3.353489089E+32 2.372030598E+29  0.00000000    
     148  5000.05760           710022.560     3.353488264E+32 2.372028368E+29  0.00000000    
     149  5000.07405           710022.531     3.353487714E+32 2.372026882E+29  0.00000000    
     150  5000.08502           710022.511     3.353487347E+32 2.372025892E+29  0.00000000    
     151  5000.09233           710022.498     3.353487103E+32 2.372025231E+29  0.00000000    
     152  5000.09720           710022.490     3.353486940E+32 2.372024791E+29  0.00000000    
     153  5000.10045           710022.484     3.353486831E+32 2.372024497E+29  0.00000000    
     154  5000.10262           710022.480     3.353486759E+32 2.372024301E+29  0.00000000    
     155  5000.10406           710022.477     3.353486710E+32 2.372024171E+29  0.00000000    
     156  5000.10502           710022.476     3.353486678E+32 2.372024084E+29  0.00000000    
     157  5000.10567           710022.475     3.353486657E+32 2.372024026E+29  0.00000000    
     158  5000.10609           710022.474     3.353486642E+32 2.372023987E+29  0.00000000    
     159  5000.10638           710022.473     3.353486633E+32 2.372023962E+29  0.00000000    
     160  5000.10657           710022.473     3.353486626E+32 2.372023944E+29  0.00000000    
     161  5000.10670           710022.473     3.353486622E+32 2.372023933E+29  0.00000000    
     162  5000.10680           710022.473     3.353486619E+32 2.372023924E+29  0.00000000    
     163  5000.10690           710022.472     3.353486615E+32 2.372024293E+29 1.678614563E+35
     164  5000.10700           710022.472     3.353486612E+32 2.372024666E+29 1.678614563E+35
     165  5000.10712           710022.472     3.353486608E+32 2.372025117E+29 1.678614563E+35
     166  5000.10726           710022.472     3.353486606E+32 2.372025664E+29 1.678614563E+35
     167  5000.10743           710022.473     3.353486627E+32 2.372026323E+29 1.678614563E+35
     168  5000.10764           710022.484     3.353486839E+32 2.372027118E+29 1.678614563E+35
     169  5000.10789           710022.558     3.353488234E+32 2.372028075E+29 1.678614563E+35
     170  5000.10819           710022.937     3.353495400E+32 2.372029229E+29 1.678614563E+35
     171  5000.10855           710024.531     3.353525502E+32 2.372030616E+29 1.678614563E+35
     172  5000.10898           710030.133     3.353631336E+32 2.372032286E+29 1.678614563E+35
     173  5000.10949           710046.943     3.353948935E+32 2.372034295E+29 1.678614563E+35
     174  5000.11011           710090.741     3.354776555E+32 2.372036710E+29 1.678614563E+35
     175  5000.11085           710191.375     3.356678701E+32 2.372039615E+29 1.678614563E+35
     176  5000.11175           710398.152     3.360589693E+32 2.372043108E+29 1.678614563E+35
     177  5000.11282           710782.985     3.367877537E+32 2.372047307E+29 1.678614563E+35
     178  5000.11410           711439.202     3.380332096E+32 2.372052356E+29 1.678614563E+35
     179  5000.11564           712475.116     3.400063295E+32 2.372058427E+29 1.678614563E+35
     180  5000.11749           714003.113     3.429324808E+32 2.372065730E+29 1.678614563E+35
     181  5000.11971           716126.503     3.470301333E+32 2.372074518E+29 1.678614563E+35
     182  5000.12237           718926.964     3.524903964E+32 2.372085096E+29 1.678614563E+35
     183  5000.12557           722455.142     3.594609733E+32 2.372097835E+29 1.678614563E+35
     184  5000.12940           726726.016     3.680366163E+32 2.372113183E+29 1.678614563E+35
     185  5000.13400           731719.538     3.782568524E+32 2.372131679E+29 1.678614563E+35
     186  5000.13952           737386.188     3.901109978E+32 2.372153977E+29 1.678614563E+35
     187  5000.14615           743656.383     4.035500808E+32 2.372180876E+29 1.678614563E+35
     188  5000.15410           750452.173     4.185046404E+32 2.372213351E+29 1.678614563E+35
     189  5000.16363           757699.212     4.349061421E+32 2.372252612E+29 1.678614563E+35
     190  5000.17508           765336.744     4.527083010E+32 2.372300175E+29 1.678614563E+35
     191  5000.18882           773323.780     4.719040011E+32 2.372357971E+29 1.678614563E+35
     192  5000.20530           781640.612     4.925345077E+32 2.372428489E+29 1.678614563E+35
     193  5000.22509           790286.007     5.146895699E+32 2.372514999E+29 1.678614563E+35
     194  5000.24882           799271.221     5.384990006E+32 2.372621868E+29 1.678614563E+35
     195  5000.27731           808612.458     5.641179405E+32 2.372755064E+29 1.678614563E+35
     196  5000.31149           818323.057     5.917078767E+32 2.372922969E+29 1.678614563E+35
     197  5000.35251           828405.895     6.214138417E+32 2.373137735E+29 1.678614563E+35
     198  5000.40174           838848.880     6.533458184E+32 2.373417528E+29 1.678614563E+35
     199  5000.46080           849624.966     6.875705411E+32 2.373790064E+29 1.678614563E+35
     200  5000.53169           860697.070     7.241182575E+32 2.374297831E+29 1.678614563E+35
     201  5000.61674           872026.448     7.630040231E+32 2.375005214E+29 1.678614563E+35
     202  5000.71881           883581.273     8.042558167E+32 2.376007456E+29 1.678614563E+35
     203  5000.84130           895341.736     8.479368643E+32 2.377441120E+29 1.678614563E+35
     204  5000.98828           907299.396     8.941506300E+32 2.379495529E+29 1.678614563E+35
     205  5001.16465           919451.017     9.430236616E+32 2.382424751E+29 1.678614563E+35
     206  5001.37631           931789.198     9.946696906E+32 2.386559889E+29 1.678614563E+35
     207  5001.63029           944292.760     1.049143367E+33 2.392321605E+29 1.678614563E+35
     208  5001.93507           956919.052     1.106391944E+33 2.400232884E+29 1.678614563E+35
     209  5002.30080           969598.943     1.166209926E+33 2.410931860E+29 1.678614563E+35
     210  5002.73968           982234.346     1.228198788E+33 2.425184565E+29 1.678614563E+35
     211  5003.26634           994697.996     1.291734237E+33 2.443897790E+29 1.678614563E+35
     212  5003.89833           1006835.87     1.355947650E+33 2.468133486E+29 1.678614563E+35
     213  5004.65671           1018473.43     1.419734111E+33 2.499128360E+29 1.678614563E+35
     214  5005.56678           1029427.03     1.481802991E+33 2.538325710E+29 1.678614563E+35
     215  5006.65885           1039521.30     1.540784050E+33 2.587430475E+29 1.678614563E+35
     216  5007.96934           1048611.68     1.595390366E+33 2.648501787E+29 1.678614563E+35
     217  5009.54193           1056609.07     1.644619908E+33 2.724098411E+29 1.678614563E+35
     218  5010.56369           1060859.77     1.671245025E+33 2.774367771E+29 1.678614563E+35
     219  5011.24487           1063344.63     1.686958392E+33 2.808348763E+29 1.678614563E+35
     220  5011.69898           1064864.04     1.696621041E+33 2.831203222E+29 1.678614563E+35
     221  5012.00173           1065820.81     1.702726811E+33 2.846526867E+29 1.678614563E+35
     222  5012.20356           1066435.00     1.706655107E+33 2.856781010E+29 1.678614563E+35
     223  5012.33811           1066834.33     1.709212798E+33 2.863634049E+29 1.678614563E+35
     224  5012.42781           1067096.16     1.710891327E+33 2.868210242E+29 1.678614563E+35
     225  5012.48761           1067268.78     1.711998696E+33 2.871264361E+29 1.678614563E+35
     226  5012.52748           1067383.02     1.712731815E+33 2.873301915E+29 1.678614563E+35
     227  5012.55406           1067458.81     1.713218296E+33 2.874660939E+29 1.678614563E+35
     228  5012.57178           1067509.17     1.713541616E+33 2.875567247E+29 1.678614563E+35
     229  5012.58359           1067542.67     1.713756718E+33 2.876171581E+29 1.678614563E+35
     230  5012.59147           1067564.97     1.713899922E+33 2.876574527E+29 1.678614563E+35
     231  5012.59672           1067579.82     1.713995305E+33 2.876843184E+29 1.678614563E+35
     232  5012.60022           1067589.72     1.714058854E+33 2.877022300E+29 1.678614563E+35
     233  5012.60255           1067596.31     1.714101203E+33 2.877141715E+29 1.678614563E+35
     234  5012.60411           1067600.71     1.714129428E+33 2.877221328E+29 1.678614563E+35
     235  5012.60514           1067603.64     1.714148241E+33 2.877274404E+29 1.678614563E+35
     236  5012.60583           1067605.59     1.714160782E+33 2.877309788E+29 1.678614563E+35
     237  5012.60630           1067606.89     1.714169142E+33 2.877333378E+29 1.678614563E+35
     238  5012.60660           1067607.76     1.714174715E+33 2.877349105E+29 1.678614563E+35
     239  5012.60681           1067608.34     1.714178430E+33 2.877359589E+29 1.678614563E+35
     240  5012.60694           1067608.72     1.714180906E+33 2.877366579E+29 1.678614563E+35
     241  5012.60704           1067609.01     1.714182720E+33 2.877371697E+29 1.678614563E+35
     242  5012.60714           1067609.29     1.714184533E+33 2.877376816E+29 1.678614563E+35
     243  5012.60724           1067609.57     1.714186347E+33 2.877376517E+29  0.00000000    
     244  5012.60736           1067609.91     1.714188523E+33 2.877376175E+29  0.00000000    
     245  5012.60751           1067610.32     1.714191134E+33 2.877375775E+29  0.00000000    
     246  5012.60768           1067610.80     1.714194266E+33 2.877375304E+29  0.00000000    
     247  5012.60789           1067611.39     1.714198009E+33 2.877374748E+29  0.00000000    
     248  5012.60814           1067612.07     1.714202390E+33 2.877374100E+29  0.00000000    
     249  5012.60844           1067612.79     1.714207040E+33 2.877373353E+29  0.00000000    
     250  5012.60879           1067613.25     1.714209966E+33 2.877372504E+29  0.00000000    
     251  5012.60922           1067612.33     1.714204082E+33 2.877371560E+29  0.00000000    
     252  5012.60974           1067606.93     1.714169404E+33 2.877370531E+29  0.00000000    
     253  5012.61036           1067589.76     1.714059141E+33 2.877369442E+29  0.00000000    
     254  5012.61110           1067546.32     1.713780170E+33 2.877368329E+29  0.00000000    
     255  5012.61199           1067451.66     1.713172372E+33 2.877367250E+29  0.00000000    
     256  5012.61306           1067268.19     1.711994910E+33 2.877366290E+29  0.00000000    
     257  5012.61435           1066945.90     1.709927856E+33 2.877365570E+29  0.00000000    
     258  5012.61589           1066425.40     1.706593621E+33 2.877365262E+29  0.00000000    
     259  5012.61774           1065643.79     1.701595917E+33 2.877365607E+29  0.00000000    
     260  5012.61996           1064541.75     1.694567944E+33 2.877366937E+29  0.00000000    
     261  5012.62262           1063070.39     1.685218788E+33 2.877369707E+29  0.00000000    
     262  5012.62581           1061196.56     1.673368283E+33 2.877374536E+29  0.00000000    
     263  5012.62965           1058905.57     1.658964630E+33 2.877382258E+29  0.00000000    
     264  5012.63425           1056201.47     1.642083641E+33 2.877393998E+29  0.00000000    
     265  5012.63977           1053105.03     1.622911940E+33 2.877411266E+29  0.00000000    
     266  5012.64639           1049649.89     1.601717996E+33 2.877436092E+29  0.00000000    
     267  5012.65434           1045877.38     1.578815129E+33 2.877471215E+29  0.00000000    
     268  5012.66388           1041830.52     1.554520681E+33 2.877520333E+29  0.00000000    
     269  5012.67533           1037547.72     1.529116299E+33 2.877588433E+29  0.00000000    
     270  5012.68907           1033057.17     1.502815354E+33 2.877682215E+29  0.00000000    
     271  5012.70555           1028372.98     1.475743328E+33 2.877810583E+29  0.00000000    
     272  5012.72533           1023493.69     1.447934349E+33 2.877985223E+29  0.00000000    
     273  5012.74907           1018403.19     1.419342461E+33 2.878221214E+29  0.00000000    
     274  5012.77756           1013073.30     1.389862004E+33 2.878537692E+29  0.00000000    
     275  5012.81174           1007466.93     1.359350335E+33 2.878958511E+29  0.00000000    
     276  5012.85276           1001540.96     1.327648340E+33 2.879512923E+29  0.00000000    
     277  5012.90198           995248.849     1.294598012E+33 2.880236230E+29  0.00000000    
     278  5012.96105           988543.135     1.260058466E+33 2.881170391E+29  0.00000000    
     279  5013.03193           981377.773     1.223920105E+33 2.882364515E+29  0.00000000    
     280  5013.11699           973709.299     1.186111374E+33 2.883875245E+29  0.00000000    
     281  5013.21906           965494.174     1.146586514E+33 2.885767082E+29  0.00000000    
     282  5013.34155           956678.841     1.105281433E+33 2.888112820E+29  0.00000000    
     283  5013.48853           947180.160     1.062034364E+33 2.890994218E+29  0.00000000    
     284  5013.66490           936857.936     1.016490114E+33 2.894502589E+29  0.00000000    
     285  5013.87655           925487.760     9.680346833E+32 2.898738004E+29  0.00000000    
     286  5014.13054           912748.867     9.158269301E+32 2.903804116E+29  0.00000000    
     287  5014.43531           898245.951     8.589923027E+32 2.909793726E+29  0.00000000    
     288  5014.80105           881584.975     7.970121054E+32 2.916759618E+29  0.00000000    
     289  5015.23993           862519.488     7.302706813E+32 2.924668518E+29  0.00000000    
     290  5015.76659           841166.301     6.605955771E+32 2.933346266E+29  0.00000000    
     291  5016.39857           818235.996     5.914561127E+32 2.942438330E+29  0.00000000    
     292  5017.15696           795129.216     5.274229746E+32 2.951420985E+29  0.00000000    
     293  5018.06702           773703.040     4.728304241E+32 2.959687427E+29  0.00000000    
     294  5019.15910           755675.920     4.302793777E+32 2.966693789E+29  0.00000000    
     295  5020.46959           741994.727     3.999553165E+32 2.972104977E+29  0.00000000    
     296  5022.04218           732625.489     3.801336335E+32 2.975868374E+29  0.00000000    
     297  5023.92929           726820.159     3.682273630E+32 2.978181882E+29  0.00000000    
     298  5026.19382           723561.322     3.616675753E+32 2.979384147E+29  0.00000000    
     299  5028.91125           721906.632     3.583705604E+32 2.979830668E+29  0.00000000    
     300  5032.17217           721149.185     3.568688717E+32 2.979808585E+29  0.00000000    
     301  5036.08528           720836.659     3.562506444E+32 2.979506302E+29  0.00000000    
     302  5040.78100           720718.304     3.560167294E+32 2.979023719E+29  0.00000000    
     303  5046.41588           720673.444     3.559281004E+32 2.978399109E+29  0.00000000    
     304  5053.17772           720651.730     3.558852055E+32 2.977634640E+29  0.00000000    
     305  5061.29194           720634.881     3.558519237E+32 2.976713207E+29  0.00000000    
     306  5071.02900           720616.939     3.558164852E+32 2.975606799E+29  0.00000000    
     307  5082.71347           720595.892     3.557749174E+32 2.974279439E+29  0.00000000    
     308  5096.73483           720570.723     3.557252153E+32 2.972687365E+29  0.00000000    
     309  5113.56047           720540.536     3.556656088E+32 2.970778021E+29  0.00000000    
     310  5133.75123           720504.315     3.555940979E+32 2.968488465E+29  0.00000000    
     311  5157.98015           720460.853     3.555083047E+32 2.965743381E+29  0.00000000    
     312  5187.05485           720408.701     3.554053807E+32 2.962452710E+29  0.00000000    
     313  5221.94450           720346.125     3.552819122E+32 2.958508837E+29  0.00000000    
     314  5263.81207           720271.042     3.551338078E+32 2.953783283E+29  0.00000000    
     315  5314.05315           720180.953     3.549561659E+32 2.948122815E+29  0.00000000    
     316  5374.34245           720072.863     3.547431155E+32 2.941344908E+29  0.00000000    
     317  5446.68961           719943.178     3.544876275E+32 2.933232469E+29  0.00000000    
     318  5533.50621           719787.589     3.541812901E+32 2.923527768E+29  0.00000000    
     319  5637.68612           719600.931     3.538140425E+32 2.911925498E+29  0.00000000    
     320  5762.70202           719377.011     3.533738592E+32 2.898064968E+29  0.00000000    
     321  5912.72109           719108.407     3.528463784E+32 2.881521442E+29  0.00000000    
     322  6092.74398           718786.227     3.522144640E+32 2.861796758E+29  0.00000000    
     323  6308.77145           718399.819     3.514576944E+32 2.838309478E+29  0.00000000    
     324  6568.00441           717936.428     3.505517659E+32 2.810385045E+29  0.00000000    
     325  6879.08396           717380.790     3.494678048E+32 2.777246671E+29  0.00000000    
     326  7252.37942           716714.646     3.481715780E+32 2.738008150E+29  0.00000000    
     327  7700.33398           715916.166     3.466226005E+32 2.691670251E+29  0.00000000    
     328  8237.87944           714959.277     3.447731392E+32 2.637123145E+29  0.00000000    
     329  8882.93400           713812.864     3.425671242E+32 2.573158126E+29  0.00000000    
     330  9656.99947           712439.838     3.399389933E+32 2.498492982E+29  0.00000000    
     331  10585.8780           710796.049     3.368125148E+32 2.411816406E+29  0.00000000    
     332  11700.5323           708829.036     3.330996662E+32 2.311857838E+29  0.00000000    
     333  13038.1175           706476.588     3.286996922E+32 2.197489472E+29  0.00000000    
     334  14643.2196           703665.122     3.234985221E+32 2.067866488E+29  0.00000000    
     335  16569.3422           700307.877     3.173688107E+32 1.922608632E+29  0.00000000    
     336  18880.6893           696302.953     3.101709687E+32 1.762020142E+29  0.00000000    
     337  21654.3059           691531.249     3.017556701E+32 1.587334141E+29  0.00000000    
     338  24982.6457           685854.412     2.919684653E+32 1.400951269E+29  0.00000000    
     339  28976.6535           679112.959     2.806572538E+32 1.206621204E+29  0.00000000    
     340  33769.4629           671124.870     2.676834556E+32 1.009493653E+29  0.00000000    
     341  39520.8341           661685.061     2.529376725E+32 8.159514283E+28  0.00000000    
     342  46422.4796           650566.368     2.363603541E+32 6.331470508E+28  0.00000000    
     343  54704.4542           637522.887     2.179672882E+32 4.682134807E+28  0.00000000    
     344  64642.8238           622296.814     1.978784541E+32 3.272196675E+28  0.00000000    
     345  76568.8672           604630.164     1.763467412E+32 2.140791972E+28  0.00000000    
     346  90880.1193           584282.848     1.537803158E+32 1.297415935E+28  0.00000000    
     347  108053.622           561058.303     1.307495415E+32 7.201092615E+27  0.00000000    
