
 EOS                                                                            

              Mstar     = 1.000E+00    Rstar     = 1.177E+06
              Mexo      = 0.000E+00    Rexo      = 0.000E+00
              Mcore     = 9.785E-01    Rcore     = 1.033E+06
              Mincrust  = 2.150E-02    Rincrust  = 8.056E+04
              Moutcrust = 4.984E-05    Routcrust = 6.305E+04

rho_cen=   0.718E+15
  icore= 401   sfn1s0=  0.                 emnco= 5.   rhoexo=   5.000E+24
  idrip= 553   sfn3p2=  0.  fn3p2= 1.00    emncr= 5.     cexo=   1.000E+25
   imax= 769   sfp1s0=  0.  fp1s0= 1.00      emp= 3.     pexo=   6.000E+00

            DUrca not possible
          e-ion bremstrahlung:  1             bubble neutrinos:  0
             plasma neutrinos:  1              neutron 1S0 pbf:  1
               pair neutrinos:  0              neutron 3P2 pbf:  1
              photo neutrinos:  0               proton 1S0 pbf:  1



    Step      Time            Teff       L_phot       L_nu        L_heat 
             [years]      at inf [K]    [erg/sec]   [erg/sec]   [erg/sec]

       1 1.000000000E-12       554817.266     1.250282269E+32 2.493194979E+29  0.00000000    
       2 2.500000000E-12       554817.266     1.250282269E+32 2.493194979E+29  0.00000000    
       3 4.750000000E-12       554817.266     1.250282268E+32 2.493194979E+29  0.00000000    
       4 8.125000000E-12       554817.266     1.250282268E+32 2.493194979E+29  0.00000000    
       5 1.318750000E-11       554817.266     1.250282267E+32 2.493194979E+29  0.00000000    
       6 2.078125000E-11       554817.266     1.250282266E+32 2.493194979E+29  0.00000000    
       7 3.217187500E-11       554817.266     1.250282264E+32 2.493194979E+29  0.00000000    
       8 4.925781250E-11       554817.266     1.250282262E+32 2.493194979E+29  0.00000000    
       9 7.488671875E-11       554817.265     1.250282258E+32 2.493194979E+29  0.00000000    
      10 1.133300781E-10       554817.265     1.250282253E+32 2.493194979E+29  0.00000000    
      11 1.709951172E-10       554817.264     1.250282244E+32 2.493194979E+29  0.00000000    
      12 2.574926758E-10       554817.262     1.250282232E+32 2.493194979E+29  0.00000000    
      13 3.872390137E-10       554817.260     1.250282213E+32 2.493194979E+29  0.00000000    
      14 5.818585205E-10       554817.257     1.250282184E+32 2.493194979E+29  0.00000000    
      15 8.737877808E-10       554817.252     1.250282142E+32 2.493194978E+29  0.00000000    
      16 1.311681671E-09       554817.245     1.250282078E+32 2.493194978E+29  0.00000000    
      17 1.968522507E-09       554817.235     1.250281982E+32 2.493194977E+29  0.00000000    
      18 2.953783760E-09       554817.219     1.250281839E+32 2.493194976E+29  0.00000000    
      19 4.431675640E-09       554817.195     1.250281624E+32 2.493194975E+29  0.00000000    
      20 6.648513460E-09       554817.159     1.250281301E+32 2.493194972E+29  0.00000000    
      21 9.973770190E-09       554817.105     1.250280817E+32 2.493194969E+29  0.00000000    
      22 1.496165529E-08       554817.025     1.250280092E+32 2.493194963E+29  0.00000000    
      23 2.244348293E-08       554816.904     1.250279004E+32 2.493194955E+29  0.00000000    
      24 3.366622439E-08       554816.723     1.250277373E+32 2.493194943E+29  0.00000000    
      25 5.050033659E-08       554816.452     1.250274929E+32 2.493194925E+29  0.00000000    
      26 7.575150488E-08       554816.046     1.250271269E+32 2.493194897E+29  0.00000000    
      27 1.136282573E-07       554815.438     1.250265792E+32 2.493194856E+29  0.00000000    
      28 1.704433860E-07       554814.530     1.250257604E+32 2.493194795E+29  0.00000000    
      29 2.556660790E-07       554813.174     1.250245385E+32 2.493194703E+29  0.00000000    
      30 3.835001185E-07       554811.156     1.250227195E+32 2.493194565E+29  0.00000000    
      31 5.752511777E-07       554808.164     1.250200218E+32 2.493194358E+29  0.00000000    
      32 8.628777665E-07       554803.748     1.250160421E+32 2.493194048E+29  0.00000000    
      33 1.294317650E-06       554797.285     1.250102170E+32 2.493193586E+29  0.00000000    
      34 1.941477475E-06       554787.928     1.250017833E+32 2.493192894E+29  0.00000000    
      35 2.912217212E-06       554774.582     1.249897558E+32 2.493191865E+29  0.00000000    
      36 4.368326818E-06       554755.924     1.249729417E+32 2.493190336E+29  0.00000000    
      37 6.552491227E-06       554730.481     1.249500164E+32 2.493188077E+29  0.00000000    
      38 9.828737841E-06       554696.784     1.249196590E+32 2.493184762E+29  0.00000000    
      39 1.474310776E-05       554653.529     1.248806992E+32 2.493179945E+29  0.00000000    
      40 2.211466264E-05       554599.673     1.248322032E+32 2.493173047E+29  0.00000000    
      41 3.317199496E-05       554534.433     1.247734753E+32 2.493163359E+29  0.00000000    
      42 4.975799344E-05       554457.287     1.247040569E+32 2.493150116E+29  0.00000000    
      43 7.463699117E-05       554368.104     1.246238427E+32 2.493132655E+29  0.00000000    
      44 1.119554877E-04       554267.461     1.245333679E+32 2.493110676E+29  0.00000000    
      45 1.679332326E-04       554157.152     1.244342602E+32 2.493084535E+29  0.00000000    
      46 2.518998499E-04       554040.878     1.243298571E+32 2.493055339E+29  0.00000000    
      47 3.778497759E-04       553925.149     1.242260084E+32 2.493024560E+29  0.00000000    
      48 5.667746649E-04       553820.424     1.241320912E+32 2.492993084E+29  0.00000000    
      49 8.501619983E-04       553742.496     1.240622387E+32 2.492960106E+29  0.00000000    
      50 1.275242998E-03       553714.046     1.240367453E+32 2.492922540E+29  0.00000000    
      51 1.912864499E-03       553766.262     1.240835391E+32 2.492875215E+29  0.00000000    
      52 2.869296749E-03       553940.348     1.242396441E+32 2.492811341E+29  0.00000000    
      53 4.303945124E-03       554289.137     1.245528494E+32 2.492722450E+29  0.00000000    
      54 6.455917688E-03       554879.290     1.250841447E+32 2.492597537E+29  0.00000000    
      55 9.038284764E-03       555612.139     1.257462672E+32 2.492455429E+29  0.00000000    
      56 1.213712525E-02       556487.375     1.265404756E+32 2.492292655E+29  0.00000000    
      57 1.585573384E-02       557511.533     1.274745895E+32 2.492105409E+29  0.00000000    
      58 2.031806415E-02       558696.400     1.285617248E+32 2.491889435E+29  0.00000000    
      59 2.567286052E-02       560058.926     1.298204450E+32 2.491639951E+29  0.00000000    
      60 3.209861616E-02       561622.184     1.312759638E+32 2.491351583E+29  0.00000000    
      61 3.980952293E-02       563417.255     1.329623773E+32 2.491018331E+29  0.00000000    
      62 4.906261106E-02       565486.064     1.349260557E+32 2.490633557E+29  0.00000000    
      63 6.016631681E-02       567885.008     1.372302372E+32 2.490190013E+29  0.00000000    
      64 7.349076371E-02       570688.580     1.399603200E+32 2.489679932E+29  0.00000000    
      65 8.948009999E-02       573991.023     1.432282221E+32 2.489095182E+29  0.00000000    
      66 0.108667304           577902.866     1.471728133E+32 2.488427515E+29  0.00000000    
      67 0.131691948           582539.194     1.519528327E+32 2.487668908E+29  0.00000000    
      68 0.159321521           587998.853     1.577299311E+32 2.486812010E+29  0.00000000    
      69 0.192477009           594337.990     1.646425803E+32 2.485850681E+29  0.00000000    
      70 0.232263594           601545.316     1.727752769E+32 2.484780567E+29  0.00000000    
      71 0.280007496           609527.526     1.821300016E+32 2.483599648E+29  0.00000000    
      72 0.337300179           618110.509     1.926072853E+32 2.482308644E+29  0.00000000    
      73 0.406051398           627056.816     2.040026318E+32 2.480911175E+29  0.00000000    
      74 0.488552861           636095.061     2.160211600E+32 2.479413613E+29  0.00000000    
      75 0.587554617           644954.527     2.283098146E+32 2.477824700E+29  0.00000000    
      76 0.706356724           653398.252     2.405027642E+32 2.476155114E+29  0.00000000    
      77 0.848919253           661249.249     2.522719512E+32 2.474417287E+29  0.00000000    
      78  1.01999429           668405.859     2.633717520E+32 2.472625731E+29  0.00000000    
      79  1.22528433           674843.404     2.736656129E+32 2.470797958E+29  0.00000000    
      80  1.47163238           680601.052     2.831252891E+32 2.468955813E+29  0.00000000    
      81  1.76725004           685756.046     2.918010035E+32 2.467126692E+29  0.00000000    
      82  2.12199123           690391.728     2.997716200E+32 2.465343987E+29  0.00000000    
      83  2.54768065           694568.934     3.070927889E+32 2.463646044E+29  0.00000000    
      84  3.05850797           698310.026     3.137626965E+32 2.462073208E+29  0.00000000    
      85  3.67150075           701600.197     3.197179417E+32 2.460663062E+29  0.00000000    
      86  4.40709208           704404.059     3.248595206E+32 2.459444599E+29  0.00000000    
      87  5.28980168           706689.914     3.290968841E+32 2.458432689E+29  0.00000000    
      88  6.34905320           708452.023     3.323915531E+32 2.457624445E+29  0.00000000    
      89  7.62015502           709722.874     3.347830105E+32 2.456998832E+29  0.00000000    
      90  9.14547721           710571.807     3.363876841E+32 2.456519997E+29  0.00000000    
      91  10.9758638           711091.799     3.373734312E+32 2.456143532E+29  0.00000000    
      92  13.1723278           711380.588     3.379218231E+32 2.455823742E+29  0.00000000    
      93  15.8080845           711523.725     3.381938780E+32 2.455519592E+29  0.00000000    
      94  18.9709926           711584.968     3.383103318E+32 2.455197710E+29  0.00000000    
      95  22.7664823           711605.109     3.383486354E+32 2.454832241E+29  0.00000000    
      96  27.3210700           711606.561     3.383513961E+32 2.454402566E+29  0.00000000    
      97  32.7865751           711599.828     3.383385907E+32 2.453890344E+29  0.00000000    
      98  39.3451814           711588.995     3.383179897E+32 2.453276890E+29  0.00000000    
      99  47.2155088           711575.223     3.382917981E+32 2.452541251E+29  0.00000000    
     100  56.6599018           711558.508     3.382600144E+32 2.451658856E+29  0.00000000    
     101  67.9931733           711538.413     3.382218040E+32 2.450600426E+29  0.00000000    
     102  81.5930991           711514.292     3.381759442E+32 2.449330931E+29  0.00000000    
     103  97.9130101           711485.347     3.381209189E+32 2.447808426E+29  0.00000000    
     104  117.496903           711450.615     3.380549004E+32 2.445982701E+29  0.00000000    
     105  140.997575           711408.939     3.379756957E+32 2.443793671E+29  0.00000000    
     106  169.198381           711358.931     3.378806751E+32 2.441169485E+29  0.00000000    
     107  203.039349           711298.927     3.377666866E+32 2.438024271E+29  0.00000000    
     108  243.648510           711226.929     3.376299524E+32 2.434255494E+29  0.00000000    
     109  292.379503           711140.543     3.374659464E+32 2.429740840E+29  0.00000000    
     110  350.856695           711036.894     3.372692471E+32 2.424334575E+29  0.00000000    
     111  421.029325           710912.538     3.370333633E+32 2.417863322E+29  0.00000000    
     112  505.236481           710763.342     3.367505261E+32 2.410121173E+29  0.00000000    
     113  606.285069           710584.353     3.364114430E+32 2.400864110E+29  0.00000000    
     114  727.543373           710369.632     3.360050059E+32 2.389803704E+29  0.00000000    
     115  873.053339           710112.061     3.355179466E+32 2.376600099E+29  0.00000000    
     116  1047.66530           709803.112     3.349344320E+32 2.360854384E+29  0.00000000    
     117  1257.19965           709432.570     3.342355898E+32 2.342100533E+29  0.00000000    
     118  1508.64087           708988.203     3.333989552E+32 2.319797260E+29  0.00000000    
     119  1810.37034           708455.369     3.323978324E+32 2.293320358E+29  0.00000000    
     120  2172.44569           707816.555     3.312005607E+32 2.261956413E+29  0.00000000    
     121  2606.93612           707050.822     3.297696826E+32 2.224899196E+29  0.00000000    
     122  3128.32464           706133.159     3.280610141E+32 2.181250607E+29  0.00000000    
     123  3753.99086           705033.714     3.260226249E+32 2.130028748E+29  0.00000000    
     124  4169.36289           704304.281     3.246754951E+32 2.096679385E+29  0.00000000    
     125  4446.27758           703818.204     3.237801219E+32 2.074732802E+29  0.00000000    
     126  4630.88737           703494.248     3.231844100E+32 2.060227642E+29  0.00000000    
     127  4753.96056           703278.319     3.227878029E+32 2.050613089E+29  0.00000000    
     128  4836.00936           703134.385     3.225236354E+32 2.044227959E+29  0.00000000    
     129  4890.70855           703038.438     3.223476291E+32 2.039982093E+29  0.00000000    
     130  4927.17469           702974.476     3.222303383E+32 2.037156343E+29  0.00000000    
     131  4951.48544           702931.837     3.221521653E+32 2.035274653E+29  0.00000000    
     132  4967.69261           702903.412     3.221000592E+32 2.034021144E+29  0.00000000    
     133  4978.49739           702884.462     3.220653259E+32 2.033185895E+29  0.00000000    
     134  4985.70058           702871.829     3.220421722E+32 2.032629249E+29  0.00000000    
     135  4990.50270           702863.407     3.220267372E+32 2.032258235E+29  0.00000000    
     136  4993.70412           702857.792     3.220164475E+32 2.032010930E+29  0.00000000    
     137  4995.83839           702854.049     3.220095879E+32 2.031846076E+29  0.00000000    
     138  4997.26125           702851.553     3.220050149E+32 2.031736181E+29  0.00000000    
     139  4998.20981           702849.890     3.220019663E+32 2.031662921E+29  0.00000000    
     140  4998.84219           702848.781     3.219999339E+32 2.031614082E+29  0.00000000    
     141  4999.26378           702848.041     3.219985790E+32 2.031581524E+29  0.00000000    
     142  4999.54484           702847.548     3.219976757E+32 2.031559818E+29  0.00000000    
     143  4999.73221           702847.220     3.219970735E+32 2.031545348E+29  0.00000000    
     144  4999.85712           702847.001     3.219966720E+32 2.031535702E+29  0.00000000    
     145  4999.94040           702846.855     3.219964044E+32 2.031529271E+29  0.00000000    
     146  4999.99591           702846.757     3.219962260E+32 2.031524983E+29  0.00000000    
     147  5000.03293           702846.692     3.219961070E+32 2.031522125E+29  0.00000000    
     148  5000.05760           702846.649     3.219960277E+32 2.031520219E+29  0.00000000    
     149  5000.07405           702846.620     3.219959749E+32 2.031518949E+29  0.00000000    
     150  5000.08502           702846.601     3.219959396E+32 2.031518102E+29  0.00000000    
     151  5000.09233           702846.588     3.219959161E+32 2.031517538E+29  0.00000000    
     152  5000.09720           702846.580     3.219959005E+32 2.031517161E+29  0.00000000    
     153  5000.10045           702846.574     3.219958900E+32 2.031516910E+29  0.00000000    
     154  5000.10262           702846.570     3.219958831E+32 2.031516743E+29  0.00000000    
     155  5000.10406           702846.568     3.219958784E+32 2.031516631E+29  0.00000000    
     156  5000.10502           702846.566     3.219958753E+32 2.031516557E+29  0.00000000    
     157  5000.10567           702846.565     3.219958733E+32 2.031516508E+29  0.00000000    
     158  5000.10609           702846.564     3.219958719E+32 2.031516475E+29  0.00000000    
     159  5000.10638           702846.564     3.219958710E+32 2.031516452E+29  0.00000000    
     160  5000.10657           702846.563     3.219958704E+32 2.031516438E+29  0.00000000    
     161  5000.10670           702846.563     3.219958699E+32 2.031516428E+29  0.00000000    
     162  5000.10680           702846.563     3.219958696E+32 2.031516420E+29  0.00000000    
     163  5000.10690           702846.563     3.219958693E+32 2.031516772E+29 1.762545291E+35
     164  5000.10700           702846.563     3.219958690E+32 2.031517128E+29 1.762545291E+35
     165  5000.10712           702846.562     3.219958686E+32 2.031517559E+29 1.762545291E+35
     166  5000.10726           702846.562     3.219958684E+32 2.031518080E+29 1.762545291E+35
     167  5000.10743           702846.564     3.219958707E+32 2.031518709E+29 1.762545291E+35
     168  5000.10764           702846.576     3.219958931E+32 2.031519468E+29 1.762545291E+35
     169  5000.10789           702846.656     3.219960394E+32 2.031520382E+29 1.762545291E+35
     170  5000.10819           702847.065     3.219967899E+32 2.031521482E+29 1.762545291E+35
     171  5000.10855           702848.782     3.219999367E+32 2.031522807E+29 1.762545291E+35
     172  5000.10898           702854.810     3.220109828E+32 2.031524400E+29 1.762545291E+35
     173  5000.10949           702872.871     3.220440834E+32 2.031526317E+29 1.762545291E+35
     174  5000.11011           702919.869     3.221302260E+32 2.031528623E+29 1.762545291E+35
     175  5000.11085           703027.723     3.223279786E+32 2.031531396E+29 1.762545291E+35
     176  5000.11175           703249.099     3.227341603E+32 2.031534731E+29 1.762545291E+35
     177  5000.11282           703660.702     3.234903933E+32 2.031538739E+29 1.762545291E+35
     178  5000.11410           704361.955     3.247818561E+32 2.031543560E+29 1.762545291E+35
     179  5000.11564           705468.083     3.268268129E+32 2.031549358E+29 1.762545291E+35
     180  5000.11749           707098.451     3.298585485E+32 2.031556333E+29 1.762545291E+35
     181  5000.11971           709362.534     3.341036233E+32 2.031564728E+29 1.762545291E+35
     182  5000.12237           712346.554     3.397609870E+32 2.031574836E+29 1.762545291E+35
     183  5000.12557           716103.522     3.469855886E+32 2.031587012E+29 1.762545291E+35
     184  5000.12940           720648.375     3.558785771E+32 2.031601685E+29 1.762545291E+35
     185  5000.13400           725958.783     3.664848750E+32 2.031619372E+29 1.762545291E+35
     186  5000.13952           731981.195     3.787981905E+32 2.031640704E+29 1.762545291E+35
     187  5000.14615           738640.975     3.927731425E+32 2.031666447E+29 1.762545291E+35
     188  5000.15410           745854.917     4.083434831E+32 2.031697548E+29 1.762545291E+35
     189  5000.16363           753543.934     4.254441054E+32 2.031735180E+29 1.762545291E+35
     190  5000.17508           761643.549     4.440330240E+32 2.031780825E+29 1.762545291E+35
     191  5000.18882           770110.243     4.641087949E+32 2.031836373E+29 1.762545291E+35
     192  5000.20530           778922.792     4.857198450E+32 2.031904281E+29 1.762545291E+35
     193  5000.22509           788079.055     5.089643223E+32 2.031987787E+29 1.762545291E+35
     194  5000.24882           797589.421     5.339809207E+32 2.032091241E+29 1.762545291E+35
     195  5000.27731           807468.704     5.609330067E+32 2.032220622E+29 1.762545291E+35
     196  5000.31149           817728.095     5.899889468E+32 2.032384380E+29 1.762545291E+35
     197  5000.35251           828367.451     6.212984964E+32 2.032594828E+29 1.762545291E+35
     198  5000.40174           839370.916     6.549737075E+32 2.032870430E+29 1.762545291E+35
     199  5000.46080           850707.536     6.910815842E+32 2.033239330E+29 1.762545291E+35
     200  5000.53169           862336.875     7.296524254E+32 2.033744474E+29 1.762545291E+35
     201  5000.61674           874217.794     7.707024995E+32 2.034450462E+29 1.762545291E+35
     202  5000.71881           886316.919     8.142623563E+32 2.035452018E+29 1.762545291E+35
     203  5000.84130           898613.161     8.603978140E+32 2.036883723E+29 1.762545291E+35
     204  5000.98828           911096.369     9.092126359E+32 2.038930575E+29 1.762545291E+35
     205  5001.16465           923760.724     9.608291533E+32 2.041838997E+29 1.762545291E+35
     206  5001.37631           936595.373     1.015351069E+33 2.045928155E+29 1.762545291E+35
     207  5001.63029           949575.185     1.072816951E+33 2.051601524E+29 1.762545291E+35
     208  5001.93507           962653.544     1.133152224E+33 2.059358679E+29 1.762545291E+35
     209  5002.30080           975757.733     1.196124006E+33 2.069807075E+29 1.762545291E+35
     210  5002.73968           988786.666     1.261300607E+33 2.083673607E+29 1.762545291E+35
     211  5003.26634           1001610.76     1.328018503E+33 2.101816117E+29 1.762545291E+35
     212  5003.89833           1014074.47     1.395364283E+33 2.125236280E+29 1.762545291E+35
     213  5004.65671           1026002.76     1.462184992E+33 2.155097649E+29 1.762545291E+35
     214  5005.56678           1037212.89     1.527143403E+33 2.192756172E+29 1.762545291E+35
     215  5006.65885           1047532.19     1.588831005E+33 2.239814658E+29 1.762545291E+35
     216  5007.96934           1056820.84     1.645938776E+33 2.298216061E+29 1.762545291E+35
     217  5009.54193           1064996.55     1.697465652E+33 2.370391377E+29 1.762545291E+35
     218  5010.56369           1069345.56     1.725362995E+33 2.418380527E+29 1.762545291E+35
     219  5011.24487           1071890.01     1.741843334E+33 2.450819657E+29 1.762545291E+35
     220  5011.69898           1073446.94     1.751985580E+33 2.472637771E+29 1.762545291E+35
     221  5012.00173           1074427.85     1.758398156E+33 2.487267123E+29 1.762545291E+35
     222  5012.20356           1075057.78     1.762525572E+33 2.497056998E+29 1.762545291E+35
     223  5012.33811           1075467.45     1.765213694E+33 2.503599931E+29 1.762545291E+35
     224  5012.42781           1075736.11     1.766978174E+33 2.507969131E+29 1.762545291E+35
     225  5012.48761           1075913.26     1.768142405E+33 2.510885144E+29 1.762545291E+35
     226  5012.52748           1076030.50     1.768913240E+33 2.512830579E+29 1.762545291E+35
     227  5012.55406           1076108.29     1.769424781E+33 2.514128170E+29 1.762545291E+35
     228  5012.57178           1076159.98     1.769764769E+33 2.514993512E+29 1.762545291E+35
     229  5012.58359           1076194.36     1.769990967E+33 2.515570531E+29 1.762545291E+35
     230  5012.59147           1076217.25     1.770141561E+33 2.515955267E+29 1.762545291E+35
     231  5012.59672           1076232.50     1.770241867E+33 2.516211781E+29 1.762545291E+35
     232  5012.60022           1076242.66     1.770308697E+33 2.516382802E+29 1.762545291E+35
     233  5012.60255           1076249.42     1.770353232E+33 2.516496821E+29 1.762545291E+35
     234  5012.60411           1076253.94     1.770382915E+33 2.516572836E+29 1.762545291E+35
     235  5012.60514           1076256.94     1.770402700E+33 2.516623513E+29 1.762545291E+35
     236  5012.60583           1076258.95     1.770415888E+33 2.516657299E+29 1.762545291E+35
     237  5012.60630           1076260.28     1.770424679E+33 2.516679822E+29 1.762545291E+35
     238  5012.60660           1076261.17     1.770430540E+33 2.516694838E+29 1.762545291E+35
     239  5012.60681           1076261.77     1.770434447E+33 2.516704849E+29 1.762545291E+35
     240  5012.60694           1076262.16     1.770437051E+33 2.516711523E+29 1.762545291E+35
     241  5012.60704           1076262.45     1.770438959E+33 2.516716410E+29 1.762545291E+35
     242  5012.60714           1076262.74     1.770440866E+33 2.516721297E+29 1.762545291E+35
     243  5012.60724           1076263.03     1.770442773E+33 2.516720210E+29  0.00000000    
     244  5012.60736           1076263.38     1.770445062E+33 2.516718927E+29  0.00000000    
     245  5012.60751           1076263.80     1.770447808E+33 2.516717401E+29  0.00000000    
     246  5012.60768           1076264.30     1.770451101E+33 2.516715583E+29  0.00000000    
     247  5012.60789           1076264.90     1.770455037E+33 2.516713417E+29  0.00000000    
     248  5012.60814           1076265.60     1.770459644E+33 2.516710842E+29  0.00000000    
     249  5012.60844           1076266.34     1.770464528E+33 2.516707792E+29  0.00000000    
     250  5012.60879           1076266.80     1.770467578E+33 2.516704191E+29  0.00000000    
     251  5012.60922           1076265.85     1.770461282E+33 2.516699957E+29  0.00000000    
     252  5012.60974           1076260.25     1.770424455E+33 2.516695002E+29  0.00000000    
     253  5012.61036           1076242.47     1.770307496E+33 2.516689226E+29  0.00000000    
     254  5012.61110           1076197.51     1.770011672E+33 2.516682522E+29  0.00000000    
     255  5012.61199           1076099.54     1.769367212E+33 2.516674777E+29  0.00000000    
     256  5012.61306           1075909.66     1.768118756E+33 2.516665871E+29  0.00000000    
     257  5012.61435           1075576.10     1.765927099E+33 2.516655685E+29  0.00000000    
     258  5012.61589           1075037.41     1.762391953E+33 2.516644107E+29  0.00000000    
     259  5012.61774           1074228.47     1.757093309E+33 2.516631039E+29  0.00000000    
     260  5012.61996           1073087.87     1.749642591E+33 2.516616415E+29  0.00000000    
     261  5012.62262           1071565.03     1.739731884E+33 2.516600223E+29  0.00000000    
     262  5012.62581           1069625.58     1.727170911E+33 2.516582527E+29  0.00000000    
     263  5012.62965           1067254.29     1.711905690E+33 2.516563512E+29  0.00000000    
     264  5012.63425           1064455.32     1.694017681E+33 2.516543540E+29  0.00000000    
     265  5012.63977           1061250.09     1.673705926E+33 2.516523225E+29  0.00000000    
     266  5012.64639           1057673.38     1.651256314E+33 2.516503552E+29  0.00000000    
     267  5012.65434           1053767.98     1.627002367E+33 2.516486042E+29  0.00000000    
     268  5012.66388           1049578.45     1.601281988E+33 2.516472983E+29  0.00000000    
     269  5012.67533           1045144.65     1.574395385E+33 2.516467738E+29  0.00000000    
     270  5012.68907           1040495.92     1.546570511E+33 2.516475137E+29  0.00000000    
     271  5012.70555           1035647.02     1.517942202E+33 2.516501956E+29  0.00000000    
     272  5012.72533           1030596.57     1.488548428E+33 2.516557447E+29  0.00000000    
     273  5012.74907           1025327.98     1.458342176E+33 2.516653924E+29  0.00000000    
     274  5012.77756           1019812.08     1.427213053E+33 2.516807362E+29  0.00000000    
     275  5012.81174           1014010.34     1.395011340E+33 2.517038003E+29  0.00000000    
     276  5012.85276           1007877.88     1.361569623E+33 2.517370944E+29  0.00000000    
     277  5012.90198           1001366.05     1.326721163E+33 2.517836705E+29  0.00000000    
     278  5012.96105           994424.952     1.290316500E+33 2.518471750E+29  0.00000000    
     279  5013.03193           987005.747     1.252238135E+33 2.519318979E+29  0.00000000    
     280  5013.11699           979061.805     1.212407552E+33 2.520428272E+29  0.00000000    
     281  5013.21906           970545.857     1.170772302E+33 2.521857286E+29  0.00000000    
     282  5013.34155           961399.514     1.127259208E+33 2.523672779E+29  0.00000000    
     283  5013.48853           951532.441     1.081689458E+33 2.525952624E+29  0.00000000    
     284  5013.66490           940792.698     1.033674854E+33 2.528788068E+29  0.00000000    
     285  5013.87655           928936.584     9.825450403E+32 2.532284515E+29  0.00000000    
     286  5014.13054           915613.602     9.273787531E+32 2.536557225E+29  0.00000000    
     287  5014.43531           900387.444     8.672132812E+32 2.541716275E+29  0.00000000    
     288  5014.80105           882816.548     8.014751478E+32 2.547834712E+29  0.00000000    
     289  5015.23993           862615.807     7.305969380E+32 2.554897945E+29  0.00000000    
     290  5015.76659           839902.610     6.566348405E+32 2.562744338E+29  0.00000000    
     291  5016.39857           815466.913     5.834902157E+32 2.571024671E+29  0.00000000    
     292  5017.15696           790886.074     5.162545760E+32 2.579218722E+29  0.00000000    
     293  5018.06702           768244.068     4.596265012E+32 2.586731228E+29  0.00000000    
     294  5019.15910           749418.491     4.162035852E+32 2.593044191E+29  0.00000000    
     295  5020.46959           735361.472     3.858439435E+32 2.597858145E+29  0.00000000    
     296  5022.04218           725919.041     3.664046289E+32 2.601151733E+29  0.00000000    
     297  5023.92929           720190.862     3.549757019E+32 2.603135746E+29  0.00000000    
     298  5026.19382           717046.293     3.488164668E+32 2.604138897E+29  0.00000000    
     299  5028.91125           715486.342     3.457909246E+32 2.604490474E+29  0.00000000    
     300  5032.17217           714789.264     3.444453162E+32 2.604446714E+29  0.00000000    
     301  5036.08528           714508.488     3.439044297E+32 2.604169955E+29  0.00000000    
     302  5040.78100           714404.255     3.437037959E+32 2.603743043E+29  0.00000000    
     303  5046.41588           714364.774     3.436278240E+32 2.603195779E+29  0.00000000    
     304  5053.17772           714344.856     3.435895016E+32 2.602527944E+29  0.00000000    
     305  5061.29194           714328.586     3.435582004E+32 2.601723638E+29  0.00000000    
     306  5071.02900           714310.889     3.435241568E+32 2.600758057E+29  0.00000000    
     307  5082.71347           714290.029     3.434840302E+32 2.599599690E+29  0.00000000    
     308  5096.73483           714265.063     3.434360109E+32 2.598210320E+29  0.00000000    
     309  5113.56047           714235.115     3.433784156E+32 2.596544076E+29  0.00000000    
     310  5133.75123           714199.180     3.433093167E+32 2.594546026E+29  0.00000000    
     311  5157.98015           714156.062     3.432264170E+32 2.592150446E+29  0.00000000    
     312  5187.05485           714104.323     3.431269646E+32 2.589278739E+29  0.00000000    
     313  5221.94450           714042.242     3.430076606E+32 2.585836992E+29  0.00000000    
     314  5263.81207           713967.753     3.428645520E+32 2.581713080E+29  0.00000000    
     315  5314.05315           713878.377     3.426929024E+32 2.576773275E+29  0.00000000    
     316  5374.34245           713771.142     3.424870392E+32 2.570858286E+29  0.00000000    
     317  5446.68961           713642.484     3.422401706E+32 2.563778652E+29  0.00000000    
     318  5533.50621           713488.127     3.419441690E+32 2.555309443E+29  0.00000000    
     319  5637.68612           713302.948     3.415893135E+32 2.545184208E+29  0.00000000    
     320  5762.70202           713080.803     3.411639853E+32 2.533088150E+29  0.00000000    
     321  5912.72109           712814.329     3.406543080E+32 2.518650573E+29  0.00000000    
     322  6092.74398           712494.706     3.400437257E+32 2.501436685E+29  0.00000000    
     323  6308.77145           712111.366     3.393125082E+32 2.480938999E+29  0.00000000    
     324  6568.00441           711651.658     3.384371758E+32 2.456568727E+29  0.00000000    
     325  6879.08396           711100.442     3.373898341E+32 2.427647824E+29  0.00000000    
     326  7252.37942           710439.604     3.361374133E+32 2.393402682E+29  0.00000000    
     327  7700.33398           709647.496     3.346408055E+32 2.352960973E+29  0.00000000    
     328  8237.87944           708698.256     3.328539045E+32 2.305353716E+29  0.00000000    
     329  8882.93400           707561.028     3.307225555E+32 2.249525463E+29  0.00000000    
     330  9656.99947           706199.030     3.281834417E+32 2.184356374E+29  0.00000000    
     331  10585.8780           704568.486     3.251629500E+32 2.108700891E+29  0.00000000    
     332  11700.5323           702617.381     3.215760939E+32 2.021448579E+29  0.00000000    
     333  13038.1175           700284.044     3.173256095E+32 1.921613027E+29  0.00000000    
     334  14643.2196           697495.538     3.123014018E+32 1.808454078E+29  0.00000000    
     335  16569.3422           694165.882     3.063805965E+32 1.681636156E+29  0.00000000    
     336  18880.6893           690194.115     2.994285492E+32 1.541420081E+29  0.00000000    
     337  21654.3059           685462.263     2.913012852E+32 1.388876319E+29  0.00000000    
     338  24982.6457           679833.326     2.818499745E+32 1.226093388E+29  0.00000000    
     339  28976.6535           673149.442     2.709281675E+32 1.056336700E+29  0.00000000    
     340  33769.4629           665230.524     2.584025959E+32 8.840939178E+28  0.00000000    
     341  39520.8341           655873.779     2.441682965E+32 7.149306875E+28  0.00000000    
     342  46422.4796           644854.729     2.281685363E+32 5.550881646E+28  0.00000000    
     343  54704.4542           631930.576     2.104193505E+32 4.107964501E+28  0.00000000    
     344  64642.8238           616847.019     1.910372594E+32 2.873649659E+28  0.00000000    
     345  76568.8672           599349.887     1.702667751E+32 1.882304774E+28  0.00000000    
     346  90880.1193           579203.011     1.485017062E+32 1.142491942E+28  0.00000000    
     347  108053.622           556213.484     1.262915379E+32 6.353319238E+27  0.00000000    
