
 EOS                                                                            

              Mstar     = 1.000E+00    Rstar     = 1.177E+06
              Mexo      = 0.000E+00    Rexo      = 0.000E+00
              Mcore     = 9.785E-01    Rcore     = 1.033E+06
              Mincrust  = 2.150E-02    Rincrust  = 8.056E+04
              Moutcrust = 4.984E-05    Routcrust = 6.305E+04

rho_cen=   0.718E+15
  icore= 401   sfn1s0=  0.                 emnco= 5.   rhoexo=   5.000E+24
  idrip= 553   sfn3p2=  0.  fn3p2= 1.00    emncr= 5.     cexo=   1.000E+25
   imax= 769   sfp1s0=  0.  fp1s0= 1.00      emp= 3.     pexo=   6.000E+00

            DUrca not possible
          e-ion bremstrahlung:  1             bubble neutrinos:  0
             plasma neutrinos:  1              neutron 1S0 pbf:  1
               pair neutrinos:  0              neutron 3P2 pbf:  1
              photo neutrinos:  0               proton 1S0 pbf:  1



    Step      Time            Teff       L_phot       L_nu        L_heat 
             [years]      at inf [K]    [erg/sec]   [erg/sec]   [erg/sec]

       1 1.000000000E-12       548169.281     1.191425738E+32 2.127931416E+29  0.00000000    
       2 2.500000000E-12       548169.281     1.191425738E+32 2.127931416E+29  0.00000000    
       3 4.750000000E-12       548169.281     1.191425738E+32 2.127931416E+29  0.00000000    
       4 8.125000000E-12       548169.281     1.191425737E+32 2.127931416E+29  0.00000000    
       5 1.318750000E-11       548169.281     1.191425736E+32 2.127931416E+29  0.00000000    
       6 2.078125000E-11       548169.281     1.191425735E+32 2.127931416E+29  0.00000000    
       7 3.217187500E-11       548169.281     1.191425734E+32 2.127931416E+29  0.00000000    
       8 4.925781250E-11       548169.281     1.191425732E+32 2.127931416E+29  0.00000000    
       9 7.488671875E-11       548169.280     1.191425728E+32 2.127931416E+29  0.00000000    
      10 1.133300781E-10       548169.280     1.191425723E+32 2.127931416E+29  0.00000000    
      11 1.709951172E-10       548169.279     1.191425716E+32 2.127931416E+29  0.00000000    
      12 2.574926758E-10       548169.277     1.191425704E+32 2.127931415E+29  0.00000000    
      13 3.872390137E-10       548169.276     1.191425688E+32 2.127931415E+29  0.00000000    
      14 5.818585205E-10       548169.273     1.191425662E+32 2.127931415E+29  0.00000000    
      15 8.737877808E-10       548169.268     1.191425624E+32 2.127931415E+29  0.00000000    
      16 1.311681671E-09       548169.262     1.191425567E+32 2.127931414E+29  0.00000000    
      17 1.968522507E-09       548169.252     1.191425481E+32 2.127931414E+29  0.00000000    
      18 2.953783760E-09       548169.237     1.191425352E+32 2.127931413E+29  0.00000000    
      19 4.431675640E-09       548169.215     1.191425158E+32 2.127931411E+29  0.00000000    
      20 6.648513460E-09       548169.181     1.191424869E+32 2.127931409E+29  0.00000000    
      21 9.973770190E-09       548169.131     1.191424434E+32 2.127931406E+29  0.00000000    
      22 1.496165529E-08       548169.056     1.191423782E+32 2.127931401E+29  0.00000000    
      23 2.244348293E-08       548168.944     1.191422804E+32 2.127931394E+29  0.00000000    
      24 3.366622439E-08       548168.775     1.191421339E+32 2.127931383E+29  0.00000000    
      25 5.050033659E-08       548168.523     1.191419144E+32 2.127931367E+29  0.00000000    
      26 7.575150488E-08       548168.145     1.191415855E+32 2.127931343E+29  0.00000000    
      27 1.136282573E-07       548167.579     1.191410934E+32 2.127931307E+29  0.00000000    
      28 1.704433860E-07       548166.732     1.191403578E+32 2.127931252E+29  0.00000000    
      29 2.556660790E-07       548165.470     1.191392601E+32 2.127931170E+29  0.00000000    
      30 3.835001185E-07       548163.590     1.191376260E+32 2.127931048E+29  0.00000000    
      31 5.752511777E-07       548160.802     1.191352026E+32 2.127930865E+29  0.00000000    
      32 8.628777665E-07       548156.691     1.191316279E+32 2.127930590E+29  0.00000000    
      33 1.294317650E-06       548150.672     1.191263962E+32 2.127930180E+29  0.00000000    
      34 1.941477475E-06       548141.960     1.191188230E+32 2.127929567E+29  0.00000000    
      35 2.912217212E-06       548129.538     1.191080254E+32 2.127928654E+29  0.00000000    
      36 4.368326818E-06       548112.177     1.190929362E+32 2.127927300E+29  0.00000000    
      37 6.552491227E-06       548088.517     1.190723737E+32 2.127925299E+29  0.00000000    
      38 9.828737841E-06       548057.204     1.190451652E+32 2.127922366E+29  0.00000000    
      39 1.474310776E-05       548017.052     1.190102826E+32 2.127918110E+29  0.00000000    
      40 2.211466264E-05       547967.129     1.189669231E+32 2.127912023E+29  0.00000000    
      41 3.317199496E-05       547906.772     1.189145159E+32 2.127903495E+29  0.00000000    
      42 4.975799344E-05       547835.587     1.188527295E+32 2.127891872E+29  0.00000000    
      43 7.463699117E-05       547753.588     1.187815874E+32 2.127876608E+29  0.00000000    
      44 1.119554877E-04       547661.515     1.187017425E+32 2.127857491E+29  0.00000000    
      45 1.679332326E-04       547561.326     1.186149050E+32 2.127834889E+29  0.00000000    
      46 2.518998499E-04       547456.877     1.185244259E+32 2.127809798E+29  0.00000000    
      47 3.778497759E-04       547354.805     1.184360570E+32 2.127783469E+29  0.00000000    
      48 5.667746649E-04       547265.650     1.183589105E+32 2.127756563E+29  0.00000000    
      49 8.501619983E-04       547205.202     1.183066256E+32 2.127728218E+29  0.00000000    
      50 1.275242998E-03       547196.040     1.182987032E+32 2.127695618E+29  0.00000000    
      51 1.912864499E-03       547269.125     1.183619169E+32 2.127654206E+29  0.00000000    
      52 2.869296749E-03       547465.313     1.185317317E+32 2.127598065E+29  0.00000000    
      53 4.303945124E-03       547837.000     1.188539562E+32 2.127519807E+29  0.00000000    
      54 6.455917688E-03       548450.414     1.193871743E+32 2.127409773E+29  0.00000000    
      55 9.038284764E-03       549202.993     1.200438131E+32 2.127284560E+29  0.00000000    
      56 1.213712525E-02       550095.626     1.208261576E+32 2.127141114E+29  0.00000000    
      57 1.585573384E-02       551135.753     1.217425908E+32 2.126976082E+29  0.00000000    
      58 2.031806415E-02       552335.996     1.228065662E+32 2.126785719E+29  0.00000000    
      59 2.567286052E-02       553714.228     1.240369081E+32 2.126565822E+29  0.00000000    
      60 3.209861616E-02       555294.697     1.254591391E+32 2.126311673E+29  0.00000000    
      61 3.980952293E-02       557110.109     1.271078446E+32 2.126018016E+29  0.00000000    
      62 4.906261106E-02       559204.685     1.290302101E+32 2.125679051E+29  0.00000000    
      63 6.016631681E-02       561637.964     1.312907185E+32 2.125288468E+29  0.00000000    
      64 7.349076371E-02       564488.364     1.339763606E+32 2.124839532E+29  0.00000000    
      65 8.948009999E-02       567854.259     1.372005170E+32 2.124325238E+29  0.00000000    
      66 0.108667304           571849.235     1.411023919E+32 2.123738532E+29  0.00000000    
      67 0.131691948           576588.595     1.458385676E+32 2.123072629E+29  0.00000000    
      68 0.159321521           582166.957     1.515648199E+32 2.122321415E+29  0.00000000    
      69 0.192477009           588631.247     1.584095820E+32 2.121479916E+29  0.00000000    
      70 0.232263594           595957.015     1.664439231E+32 2.120544796E+29  0.00000000    
      71 0.280007496           604036.355     1.756549983E+32 2.119514816E+29  0.00000000    
      72 0.337300179           612682.204     1.859299121E+32 2.118391139E+29  0.00000000    
      73 0.406051398           621648.491     1.970551245E+32 2.117177422E+29  0.00000000    
      74 0.488552861           630661.110     2.087336187E+32 2.115879640E+29  0.00000000    
      75 0.587554617           639452.790     2.206186108E+32 2.114505737E+29  0.00000000    
      76 0.706356724           647795.306     2.323589394E+32 2.113065290E+29  0.00000000    
      77 0.848919253           655523.934     2.436477526E+32 2.111569430E+29  0.00000000    
      78  1.01999429           662550.377     2.542633836E+32 2.110031235E+29  0.00000000    
      79  1.22528433           668861.617     2.640908156E+32 2.108466614E+29  0.00000000    
      80  1.47163238           674504.155     2.731157323E+32 2.106895439E+29  0.00000000    
      81  1.76725004           679556.648     2.813914262E+32 2.105342468E+29  0.00000000    
      82  2.12199123           684098.118     2.889893119E+32 2.103837451E+29  0.00000000    
      83  2.54768065           688181.527     2.959512933E+32 2.102413857E+29  0.00000000    
      84  3.05850797           691821.240     3.022621488E+32 2.101105955E+29  0.00000000    
      85  3.67150075           694997.737     3.078518447E+32 2.099944458E+29  0.00000000    
      86  4.40709208           697676.275     3.126252261E+32 2.098951504E+29  0.00000000    
      87  5.28980168           699831.227     3.165056512E+32 2.098136225E+29  0.00000000    
      88  6.34905320           701466.477     3.194742679E+32 2.097492261E+29  0.00000000    
      89  7.62015502           702624.628     3.215893610E+32 2.096998228E+29  0.00000000    
      90  9.14547721           703382.548     3.229791992E+32 2.096621295E+29  0.00000000    
      91  10.9758638           703836.209     3.238132547E+32 2.096322931E+29  0.00000000    
      92  13.1723278           704081.673     3.242652119E+32 2.096065001E+29  0.00000000    
      93  15.8080845           704199.624     3.244825571E+32 2.095814297E+29  0.00000000    
      94  18.9709926           704247.937     3.245716119E+32 2.095544407E+29  0.00000000    
      95  22.7664823           704262.268     3.245980320E+32 2.095235025E+29  0.00000000    
      96  27.3210700           704261.475     3.245965709E+32 2.094869775E+29  0.00000000    
      97  32.7865751           704254.038     3.245828596E+32 2.094433702E+29  0.00000000    
      98  39.3451814           704243.080     3.245626587E+32 2.093911209E+29  0.00000000    
      99  47.2155088           704229.380     3.245374036E+32 2.093284575E+29  0.00000000    
     100  56.6599018           704212.812     3.245068633E+32 2.092532911E+29  0.00000000    
     101  67.9931733           704192.905     3.244701716E+32 2.091631288E+29  0.00000000    
     102  81.5930991           704169.013     3.244261391E+32 2.090549867E+29  0.00000000    
     103  97.9130101           704140.343     3.243733071E+32 2.089252919E+29  0.00000000    
     104  117.496903           704105.941     3.243099202E+32 2.087697670E+29  0.00000000    
     105  140.997575           704064.660     3.242338727E+32 2.085832937E+29  0.00000000    
     106  169.198381           704015.128     3.241426400E+32 2.083597512E+29  0.00000000    
     107  203.039349           703955.694     3.240331957E+32 2.080918244E+29  0.00000000    
     108  243.648510           703884.381     3.239019126E+32 2.077707784E+29  0.00000000    
     109  292.379503           703798.816     3.237444453E+32 2.073861934E+29  0.00000000    
     110  350.856695           703696.153     3.235555885E+32 2.069256547E+29  0.00000000    
     111  421.029325           703572.979     3.233291100E+32 2.063743919E+29  0.00000000    
     112  505.236481           703425.203     3.230575513E+32 2.057148636E+29  0.00000000    
     113  606.285069           703247.917     3.227319907E+32 2.049262813E+29  0.00000000    
     114  727.543373           703035.240     3.223417640E+32 2.039840723E+29  0.00000000    
     115  873.053339           702780.123     3.218741332E+32 2.028592820E+29  0.00000000    
     116  1047.66530           702474.118     3.213138984E+32 2.015179237E+29  0.00000000    
     117  1257.19965           702107.111     3.206429422E+32 1.999202909E+29  0.00000000    
     118  1508.64087           701666.985     3.198396997E+32 1.980202627E+29  0.00000000    
     119  1810.37034           701139.243     3.188785450E+32 1.957646498E+29  0.00000000    
     120  2172.44569           700506.540     3.177290878E+32 1.930926570E+29  0.00000000    
     121  2606.93612           699748.143     3.163553759E+32 1.899355734E+29  0.00000000    
     122  3128.32464           698839.287     3.147150036E+32 1.862168488E+29  0.00000000    
     123  3753.99086           697750.416     3.127581349E+32 1.818527771E+29  0.00000000    
     124  4169.36289           697028.009     3.114649044E+32 1.790113482E+29  0.00000000    
     125  4446.27758           696546.619     3.106053662E+32 1.771414213E+29  0.00000000    
     126  4630.88737           696225.789     3.100335008E+32 1.759055139E+29  0.00000000    
     127  4753.96056           696011.945     3.096527721E+32 1.750863019E+29  0.00000000    
     128  4836.00936           695869.402     3.093991816E+32 1.745422511E+29  0.00000000    
     129  4890.70855           695774.381     3.092302228E+32 1.741804767E+29  0.00000000    
     130  4927.17469           695711.037     3.091176287E+32 1.739397046E+29  0.00000000    
     131  4951.48544           695668.810     3.090425860E+32 1.737793721E+29  0.00000000    
     132  4967.69261           695640.659     3.089925665E+32 1.736725648E+29  0.00000000    
     133  4978.49739           695621.893     3.089592241E+32 1.736013958E+29  0.00000000    
     134  4985.70058           695609.381     3.089369976E+32 1.735539658E+29  0.00000000    
     135  4990.50270           695601.041     3.089221807E+32 1.735223529E+29  0.00000000    
     136  4993.70412           695595.480     3.089123031E+32 1.735012808E+29  0.00000000    
     137  4995.83839           695591.773     3.089057182E+32 1.734872342E+29  0.00000000    
     138  4997.26125           695589.302     3.089013284E+32 1.734778703E+29  0.00000000    
     139  4998.20981           695587.655     3.088984018E+32 1.734716281E+29  0.00000000    
     140  4998.84219           695586.556     3.088964508E+32 1.734674667E+29  0.00000000    
     141  4999.26378           695585.824     3.088951501E+32 1.734646925E+29  0.00000000    
     142  4999.54484           695585.336     3.088942830E+32 1.734628430E+29  0.00000000    
     143  4999.73221           695585.010     3.088937049E+32 1.734616101E+29  0.00000000    
     144  4999.85712           695584.794     3.088933196E+32 1.734607881E+29  0.00000000    
     145  4999.94040           695584.649     3.088930626E+32 1.734602401E+29  0.00000000    
     146  4999.99591           695584.552     3.088928914E+32 1.734598748E+29  0.00000000    
     147  5000.03293           695584.488     3.088927772E+32 1.734596313E+29  0.00000000    
     148  5000.05760           695584.445     3.088927010E+32 1.734594689E+29  0.00000000    
     149  5000.07405           695584.417     3.088926503E+32 1.734593607E+29  0.00000000    
     150  5000.08502           695584.398     3.088926165E+32 1.734592885E+29  0.00000000    
     151  5000.09233           695584.385     3.088925939E+32 1.734592404E+29  0.00000000    
     152  5000.09720           695584.377     3.088925789E+32 1.734592083E+29  0.00000000    
     153  5000.10045           695584.371     3.088925688E+32 1.734591869E+29  0.00000000    
     154  5000.10262           695584.367     3.088925622E+32 1.734591727E+29  0.00000000    
     155  5000.10406           695584.365     3.088925577E+32 1.734591632E+29  0.00000000    
     156  5000.10502           695584.363     3.088925547E+32 1.734591568E+29  0.00000000    
     157  5000.10567           695584.362     3.088925528E+32 1.734591526E+29  0.00000000    
     158  5000.10609           695584.361     3.088925514E+32 1.734591498E+29  0.00000000    
     159  5000.10638           695584.361     3.088925506E+32 1.734591479E+29  0.00000000    
     160  5000.10657           695584.360     3.088925500E+32 1.734591467E+29  0.00000000    
     161  5000.10670           695584.360     3.088925496E+32 1.734591458E+29  0.00000000    
     162  5000.10680           695584.360     3.088925493E+32 1.734591452E+29  0.00000000    
     163  5000.10690           695584.360     3.088925490E+32 1.734591786E+29 1.846476019E+35
     164  5000.10700           695584.360     3.088925487E+32 1.734592124E+29 1.846476019E+35
     165  5000.10712           695584.359     3.088925483E+32 1.734592533E+29 1.846476019E+35
     166  5000.10726           695584.359     3.088925481E+32 1.734593028E+29 1.846476019E+35
     167  5000.10743           695584.361     3.088925506E+32 1.734593626E+29 1.846476019E+35
     168  5000.10764           695584.374     3.088925741E+32 1.734594347E+29 1.846476019E+35
     169  5000.10789           695584.460     3.088927274E+32 1.734595215E+29 1.846476019E+35
     170  5000.10819           695584.902     3.088935120E+32 1.734596261E+29 1.846476019E+35
     171  5000.10855           695586.750     3.088967957E+32 1.734597519E+29 1.846476019E+35
     172  5000.10898           695593.228     3.089083027E+32 1.734599034E+29 1.846476019E+35
     173  5000.10949           695612.609     3.089427311E+32 1.734600856E+29 1.846476019E+35
     174  5000.11011           695662.968     3.090322041E+32 1.734603047E+29 1.846476019E+35
     175  5000.11085           695778.387     3.092373449E+32 1.734605683E+29 1.846476019E+35
     176  5000.11175           696015.018     3.096582399E+32 1.734608852E+29 1.846476019E+35
     177  5000.11282           696454.528     3.104411370E+32 1.734612663E+29 1.846476019E+35
     178  5000.11410           697202.626     3.117771310E+32 1.734617245E+29 1.846476019E+35
     179  5000.11564           698381.639     3.138914245E+32 1.734622758E+29 1.846476019E+35
     180  5000.11749           700118.066     3.170248720E+32 1.734629392E+29 1.846476019E+35
     181  5000.11971           702527.637     3.214118276E+32 1.734637377E+29 1.846476019E+35
     182  5000.12237           705701.135     3.272588984E+32 1.734646995E+29 1.846476019E+35
     183  5000.12557           709693.857     3.347282633E+32 1.734658582E+29 1.846476019E+35
     184  5000.12940           714520.546     3.439276451E+32 1.734672549E+29 1.846476019E+35
     185  5000.13400           720156.385     3.549077334E+32 1.734689391E+29 1.846476019E+35
     186  5000.13952           726543.570     3.676671719E+32 1.734709710E+29 1.846476019E+35
     187  5000.14615           733602.215     3.821648465E+32 1.734734244E+29 1.846476019E+35
     188  5000.15410           741243.701     3.983384806E+32 1.734763904E+29 1.846476019E+35
     189  5000.16363           749384.090     4.161271704E+32 1.734799829E+29 1.846476019E+35
     190  5000.17508           757955.104     4.354939501E+32 1.734843458E+29 1.846476019E+35
     191  5000.18882           766910.625     4.564437005E+32 1.734896644E+29 1.846476019E+35
     192  5000.20530           776227.841     4.790325899E+32 1.734961801E+29 1.846476019E+35
     193  5000.22509           785903.568     5.033675805E+32 1.735042128E+29 1.846476019E+35
     194  5000.24882           795947.119     5.295964427E+32 1.735141951E+29 1.846476019E+35
     195  5000.27731           806371.592     5.578906433E+32 1.735267249E+29 1.846476019E+35
     196  5000.31149           817185.610     5.884248977E+32 1.735426521E+29 1.846476019E+35
     197  5000.35251           828385.647     6.213530886E+32 1.735632219E+29 1.846476019E+35
     198  5000.40174           839951.824     6.567887556E+32 1.735903052E+29 1.846476019E+35
     199  5000.46080           851849.179     6.947987636E+32 1.736267494E+29 1.846476019E+35
     200  5000.53169           864033.968     7.354132759E+32 1.736768766E+29 1.846476019E+35
     201  5000.61674           876462.775     7.786496663E+32 1.737471383E+29 1.846476019E+35
     202  5000.71881           889100.760     8.245407514E+32 1.738469102E+29 1.846476019E+35
     203  5000.84130           901925.542     8.731541911E+32 1.739893945E+29 1.846476019E+35
     204  5000.98828           914925.168     9.245927777E+32 1.741925904E+29 1.846476019E+35
     205  5001.16465           928091.136     9.789729642E+32 1.744803063E+29 1.846476019E+35
     206  5001.37631           941409.113     1.036386606E+33 1.748832022E+29 1.846476019E+35
     207  5001.63029           954850.099     1.096854418E+33 1.754398610E+29 1.846476019E+35
     208  5001.93507           968363.695     1.160278365E+33 1.761978781E+29 1.846476019E+35
     209  5002.30080           981873.849     1.226396697E+33 1.772149424E+29 1.846476019E+35
     210  5002.73968           995276.762     1.294743249E+33 1.785598773E+29 1.846476019E+35
     211  5003.26634           1008440.84     1.364614270E+33 1.803136561E+29 1.846476019E+35
     212  5003.89833           1021209.39     1.435051204E+33 1.825705342E+29 1.846476019E+35
     213  5004.65671           1033407.31     1.504853818E+33 1.854396849E+29 1.846476019E+35
     214  5005.56678           1044853.32     1.572640685E+33 1.890481015E+29 1.846476019E+35
     215  5006.65885           1055378.13     1.636969386E+33 1.935459615E+29 1.846476019E+35
     216  5007.96934           1064847.42     1.696515124E+33 1.991159967E+29 1.846476019E+35
     217  5009.54193           1073186.45     1.750285591E+33 2.059884858E+29 1.846476019E+35
     218  5010.56369           1077626.17     1.779429204E+33 2.105576277E+29 1.846476019E+35
     219  5011.24487           1080225.96     1.796663054E+33 2.136462195E+29 1.846476019E+35
     220  5011.69898           1081817.90     1.807277570E+33 2.157236458E+29 1.846476019E+35
     221  5012.00173           1082821.42     1.813992783E+33 2.171166519E+29 1.846476019E+35
     222  5012.20356           1083466.13     1.818316849E+33 2.180488791E+29 1.846476019E+35
     223  5012.33811           1083885.53     1.821133891E+33 2.186719390E+29 1.846476019E+35
     224  5012.42781           1084160.62     1.822983375E+33 2.190880110E+29 1.846476019E+35
     225  5012.48761           1084342.03     1.824203865E+33 2.193657025E+29 1.846476019E+35
     226  5012.52748           1084462.11     1.825012024E+33 2.195509679E+29 1.846476019E+35
     227  5012.55406           1084541.78     1.825548369E+33 2.196745394E+29 1.846476019E+35
     228  5012.57178           1084594.72     1.825904857E+33 2.197569475E+29 1.846476019E+35
     229  5012.58359           1084629.94     1.826142040E+33 2.198118984E+29 1.846476019E+35
     230  5012.59147           1084653.39     1.826299950E+33 2.198485377E+29 1.846476019E+35
     231  5012.59672           1084669.00     1.826405130E+33 2.198729663E+29 1.846476019E+35
     232  5012.60022           1084679.41     1.826475209E+33 2.198892530E+29 1.846476019E+35
     233  5012.60255           1084686.34     1.826521909E+33 2.199001114E+29 1.846476019E+35
     234  5012.60411           1084690.96     1.826553034E+33 2.199073504E+29 1.846476019E+35
     235  5012.60514           1084694.04     1.826573781E+33 2.199121766E+29 1.846476019E+35
     236  5012.60583           1084696.10     1.826587610E+33 2.199153941E+29 1.846476019E+35
     237  5012.60630           1084697.46     1.826596829E+33 2.199175391E+29 1.846476019E+35
     238  5012.60660           1084698.38     1.826602975E+33 2.199189691E+29 1.846476019E+35
     239  5012.60681           1084698.99     1.826607072E+33 2.199199224E+29 1.846476019E+35
     240  5012.60694           1084699.39     1.826609803E+33 2.199205580E+29 1.846476019E+35
     241  5012.60704           1084699.69     1.826611803E+33 2.199210234E+29 1.846476019E+35
     242  5012.60714           1084699.98     1.826613803E+33 2.199214888E+29 1.846476019E+35
     243  5012.60724           1084700.28     1.826615803E+33 2.199212973E+29  0.00000000    
     244  5012.60736           1084700.64     1.826618203E+33 2.199210701E+29  0.00000000    
     245  5012.60751           1084701.07     1.826621082E+33 2.199207994E+29  0.00000000    
     246  5012.60768           1084701.58     1.826624536E+33 2.199204762E+29  0.00000000    
     247  5012.60789           1084702.19     1.826628663E+33 2.199200906E+29  0.00000000    
     248  5012.60814           1084702.91     1.826633493E+33 2.199196311E+29  0.00000000    
     249  5012.60844           1084703.67     1.826638608E+33 2.199190845E+29  0.00000000    
     250  5012.60879           1084704.14     1.826641776E+33 2.199184359E+29  0.00000000    
     251  5012.60922           1084703.14     1.826635055E+33 2.199176680E+29  0.00000000    
     252  5012.60974           1084697.35     1.826596050E+33 2.199167611E+29  0.00000000    
     253  5012.61036           1084678.98     1.826472317E+33 2.199156928E+29  0.00000000    
     254  5012.61110           1084632.53     1.826159461E+33 2.199144372E+29  0.00000000    
     255  5012.61199           1084531.32     1.825477966E+33 2.199129652E+29  0.00000000    
     256  5012.61306           1084335.19     1.824157808E+33 2.199112436E+29  0.00000000    
     257  5012.61435           1083990.63     1.821840328E+33 2.199092355E+29  0.00000000    
     258  5012.61589           1083434.18     1.818102325E+33 2.199069001E+29  0.00000000    
     259  5012.61774           1082598.56     1.812499856E+33 2.199041925E+29  0.00000000    
     260  5012.61996           1081420.34     1.804622376E+33 2.199010650E+29  0.00000000    
     261  5012.62262           1079847.24     1.794144826E+33 2.198974676E+29  0.00000000    
     262  5012.62581           1077843.75     1.780866743E+33 2.198933498E+29  0.00000000    
     263  5012.62965           1075394.07     1.764731959E+33 2.198886630E+29  0.00000000    
     264  5012.63425           1072502.45     1.745827662E+33 2.198833644E+29  0.00000000    
     265  5012.63977           1069190.96     1.724365455E+33 2.198774235E+29  0.00000000    
     266  5012.64639           1065495.48     1.700648847E+33 2.198708312E+29  0.00000000    
     267  5012.65434           1061460.20     1.675031798E+33 2.198636148E+29  0.00000000    
     268  5012.66388           1057131.19     1.647873032E+33 2.198558583E+29  0.00000000    
     269  5012.67533           1052549.73     1.619491570E+33 2.198477318E+29  0.00000000    
     270  5012.68907           1047746.26     1.590130179E+33 2.198395282E+29  0.00000000    
     271  5012.70555           1042736.21     1.559933246E+33 2.198317082E+29  0.00000000    
     272  5012.72533           1037518.27     1.528942718E+33 2.198249505E+29  0.00000000    
     273  5012.74907           1032075.39     1.497110623E+33 2.198202071E+29  0.00000000    
     274  5012.77756           1026377.42     1.464321881E+33 2.198187576E+29  0.00000000    
     275  5012.81174           1020384.43     1.430419724E+33 2.198222640E+29  0.00000000    
     276  5012.85276           1014049.79     1.395228445E+33 2.198328218E+29  0.00000000    
     277  5012.90198           1007322.79     1.358572561E+33 2.198530073E+29  0.00000000    
     278  5012.96105           1000151.09     1.320293987E+33 2.198859227E+29  0.00000000    
     279  5013.03193           992483.067     1.280267210E+33 2.199352467E+29  0.00000000    
     280  5013.11699           984268.890     1.238406532E+33 2.200053070E+29  0.00000000    
     281  5013.21906           975457.480     1.194652437E+33 2.201012110E+29  0.00000000    
     282  5013.34155           965985.455     1.148922007E+33 2.202290728E+29  0.00000000    
     283  5013.48853           955754.997     1.101018227E+33 2.203963559E+29  0.00000000    
     284  5013.66490           944601.887     1.050517845E+33 2.206122704E+29  0.00000000    
     285  5013.87655           932262.162     9.966907579E+32 2.208880106E+29  0.00000000    
     286  5014.13054           918353.877     9.385306367E+32 2.212364010E+29  0.00000000    
     287  5014.43531           902396.947     8.749810942E+32 2.216703053E+29  0.00000000    
     288  5014.80105           883898.490     8.054113892E+32 2.221991246E+29  0.00000000    
     289  5015.23993           862531.211     7.303103856E+32 2.228232273E+29  0.00000000    
     290  5015.76659           838413.508     6.519904984E+32 2.235275293E+29  0.00000000    
     291  5016.39857           812424.799     5.748319320E+32 2.242773990E+29  0.00000000    
     292  5017.15696           786340.800     5.044886960E+32 2.250210018E+29  0.00000000    
     293  5018.06702           762494.199     4.460200427E+32 2.256999835E+29  0.00000000    
     294  5019.15910           742921.973     4.019583117E+32 2.262652560E+29  0.00000000    
     295  5020.46959           728559.305     3.717644324E+32 2.266904524E+29  0.00000000    
     296  5022.04218           719105.881     3.528414210E+32 2.269763335E+29  0.00000000    
     297  5023.92929           713495.879     3.419590287E+32 2.271448703E+29  0.00000000    
     298  5026.19382           710486.291     3.362257804E+32 2.272275891E+29  0.00000000    
     299  5028.91125           709028.570     3.334748921E+32 2.272546540E+29  0.00000000    
     300  5032.17217           708393.044     3.322808801E+32 2.272486727E+29  0.00000000    
     301  5036.08528           708143.222     3.318123981E+32 2.272234651E+29  0.00000000    
     302  5040.78100           708052.219     3.316418679E+32 2.271858062E+29  0.00000000    
     303  5046.41588           708017.598     3.315770075E+32 2.271379627E+29  0.00000000    
     304  5053.17772           707999.255     3.315426489E+32 2.270797344E+29  0.00000000    
     305  5061.29194           707983.492     3.315131225E+32 2.270096571E+29  0.00000000    
     306  5071.02900           707966.023     3.314804044E+32 2.269255418E+29  0.00000000    
     307  5082.71347           707945.348     3.314416847E+32 2.268246352E+29  0.00000000    
     308  5096.73483           707920.587     3.313953183E+32 2.267036064E+29  0.00000000    
     309  5113.56047           707890.883     3.313397003E+32 2.265584588E+29  0.00000000    
     310  5133.75123           707855.240     3.312729731E+32 2.263844075E+29  0.00000000    
     311  5157.98015           707812.472     3.311929188E+32 2.261757267E+29  0.00000000    
     312  5187.05485           707761.154     3.310968799E+32 2.259255700E+29  0.00000000    
     313  5221.94450           707699.577     3.309816710E+32 2.256257562E+29  0.00000000    
     314  5263.81207           707625.694     3.308434747E+32 2.252665178E+29  0.00000000    
     315  5314.05315           707537.044     3.306777174E+32 2.248362053E+29  0.00000000    
     316  5374.34245           707430.681     3.304789214E+32 2.243209422E+29  0.00000000    
     317  5446.68961           707303.069     3.302405282E+32 2.237042236E+29  0.00000000    
     318  5533.50621           707149.969     3.299546897E+32 2.229664545E+29  0.00000000    
     319  5637.68612           706966.297     3.296120192E+32 2.220844222E+29  0.00000000    
     320  5762.70202           706745.960     3.292012974E+32 2.210307023E+29  0.00000000    
     321  5912.72109           706481.657     3.287091258E+32 2.197729994E+29  0.00000000    
     322  6092.74398           706164.639     3.281195184E+32 2.182734333E+29  0.00000000    
     323  6308.77145           705784.426     3.274134250E+32 2.164877888E+29  0.00000000    
     324  6568.00441           705328.472     3.265681754E+32 2.143647655E+29  0.00000000    
     325  6879.08396           704781.760     3.255568384E+32 2.118452829E+29  0.00000000    
     326  7252.37942           704126.330     3.243474870E+32 2.088619301E+29  0.00000000    
     327  7700.33398           703340.713     3.229023670E+32 2.053386871E+29  0.00000000    
     328  8237.87944           702399.267     3.211769708E+32 2.011911021E+29  0.00000000    
     329  8882.93400           701271.395     3.191190253E+32 1.963271746E+29  0.00000000    
     330  9656.99947           699920.632     3.166674191E+32 1.906492710E+29  0.00000000    
     331  10585.8780           698303.580     3.137511113E+32 1.840574870E+29  0.00000000    
     332  11700.5323           696368.678     3.102880962E+32 1.764549369E+29  0.00000000    
     333  13038.1175           694054.802     3.061845366E+32 1.677554866E+29  0.00000000    
     334  14643.2196           691289.675     3.013342386E+32 1.578943879E+29  0.00000000    
     335  16569.3422           687988.106     2.956187118E+32 1.468420583E+29  0.00000000    
     336  18880.6893           684050.085     2.889081577E+32 1.346207800E+29  0.00000000    
     337  21654.3059           679358.783     2.810638415E+32 1.213232762E+29  0.00000000    
     338  24982.6457           673778.569     2.719424285E+32 1.071308794E+29  0.00000000    
     339  28976.6535           667153.219     2.614029857E+32 9.232741196E+28  0.00000000    
     340  33769.4629           659304.599     2.493174176E+32 7.730321820E+28  0.00000000    
     341  39520.8341           650032.223     2.355850582E+32 6.254272795E+28  0.00000000    
     342  46422.4796           639114.315     2.201518702E+32 4.858957536E+28  0.00000000    
     343  54704.4542           626311.187     2.030340494E+32 3.598699262E+28  0.00000000    
     344  64642.8238           611372.042     1.843446330E+32 2.519873492E+28  0.00000000    
     345  76568.8672           594046.505     1.643198308E+32 1.652618149E+28  0.00000000    
     346  90880.1193           574102.287     1.433393088E+32 1.004645991E+28  0.00000000    
     347  108053.622           551350.070     1.219320671E+32 5.597706232E+27  0.00000000    
