
 EOS                                                                            

              Mstar     = 1.000E+00    Rstar     = 1.177E+06
              Mexo      = 0.000E+00    Rexo      = 0.000E+00
              Mcore     = 9.785E-01    Rcore     = 1.033E+06
              Mincrust  = 2.150E-02    Rincrust  = 8.056E+04
              Moutcrust = 4.984E-05    Routcrust = 6.305E+04

rho_cen=   0.718E+15
  icore= 401   sfn1s0=  0.                 emnco= 5.   rhoexo=   5.000E+24
  idrip= 553   sfn3p2=  0.  fn3p2= 1.00    emncr= 5.     cexo=   1.000E+25
   imax= 769   sfp1s0=  0.  fp1s0= 1.00      emp= 3.     pexo=   6.000E+00

            DUrca not possible
          e-ion bremstrahlung:  1             bubble neutrinos:  0
             plasma neutrinos:  1              neutron 1S0 pbf:  1
               pair neutrinos:  0              neutron 3P2 pbf:  1
              photo neutrinos:  0               proton 1S0 pbf:  1



    Step      Time            Teff       L_phot       L_nu        L_heat 
             [years]      at inf [K]    [erg/sec]   [erg/sec]   [erg/sec]

       1 1.000000000E-12       548169.281     1.191425738E+32 2.127931416E+29  0.00000000    
       2 2.500000000E-12       548169.281     1.191425738E+32 2.127931416E+29  0.00000000    
       3 4.750000000E-12       548169.281     1.191425738E+32 2.127931416E+29  0.00000000    
       4 8.125000000E-12       548169.281     1.191425737E+32 2.127931416E+29  0.00000000    
       5 1.318750000E-11       548169.281     1.191425736E+32 2.127931416E+29  0.00000000    
       6 2.078125000E-11       548169.281     1.191425735E+32 2.127931416E+29  0.00000000    
       7 3.217187500E-11       548169.281     1.191425734E+32 2.127931416E+29  0.00000000    
       8 4.925781250E-11       548169.281     1.191425732E+32 2.127931416E+29  0.00000000    
       9 7.488671875E-11       548169.280     1.191425728E+32 2.127931416E+29  0.00000000    
      10 1.133300781E-10       548169.280     1.191425723E+32 2.127931416E+29  0.00000000    
      11 1.709951172E-10       548169.279     1.191425716E+32 2.127931416E+29  0.00000000    
      12 2.574926758E-10       548169.277     1.191425704E+32 2.127931415E+29  0.00000000    
      13 3.872390137E-10       548169.276     1.191425688E+32 2.127931415E+29  0.00000000    
      14 5.818585205E-10       548169.273     1.191425662E+32 2.127931415E+29  0.00000000    
      15 8.737877808E-10       548169.268     1.191425624E+32 2.127931415E+29  0.00000000    
      16 1.311681671E-09       548169.262     1.191425567E+32 2.127931414E+29  0.00000000    
      17 1.968522507E-09       548169.252     1.191425481E+32 2.127931414E+29  0.00000000    
      18 2.953783760E-09       548169.237     1.191425352E+32 2.127931413E+29  0.00000000    
      19 4.431675640E-09       548169.215     1.191425158E+32 2.127931411E+29  0.00000000    
      20 6.648513460E-09       548169.181     1.191424869E+32 2.127931409E+29  0.00000000    
      21 9.973770190E-09       548169.131     1.191424434E+32 2.127931406E+29  0.00000000    
      22 1.496165529E-08       548169.056     1.191423782E+32 2.127931401E+29  0.00000000    
      23 2.244348293E-08       548168.944     1.191422804E+32 2.127931394E+29  0.00000000    
      24 3.366622439E-08       548168.775     1.191421339E+32 2.127931383E+29  0.00000000    
      25 5.050033659E-08       548168.523     1.191419144E+32 2.127931367E+29  0.00000000    
      26 7.575150488E-08       548168.145     1.191415855E+32 2.127931343E+29  0.00000000    
      27 1.136282573E-07       548167.579     1.191410934E+32 2.127931307E+29  0.00000000    
      28 1.704433860E-07       548166.732     1.191403578E+32 2.127931252E+29  0.00000000    
      29 2.556660790E-07       548165.470     1.191392601E+32 2.127931170E+29  0.00000000    
      30 3.835001185E-07       548163.590     1.191376260E+32 2.127931048E+29  0.00000000    
      31 5.752511777E-07       548160.802     1.191352026E+32 2.127930865E+29  0.00000000    
      32 8.628777665E-07       548156.691     1.191316279E+32 2.127930590E+29  0.00000000    
      33 1.294317650E-06       548150.672     1.191263962E+32 2.127930180E+29  0.00000000    
      34 1.941477475E-06       548141.960     1.191188230E+32 2.127929567E+29  0.00000000    
      35 2.912217212E-06       548129.538     1.191080254E+32 2.127928654E+29  0.00000000    
      36 4.368326818E-06       548112.177     1.190929362E+32 2.127927300E+29  0.00000000    
      37 6.552491227E-06       548088.517     1.190723737E+32 2.127925299E+29  0.00000000    
      38 9.828737841E-06       548057.204     1.190451652E+32 2.127922366E+29  0.00000000    
      39 1.474310776E-05       548017.052     1.190102826E+32 2.127918110E+29  0.00000000    
      40 2.211466264E-05       547967.129     1.189669231E+32 2.127912023E+29  0.00000000    
      41 3.317199496E-05       547906.772     1.189145159E+32 2.127903495E+29  0.00000000    
      42 4.975799344E-05       547835.587     1.188527295E+32 2.127891872E+29  0.00000000    
      43 7.463699117E-05       547753.588     1.187815874E+32 2.127876608E+29  0.00000000    
      44 1.119554877E-04       547661.515     1.187017425E+32 2.127857491E+29  0.00000000    
      45 1.679332326E-04       547561.326     1.186149050E+32 2.127834889E+29  0.00000000    
      46 2.518998499E-04       547456.877     1.185244259E+32 2.127809798E+29  0.00000000    
      47 3.778497759E-04       547354.805     1.184360570E+32 2.127783469E+29  0.00000000    
      48 5.667746649E-04       547265.650     1.183589105E+32 2.127756563E+29  0.00000000    
      49 8.501619983E-04       547205.202     1.183066256E+32 2.127728218E+29  0.00000000    
      50 1.275242998E-03       547196.040     1.182987032E+32 2.127695618E+29  0.00000000    
      51 1.912864499E-03       547269.125     1.183619169E+32 2.127654206E+29  0.00000000    
      52 2.869296749E-03       547465.313     1.185317317E+32 2.127598065E+29  0.00000000    
      53 4.303945124E-03       547837.000     1.188539562E+32 2.127519807E+29  0.00000000    
      54 6.455917688E-03       548450.414     1.193871743E+32 2.127409773E+29  0.00000000    
      55 9.038284764E-03       549202.993     1.200438131E+32 2.127284560E+29  0.00000000    
      56 1.213712525E-02       550095.626     1.208261576E+32 2.127141114E+29  0.00000000    
      57 1.585573384E-02       551135.753     1.217425908E+32 2.126976082E+29  0.00000000    
      58 2.031806415E-02       552335.996     1.228065662E+32 2.126785719E+29  0.00000000    
      59 2.567286052E-02       553714.228     1.240369081E+32 2.126565822E+29  0.00000000    
      60 3.209861616E-02       555294.697     1.254591391E+32 2.126311673E+29  0.00000000    
      61 3.980952293E-02       557110.109     1.271078446E+32 2.126018016E+29  0.00000000    
      62 4.906261106E-02       559204.685     1.290302101E+32 2.125679051E+29  0.00000000    
      63 6.016631681E-02       561637.964     1.312907185E+32 2.125288468E+29  0.00000000    
      64 7.349076371E-02       564488.364     1.339763606E+32 2.124839532E+29  0.00000000    
      65 8.948009999E-02       567854.259     1.372005170E+32 2.124325238E+29  0.00000000    
      66 0.108667304           571849.235     1.411023919E+32 2.123738532E+29  0.00000000    
      67 0.131691948           576588.595     1.458385676E+32 2.123072629E+29  0.00000000    
      68 0.159321521           582166.957     1.515648199E+32 2.122321415E+29  0.00000000    
      69 0.192477009           588631.247     1.584095820E+32 2.121479916E+29  0.00000000    
      70 0.232263594           595957.015     1.664439231E+32 2.120544796E+29  0.00000000    
      71 0.280007496           604036.355     1.756549983E+32 2.119514816E+29  0.00000000    
      72 0.337300179           612682.204     1.859299121E+32 2.118391139E+29  0.00000000    
      73 0.406051398           621648.491     1.970551245E+32 2.117177422E+29  0.00000000    
      74 0.488552861           630661.110     2.087336187E+32 2.115879640E+29  0.00000000    
      75 0.587554617           639452.790     2.206186108E+32 2.114505737E+29  0.00000000    
      76 0.706356724           647795.306     2.323589394E+32 2.113065290E+29  0.00000000    
      77 0.848919253           655523.934     2.436477526E+32 2.111569430E+29  0.00000000    
      78  1.01999429           662550.377     2.542633836E+32 2.110031235E+29  0.00000000    
      79  1.22528433           668861.617     2.640908156E+32 2.108466614E+29  0.00000000    
      80  1.47163238           674504.155     2.731157323E+32 2.106895439E+29  0.00000000    
      81  1.76725004           679556.648     2.813914262E+32 2.105342468E+29  0.00000000    
      82  2.12199123           684098.118     2.889893119E+32 2.103837451E+29  0.00000000    
      83  2.54768065           688181.527     2.959512933E+32 2.102413857E+29  0.00000000    
      84  3.05850797           691821.240     3.022621488E+32 2.101105955E+29  0.00000000    
      85  3.67150075           694997.737     3.078518447E+32 2.099944458E+29  0.00000000    
      86  4.40709208           697676.275     3.126252261E+32 2.098951504E+29  0.00000000    
      87  5.28980168           699831.227     3.165056512E+32 2.098136225E+29  0.00000000    
      88  6.34905320           701466.477     3.194742679E+32 2.097492261E+29  0.00000000    
      89  7.62015502           702624.628     3.215893610E+32 2.096998228E+29  0.00000000    
      90  9.14547721           703382.548     3.229791992E+32 2.096621295E+29  0.00000000    
      91  10.9758638           703836.209     3.238132547E+32 2.096322931E+29  0.00000000    
      92  13.1723278           704081.673     3.242652119E+32 2.096065001E+29  0.00000000    
      93  15.8080845           704199.624     3.244825571E+32 2.095814297E+29  0.00000000    
      94  18.9709926           704247.937     3.245716119E+32 2.095544407E+29  0.00000000    
      95  22.7664823           704262.268     3.245980320E+32 2.095235025E+29  0.00000000    
      96  27.3210700           704261.475     3.245965709E+32 2.094869775E+29  0.00000000    
      97  32.7865751           704254.038     3.245828596E+32 2.094433702E+29  0.00000000    
      98  39.3451814           704243.080     3.245626587E+32 2.093911209E+29  0.00000000    
      99  47.2155088           704229.380     3.245374036E+32 2.093284575E+29  0.00000000    
     100  56.6599018           704212.812     3.245068633E+32 2.092532911E+29  0.00000000    
     101  67.9931733           704192.905     3.244701716E+32 2.091631288E+29  0.00000000    
     102  81.5930991           704169.013     3.244261391E+32 2.090549867E+29  0.00000000    
     103  97.9130101           704140.343     3.243733071E+32 2.089252919E+29  0.00000000    
     104  117.496903           704105.941     3.243099202E+32 2.087697670E+29  0.00000000    
     105  140.997575           704064.660     3.242338727E+32 2.085832937E+29  0.00000000    
     106  169.198381           704015.128     3.241426400E+32 2.083597512E+29  0.00000000    
     107  203.039349           703955.694     3.240331957E+32 2.080918244E+29  0.00000000    
     108  243.648510           703884.381     3.239019126E+32 2.077707784E+29  0.00000000    
     109  292.379503           703798.816     3.237444453E+32 2.073861934E+29  0.00000000    
     110  350.856695           703696.153     3.235555885E+32 2.069256547E+29  0.00000000    
     111  421.029325           703572.979     3.233291100E+32 2.063743919E+29  0.00000000    
     112  505.236481           703425.203     3.230575513E+32 2.057148636E+29  0.00000000    
     113  606.285069           703247.917     3.227319907E+32 2.049262813E+29  0.00000000    
     114  727.543373           703035.240     3.223417640E+32 2.039840723E+29  0.00000000    
     115  873.053339           702780.123     3.218741332E+32 2.028592820E+29  0.00000000    
     116  1047.66530           702474.118     3.213138984E+32 2.015179237E+29  0.00000000    
     117  1257.19965           702107.111     3.206429422E+32 1.999202909E+29  0.00000000    
     118  1508.64087           701666.985     3.198396997E+32 1.980202627E+29  0.00000000    
     119  1810.37034           701139.243     3.188785450E+32 1.957646498E+29  0.00000000    
     120  2172.44569           700506.540     3.177290878E+32 1.930926570E+29  0.00000000    
     121  2606.93612           699748.143     3.163553759E+32 1.899355734E+29  0.00000000    
     122  3128.32464           698839.287     3.147150036E+32 1.862168488E+29  0.00000000    
     123  3753.99086           697750.416     3.127581349E+32 1.818527771E+29  0.00000000    
     124  4169.36289           697028.009     3.114649044E+32 1.790113482E+29  0.00000000    
     125  4446.27758           696546.619     3.106053662E+32 1.771414213E+29  0.00000000    
     126  4630.88737           696225.789     3.100335008E+32 1.759055139E+29  0.00000000    
     127  4753.96056           696011.945     3.096527721E+32 1.750863019E+29  0.00000000    
     128  4836.00936           695869.402     3.093991816E+32 1.745422511E+29  0.00000000    
     129  4890.70855           695774.381     3.092302228E+32 1.741804767E+29  0.00000000    
     130  4927.17469           695711.037     3.091176287E+32 1.739397046E+29  0.00000000    
     131  4951.48544           695668.810     3.090425860E+32 1.737793721E+29  0.00000000    
     132  4967.69261           695640.659     3.089925665E+32 1.736725648E+29  0.00000000    
     133  4978.49739           695621.893     3.089592241E+32 1.736013958E+29  0.00000000    
     134  4985.70058           695609.381     3.089369976E+32 1.735539658E+29  0.00000000    
     135  4990.50270           695601.041     3.089221807E+32 1.735223529E+29  0.00000000    
     136  4993.70412           695595.480     3.089123031E+32 1.735012808E+29  0.00000000    
     137  4995.83839           695591.773     3.089057182E+32 1.734872342E+29  0.00000000    
     138  4997.26125           695589.302     3.089013284E+32 1.734778703E+29  0.00000000    
     139  4998.20981           695587.655     3.088984018E+32 1.734716281E+29  0.00000000    
     140  4998.84219           695586.556     3.088964508E+32 1.734674667E+29  0.00000000    
     141  4999.26378           695585.824     3.088951501E+32 1.734646925E+29  0.00000000    
     142  4999.54484           695585.336     3.088942830E+32 1.734628430E+29  0.00000000    
     143  4999.73221           695585.010     3.088937049E+32 1.734616101E+29  0.00000000    
     144  4999.85712           695584.794     3.088933196E+32 1.734607881E+29  0.00000000    
     145  4999.94040           695584.649     3.088930626E+32 1.734602401E+29  0.00000000    
     146  4999.99591           695584.552     3.088928914E+32 1.734598748E+29  0.00000000    
     147  5000.03293           695584.488     3.088927772E+32 1.734596313E+29  0.00000000    
     148  5000.05760           695584.445     3.088927010E+32 1.734594689E+29  0.00000000    
     149  5000.07405           695584.417     3.088926503E+32 1.734593607E+29  0.00000000    
     150  5000.08502           695584.398     3.088926165E+32 1.734592885E+29  0.00000000    
     151  5000.09233           695584.385     3.088925939E+32 1.734592404E+29  0.00000000    
     152  5000.09720           695584.377     3.088925789E+32 1.734592083E+29  0.00000000    
     153  5000.10045           695584.371     3.088925688E+32 1.734591869E+29  0.00000000    
     154  5000.10262           695584.367     3.088925622E+32 1.734591727E+29  0.00000000    
     155  5000.10406           695584.365     3.088925577E+32 1.734591632E+29  0.00000000    
     156  5000.10502           695584.363     3.088925547E+32 1.734591568E+29  0.00000000    
     157  5000.10567           695584.362     3.088925528E+32 1.734591526E+29  0.00000000    
     158  5000.10609           695584.361     3.088925514E+32 1.734591498E+29  0.00000000    
     159  5000.10638           695584.361     3.088925506E+32 1.734591479E+29  0.00000000    
     160  5000.10657           695584.360     3.088925500E+32 1.734591467E+29  0.00000000    
     161  5000.10670           695584.360     3.088925496E+32 1.734591458E+29  0.00000000    
     162  5000.10680           695584.360     3.088925493E+32 1.734591452E+29  0.00000000    
     163  5000.10690           695584.360     3.088925490E+32 1.734591755E+29 1.678614563E+35
     164  5000.10700           695584.360     3.088925487E+32 1.734592061E+29 1.678614563E+35
     165  5000.10712           695584.359     3.088925483E+32 1.734592433E+29 1.678614563E+35
     166  5000.10726           695584.359     3.088925481E+32 1.734592882E+29 1.678614563E+35
     167  5000.10743           695584.360     3.088925503E+32 1.734593424E+29 1.678614563E+35
     168  5000.10764           695584.372     3.088925716E+32 1.734594077E+29 1.678614563E+35
     169  5000.10789           695584.451     3.088927110E+32 1.734594864E+29 1.678614563E+35
     170  5000.10819           695584.853     3.088934244E+32 1.734595812E+29 1.678614563E+35
     171  5000.10855           695586.534     3.088964103E+32 1.734596953E+29 1.678614563E+35
     172  5000.10898           695592.425     3.089068748E+32 1.734598325E+29 1.678614563E+35
     173  5000.10949           695610.050     3.089381851E+32 1.734599976E+29 1.678614563E+35
     174  5000.11011           695655.850     3.090195575E+32 1.734601961E+29 1.678614563E+35
     175  5000.11085           695760.828     3.092061306E+32 1.734604347E+29 1.678614563E+35
     176  5000.11175           695976.069     3.095889324E+32 1.734607216E+29 1.678614563E+35
     177  5000.11282           696375.892     3.103009541E+32 1.734610666E+29 1.678614563E+35
     178  5000.11410           697056.537     3.115158994E+32 1.734614813E+29 1.678614563E+35
     179  5000.11564           698129.464     3.134383037E+32 1.734619799E+29 1.678614563E+35
     180  5000.11749           699710.093     3.162865716E+32 1.734625798E+29 1.678614563E+35
     181  5000.11971           701904.296     3.202726116E+32 1.734633015E+29 1.678614563E+35
     182  5000.12237           704795.549     3.255823178E+32 1.734641704E+29 1.678614563E+35
     183  5000.12557           708435.372     3.323603040E+32 1.734652166E+29 1.678614563E+35
     184  5000.12940           712838.677     3.407008528E+32 1.734664767E+29 1.678614563E+35
     185  5000.13400           717984.579     3.506458184E+32 1.734679950E+29 1.678614563E+35
     186  5000.13952           723822.246     3.621895421E+32 1.734698251E+29 1.678614563E+35
     187  5000.14615           730280.706     3.752904438E+32 1.734720323E+29 1.678614563E+35
     188  5000.15410           737280.917     3.898882720E+32 1.734746974E+29 1.678614563E+35
     189  5000.16363           744747.987     4.059247688E+32 1.734779208E+29 1.678614563E+35
     190  5000.17508           752621.250     4.233641745E+32 1.734818292E+29 1.678614563E+35
     191  5000.18882           760860.359     4.422094608E+32 1.734865851E+29 1.678614563E+35
     192  5000.20530           769446.516     4.625108754E+32 1.734923999E+29 1.678614563E+35
     193  5000.22509           778379.174     4.843653074E+32 1.734995532E+29 1.678614563E+35
     194  5000.24882           787669.467     5.079070513E+32 1.735084221E+29 1.678614563E+35
     195  5000.27731           797331.861     5.332915143E+32 1.735195277E+29 1.678614563E+35
     196  5000.31149           807375.847     5.606750256E+32 1.735336109E+29 1.678614563E+35
     197  5000.35251           817799.565     5.901952367E+32 1.735517597E+29 1.678614563E+35
     198  5000.40174           828585.756     6.219536952E+32 1.735756134E+29 1.678614563E+35
     199  5000.46080           839702.599     6.560095896E+32 1.736076768E+29 1.678614563E+35
     200  5000.53169           851109.608     6.923890199E+32 1.736517662E+29 1.678614563E+35
     201  5000.61674           862766.257     7.311067697E+32 1.737135954E+29 1.678614563E+35
     202  5000.71881           874639.752     7.721915547E+32 1.738014871E+29 1.678614563E+35
     203  5000.84130           886708.584     8.157026060E+32 1.739271775E+29 1.678614563E+35
     204  5000.98828           898960.351     8.617282854E+32 1.741066756E+29 1.678614563E+35
     205  5001.16465           911384.819     9.103645978E+32 1.743611524E+29 1.678614563E+35
     206  5001.37631           923964.802     9.616785044E+32 1.747178461E+29 1.678614563E+35
     207  5001.63029           936667.544     1.015664066E+33 1.752109812E+29 1.678614563E+35
     208  5001.93507           949438.229     1.072198161E+33 1.758826923E+29 1.678614563E+35
     209  5002.30080           962195.977     1.130999327E+33 1.767839365E+29 1.678614563E+35
     210  5002.73968           974832.064     1.191591565E+33 1.779753838E+29 1.678614563E+35
     211  5003.26634           987210.364     1.253276866E+33 1.795283299E+29 1.678614563E+35
     212  5003.89833           999170.782     1.315125207E+33 1.815257974E+29 1.678614563E+35
     213  5004.65671           1010537.07     1.375996087E+33 1.840642025E+29 1.678614563E+35
     214  5005.56678           1021130.37     1.434607060E+33 1.872562491E+29 1.678614563E+35
     215  5006.65885           1030788.69     1.489658687E+33 1.912360061E+29 1.678614563E+35
     216  5007.96934           1039390.79     1.540010389E+33 1.961673042E+29 1.678614563E+35
     217  5009.54193           1046880.47     1.584880728E+33 2.022565628E+29 1.678614563E+35
     218  5010.56369           1050838.08     1.608982834E+33 2.063033123E+29 1.678614563E+35
     219  5011.24487           1053143.86     1.623151272E+33 2.090384626E+29 1.678614563E+35
     220  5011.69898           1054551.07     1.631844095E+33 2.108780608E+29 1.678614563E+35
     221  5012.00173           1055436.20     1.637329707E+33 2.121115540E+29 1.678614563E+35
     222  5012.20356           1056004.04     1.640856180E+33 2.129370149E+29 1.678614563E+35
     223  5012.33811           1056373.08     1.643151115E+33 2.134887092E+29 1.678614563E+35
     224  5012.42781           1056614.99     1.644656740E+33 2.138571205E+29 1.678614563E+35
     225  5012.48761           1056774.46     1.645649844E+33 2.141030011E+29 1.678614563E+35
     226  5012.52748           1056879.98     1.646307230E+33 2.142670427E+29 1.678614563E+35
     227  5012.55406           1056949.98     1.646743422E+33 2.143764577E+29 1.678614563E+35
     228  5012.57178           1056996.49     1.647033302E+33 2.144494249E+29 1.678614563E+35
     229  5012.58359           1057027.43     1.647226150E+33 2.144980803E+29 1.678614563E+35
     230  5012.59147           1057048.03     1.647354536E+33 2.145305220E+29 1.678614563E+35
     231  5012.59672           1057061.74     1.647440047E+33 2.145521519E+29 1.678614563E+35
     232  5012.60022           1057070.88     1.647497019E+33 2.145665728E+29 1.678614563E+35
     233  5012.60255           1057076.97     1.647534984E+33 2.145761871E+29 1.678614563E+35
     234  5012.60411           1057081.03     1.647560288E+33 2.145825968E+29 1.678614563E+35
     235  5012.60514           1057083.73     1.647577153E+33 2.145868701E+29 1.678614563E+35
     236  5012.60583           1057085.54     1.647588396E+33 2.145897189E+29 1.678614563E+35
     237  5012.60630           1057086.74     1.647595890E+33 2.145916182E+29 1.678614563E+35
     238  5012.60660           1057087.54     1.647600886E+33 2.145928844E+29 1.678614563E+35
     239  5012.60681           1057088.08     1.647604217E+33 2.145937285E+29 1.678614563E+35
     240  5012.60694           1057088.43     1.647606437E+33 2.145942912E+29 1.678614563E+35
     241  5012.60704           1057088.69     1.647608063E+33 2.145947033E+29 1.678614563E+35
     242  5012.60714           1057088.95     1.647609689E+33 2.145951154E+29 1.678614563E+35
     243  5012.60724           1057089.21     1.647611314E+33 2.145950585E+29  0.00000000    
     244  5012.60736           1057089.53     1.647613265E+33 2.145949916E+29  0.00000000    
     245  5012.60751           1057089.90     1.647615606E+33 2.145949124E+29  0.00000000    
     246  5012.60768           1057090.35     1.647618414E+33 2.145948181E+29  0.00000000    
     247  5012.60789           1057090.89     1.647621767E+33 2.145947060E+29  0.00000000    
     248  5012.60814           1057091.52     1.647625683E+33 2.145945733E+29  0.00000000    
     249  5012.60844           1057092.18     1.647629780E+33 2.145944172E+29  0.00000000    
     250  5012.60879           1057092.54     1.647632073E+33 2.145942345E+29  0.00000000    
     251  5012.60922           1057091.49     1.647625534E+33 2.145940222E+29  0.00000000    
     252  5012.60974           1057085.86     1.647590387E+33 2.145937773E+29  0.00000000    
     253  5012.61036           1057068.21     1.647480361E+33 2.145934967E+29  0.00000000    
     254  5012.61110           1057023.78     1.647203408E+33 2.145931779E+29  0.00000000    
     255  5012.61199           1056927.17     1.646601289E+33 2.145928188E+29  0.00000000    
     256  5012.61306           1056740.13     1.645436021E+33 2.145924183E+29  0.00000000    
     257  5012.61435           1056411.71     1.643391480E+33 2.145919772E+29  0.00000000    
     258  5012.61589           1055881.48     1.640094550E+33 2.145914986E+29  0.00000000    
     259  5012.61774           1055085.34     1.635153599E+33 2.145909894E+29  0.00000000    
     260  5012.61996           1053962.82     1.628206071E+33 2.145904617E+29  0.00000000    
     261  5012.62262           1052464.05     1.618964322E+33 2.145899353E+29  0.00000000    
     262  5012.62581           1050555.05     1.607250076E+33 2.145894404E+29  0.00000000    
     263  5012.62965           1048220.62     1.593011834E+33 2.145890216E+29  0.00000000    
     264  5012.63425           1045464.59     1.576324108E+33 2.145887432E+29  0.00000000    
     265  5012.63977           1042307.72     1.557370742E+33 2.145886970E+29  0.00000000    
     266  5012.64639           1038783.80     1.536416169E+33 2.145890130E+29  0.00000000    
     267  5012.65434           1034934.41     1.513768673E+33 2.145898743E+29  0.00000000    
     268  5012.66388           1030802.73     1.489739868E+33 2.145915377E+29  0.00000000    
     269  5012.67533           1026427.09     1.464605363E+33 2.145943607E+29  0.00000000    
     270  5012.68907           1021835.29     1.438572620E+33 2.145988352E+29  0.00000000    
     271  5012.70555           1017040.63     1.411761734E+33 2.146056267E+29  0.00000000    
     272  5012.72533           1012040.36     1.384202186E+33 2.146156185E+29  0.00000000    
     273  5012.74907           1006816.63     1.355844015E+33 2.146299594E+29  0.00000000    
     274  5012.77756           1001339.01     1.326577866E+33 2.146501122E+29  0.00000000    
     275  5012.81174           995567.608     1.296257348E+33 2.146779039E+29  0.00000000    
     276  5012.85276           989456.032     1.264719459E+33 2.147155752E+29  0.00000000    
     277  5012.90198           982954.040     1.231802404E+33 2.147658284E+29  0.00000000    
     278  5012.96105           976010.086     1.197361865E+33 2.148318714E+29  0.00000000    
     279  5013.03193           968573.566     1.161284553E+33 2.149174575E+29  0.00000000    
     280  5013.11699           960595.348     1.123492340E+33 2.150269252E+29  0.00000000    
     281  5013.21906           952023.640     1.083924742E+33 2.151652524E+29  0.00000000    
     282  5013.34155           942791.679     1.042488234E+33 2.153381425E+29  0.00000000    
     283  5013.48853           932795.497     9.989734905E+32 2.155521413E+29  0.00000000    
     284  5013.66490           921865.052     9.529664335E+32 2.158147276E+29  0.00000000    
     285  5013.87655           909739.126     9.038069828E+32 2.161342074E+29  0.00000000    
     286  5014.13054           896061.229     8.506657476E+32 2.165190922E+29  0.00000000    
     287  5014.43531           880417.941     7.928001708E+32 2.169765190E+29  0.00000000    
     288  5014.80105           862441.859     7.300078114E+32 2.175093326E+29  0.00000000    
     289  5015.23993           841994.299     6.632004366E+32 2.181119428E+29  0.00000000    
     290  5015.76659           819412.009     5.948637411E+32 2.187661397E+29  0.00000000    
     291  5016.39857           795722.976     5.290001451E+32 2.194393023E+29  0.00000000    
     292  5017.15696           772633.825     4.702221336E+32 2.200876907E+29  0.00000000    
     293  5018.06702           752105.214     4.222042473E+32 2.206655440E+29  0.00000000    
     294  5019.15910           735630.044     3.864079317E+32 2.211370640E+29  0.00000000    
     295  5020.46959           723725.315     3.619955702E+32 2.214857411E+29  0.00000000    
     296  5022.04218           715960.909     3.467092601E+32 2.217164229E+29  0.00000000    
     297  5023.92929           711375.925     3.379129632E+32 2.218497284E+29  0.00000000    
     298  5026.19382           708923.470     3.332772103E+32 2.219126119E+29  0.00000000    
     299  5028.91125           707738.370     3.310542485E+32 2.219299582E+29  0.00000000    
     300  5032.17217           707222.659     3.300903786E+32 2.219200350E+29  0.00000000    
     301  5036.08528           707019.813     3.297118358E+32 2.218938033E+29  0.00000000    
     302  5040.78100           706945.110     3.295725098E+32 2.218564720E+29  0.00000000    
     303  5046.41588           706915.458     3.295172192E+32 2.218095916E+29  0.00000000    
     304  5053.17772           706898.446     3.294855003E+32 2.217527001E+29  0.00000000    
     305  5061.29194           706883.004     3.294567106E+32 2.216842763E+29  0.00000000    
     306  5071.02900           706865.619     3.294243014E+32 2.216021563E+29  0.00000000    
     307  5082.71347           706844.983     3.293858358E+32 2.215036455E+29  0.00000000    
     308  5096.73483           706820.260     3.293397539E+32 2.213854905E+29  0.00000000    
     309  5113.56047           706790.598     3.292844744E+32 2.212437896E+29  0.00000000    
     310  5133.75123           706755.007     3.292181530E+32 2.210738711E+29  0.00000000    
     311  5157.98015           706712.299     3.291385854E+32 2.208701455E+29  0.00000000    
     312  5187.05485           706661.055     3.290431305E+32 2.206259288E+29  0.00000000    
     313  5221.94450           706599.566     3.289286222E+32 2.203332340E+29  0.00000000    
     314  5263.81207           706525.788     3.287912663E+32 2.199825255E+29  0.00000000    
     315  5314.05315           706437.266     3.286265170E+32 2.195624305E+29  0.00000000    
     316  5374.34245           706331.056     3.284289299E+32 2.190594017E+29  0.00000000    
     317  5446.68961           706203.626     3.281919867E+32 2.184573261E+29  0.00000000    
     318  5533.50621           706050.745     3.279078869E+32 2.177370737E+29  0.00000000    
     319  5637.68612           705867.337     3.275673009E+32 2.168759827E+29  0.00000000    
     320  5762.70202           705647.316     3.271590779E+32 2.158472794E+29  0.00000000    
     321  5912.72109           705383.392     3.266699010E+32 2.146194348E+29  0.00000000    
     322  6092.74398           705066.829     3.260838818E+32 2.131554670E+29  0.00000000    
     323  6308.77145           704687.163     3.253820862E+32 2.114122095E+29  0.00000000    
     324  6568.00441           704231.864     3.245419829E+32 2.093395782E+29  0.00000000    
     325  6879.08396           703685.939     3.235368050E+32 2.068798927E+29  0.00000000    
     326  7252.37942           703031.454     3.223348212E+32 2.039673389E+29  0.00000000    
     327  7700.33398           702246.971     3.208985088E+32 2.005276965E+29  0.00000000    
     328  8237.87944           701306.887     3.191836334E+32 1.964785115E+29  0.00000000    
     329  8882.93400           700180.650     3.171382438E+32 1.917299571E+29  0.00000000    
     330  9656.99947           698831.849     3.147016056E+32 1.861867037E+29  0.00000000    
     331  10585.8780           697217.154     3.118031177E+32 1.797511989E+29  0.00000000    
     332  11700.5323           695285.082     3.083612838E+32 1.723288301E+29  0.00000000    
     333  13038.1175           692974.605     3.042828525E+32 1.638354722E+29  0.00000000    
     334  14643.2196           690213.561     2.994622961E+32 1.542078663E+29  0.00000000    
     335  16569.3422           686916.896     2.937818732E+32 1.434170707E+29  0.00000000    
     336  18880.6893           682984.768     2.871126127E+32 1.314847617E+29  0.00000000    
     337  21654.3059           678300.544     2.793166737E+32 1.185013683E+29  0.00000000    
     338  24982.6457           672728.834     2.702516587E+32 1.046438129E+29  0.00000000    
     339  28976.6535           666113.698     2.597775745E+32 9.018906842E+28  0.00000000    
     340  33769.4629           658277.340     2.477672054E+32 7.551811046E+28  0.00000000    
     341  39520.8341           649019.677     2.341206143E+32 6.110379836E+28  0.00000000    
     342  46422.4796           638119.399     2.187842176E+32 4.747685371E+28  0.00000000    
     343  54704.4542           625337.359     2.017742303E+32 3.516770406E+28  0.00000000    
     344  64642.8238           610423.362     1.832030857E+32 2.462931328E+28  0.00000000    
     345  76568.8672           593127.688     1.633055671E+32 1.615625498E+28  0.00000000    
     346  90880.1193           573218.715     1.424589187E+32 9.824268503E+27  0.00000000    
     347  108053.622           550507.740     1.211886411E+32 5.475783158E+27  0.00000000    
