
 EOS                                                                            

              Mstar     = 1.000E+00    Rstar     = 1.177E+06
              Mexo      = 0.000E+00    Rexo      = 0.000E+00
              Mcore     = 9.785E-01    Rcore     = 1.033E+06
              Mincrust  = 2.150E-02    Rincrust  = 8.056E+04
              Moutcrust = 4.984E-05    Routcrust = 6.305E+04

rho_cen=   0.718E+15
  icore= 401   sfn1s0=  0.                 emnco= 5.   rhoexo=   5.000E+24
  idrip= 553   sfn3p2=  0.  fn3p2= 1.00    emncr= 5.     cexo=   1.000E+25
   imax= 769   sfp1s0=  0.  fp1s0= 1.00      emp= 3.     pexo=   6.000E+00

            DUrca not possible
          e-ion bremstrahlung:  1             bubble neutrinos:  0
             plasma neutrinos:  1              neutron 1S0 pbf:  1
               pair neutrinos:  0              neutron 3P2 pbf:  1
              photo neutrinos:  0               proton 1S0 pbf:  1



    Step      Time            Teff       L_phot       L_nu        L_heat 
             [years]      at inf [K]    [erg/sec]   [erg/sec]   [erg/sec]

       1 1.000000000E-12       561412.749     1.310802568E+32 2.912184218E+29  0.00000000    
       2 2.500000000E-12       561412.749     1.310802567E+32 2.912184218E+29  0.00000000    
       3 4.750000000E-12       561412.749     1.310802567E+32 2.912184218E+29  0.00000000    
       4 8.125000000E-12       561412.749     1.310802566E+32 2.912184218E+29  0.00000000    
       5 1.318750000E-11       561412.749     1.310802566E+32 2.912184218E+29  0.00000000    
       6 2.078125000E-11       561412.749     1.310802564E+32 2.912184218E+29  0.00000000    
       7 3.217187500E-11       561412.749     1.310802563E+32 2.912184217E+29  0.00000000    
       8 4.925781250E-11       561412.749     1.310802560E+32 2.912184217E+29  0.00000000    
       9 7.488671875E-11       561412.748     1.310802556E+32 2.912184217E+29  0.00000000    
      10 1.133300781E-10       561412.747     1.310802549E+32 2.912184217E+29  0.00000000    
      11 1.709951172E-10       561412.746     1.310802540E+32 2.912184217E+29  0.00000000    
      12 2.574926758E-10       561412.745     1.310802526E+32 2.912184217E+29  0.00000000    
      13 3.872390137E-10       561412.743     1.310802505E+32 2.912184217E+29  0.00000000    
      14 5.818585205E-10       561412.739     1.310802474E+32 2.912184217E+29  0.00000000    
      15 8.737877808E-10       561412.734     1.310802427E+32 2.912184216E+29  0.00000000    
      16 1.311681671E-09       561412.727     1.310802356E+32 2.912184216E+29  0.00000000    
      17 1.968522507E-09       561412.715     1.310802250E+32 2.912184215E+29  0.00000000    
      18 2.953783760E-09       561412.698     1.310802091E+32 2.912184214E+29  0.00000000    
      19 4.431675640E-09       561412.673     1.310801852E+32 2.912184212E+29  0.00000000    
      20 6.648513460E-09       561412.635     1.310801495E+32 2.912184209E+29  0.00000000    
      21 9.973770190E-09       561412.577     1.310800958E+32 2.912184205E+29  0.00000000    
      22 1.496165529E-08       561412.491     1.310800154E+32 2.912184199E+29  0.00000000    
      23 2.244348293E-08       561412.362     1.310798948E+32 2.912184190E+29  0.00000000    
      24 3.366622439E-08       561412.168     1.310797140E+32 2.912184177E+29  0.00000000    
      25 5.050033659E-08       561411.878     1.310794431E+32 2.912184156E+29  0.00000000    
      26 7.575150488E-08       561411.444     1.310790374E+32 2.912184125E+29  0.00000000    
      27 1.136282573E-07       561410.794     1.310784301E+32 2.912184079E+29  0.00000000    
      28 1.704433860E-07       561409.822     1.310775224E+32 2.912184010E+29  0.00000000    
      29 2.556660790E-07       561408.371     1.310761677E+32 2.912183906E+29  0.00000000    
      30 3.835001185E-07       561406.212     1.310741511E+32 2.912183751E+29  0.00000000    
      31 5.752511777E-07       561403.009     1.310711601E+32 2.912183519E+29  0.00000000    
      32 8.628777665E-07       561398.284     1.310667475E+32 2.912183170E+29  0.00000000    
      33 1.294317650E-06       561391.367     1.310602878E+32 2.912182650E+29  0.00000000    
      34 1.941477475E-06       561381.350     1.310509340E+32 2.912181872E+29  0.00000000    
      35 2.912217212E-06       561367.060     1.310375913E+32 2.912180713E+29  0.00000000    
      36 4.368326818E-06       561347.075     1.310189323E+32 2.912178991E+29  0.00000000    
      37 6.552491227E-06       561319.810     1.309934797E+32 2.912176446E+29  0.00000000    
      38 9.828737841E-06       561283.677     1.309597532E+32 2.912172708E+29  0.00000000    
      39 1.474310776E-05       561237.251     1.309164299E+32 2.912167272E+29  0.00000000    
      40 2.211466264E-05       561179.373     1.308624349E+32 2.912159474E+29  0.00000000    
      41 3.317199496E-05       561109.141     1.307969370E+32 2.912148499E+29  0.00000000    
      42 4.975799344E-05       561025.900     1.307193394E+32 2.912133453E+29  0.00000000    
      43 7.463699117E-05       560929.369     1.306293954E+32 2.912113538E+29  0.00000000    
      44 1.119554877E-04       560819.961     1.305275090E+32 2.912088350E+29  0.00000000    
      45 1.679332326E-04       560699.299     1.304152125E+32 2.912058220E+29  0.00000000    
      46 2.518998499E-04       560570.926     1.302958178E+32 2.912024366E+29  0.00000000    
      47 3.778497759E-04       560441.218     1.301752652E+32 2.911988504E+29  0.00000000    
      48 5.667746649E-04       560320.554     1.300631941E+32 2.911951790E+29  0.00000000    
      49 8.501619983E-04       560224.724     1.299742392E+32 2.911913508E+29  0.00000000    
      50 1.275242998E-03       560176.515     1.299295068E+32 2.911870301E+29  0.00000000    
      51 1.912864499E-03       560207.347     1.299581136E+32 2.911816329E+29  0.00000000    
      52 2.869296749E-03       560358.782     1.300986921E+32 2.911743822E+29  0.00000000    
      53 4.303945124E-03       560684.106     1.304010773E+32 2.911643096E+29  0.00000000    
      54 6.455917688E-03       561250.447     1.309287430E+32 2.911501637E+29  0.00000000    
      55 9.038284764E-03       561963.135     1.315950354E+32 2.911340747E+29  0.00000000    
      56 1.213712525E-02       562820.660     1.324001029E+32 2.911156491E+29  0.00000000    
      57 1.585573384E-02       563828.657     1.333511552E+32 2.910944558E+29  0.00000000    
      58 2.031806415E-02       564998.109     1.344609501E+32 2.910700125E+29  0.00000000    
      59 2.567286052E-02       566345.093     1.357477901E+32 2.910417764E+29  0.00000000    
      60 3.209861616E-02       567891.593     1.372366022E+32 2.910091372E+29  0.00000000    
      61 3.980952293E-02       569667.201     1.389610420E+32 2.909714121E+29  0.00000000    
      62 4.906261106E-02       571711.749     1.409667438E+32 2.909278434E+29  0.00000000    
      63 6.016631681E-02       574078.742     1.433157961E+32 2.908776020E+29  0.00000000    
      64 7.349076371E-02       576838.995     1.460920708E+32 2.908197948E+29  0.00000000    
      65 8.948009999E-02       580082.736     1.494059737E+32 2.907534823E+29  0.00000000    
      66 0.108667304           583917.246     1.533957793E+32 2.906777042E+29  0.00000000    
      67 0.131691948           588456.789     1.582218689E+32 2.905915173E+29  0.00000000    
      68 0.159321521           593803.450     1.640510695E+32 2.904940448E+29  0.00000000    
      69 0.192477009           600021.452     1.710311870E+32 2.903845367E+29  0.00000000    
      70 0.232263594           607111.690     1.792596654E+32 2.902624367E+29  0.00000000    
      71 0.280007496           614994.958     1.887532429E+32 2.901274469E+29  0.00000000    
      72 0.337300179           623510.200     1.994263085E+32 2.899795796E+29  0.00000000    
      73 0.406051398           632429.240     2.110843144E+32 2.898191818E+29  0.00000000    
      74 0.488552861           641484.432     2.234357616E+32 2.896469254E+29  0.00000000    
      75 0.587554617           650402.772     2.361226962E+32 2.894637662E+29  0.00000000    
      76 0.706356724           658939.634     2.487658272E+32 2.892708908E+29  0.00000000    
      77 0.848919253           666906.552     2.610166053E+32 2.890696858E+29  0.00000000    
      78  1.01999429           674188.821     2.726053579E+32 2.888617607E+29  0.00000000    
      79  1.22528433           680749.844     2.833729557E+32 2.886490425E+29  0.00000000    
      80  1.47163238           686620.665     2.932754289E+32 2.884339252E+29  0.00000000    
      81  1.76725004           691876.045     3.023579391E+32 2.882194263E+29  0.00000000    
      82  2.12199123           696602.684     3.107053791E+32 2.880092691E+29  0.00000000    
      83  2.54768065           700868.848     3.183869276E+32 2.878078105E+29  0.00000000    
      84  3.05850797           704705.170     3.254153465E+32 2.876197503E+29  0.00000000    
      85  3.67150075           708102.484     3.317360514E+32 2.874496194E+29  0.00000000    
      86  4.40709208           711026.017     3.372486101E+32 2.873011147E+29  0.00000000    
      87  5.28980168           713439.167     3.418503202E+32 2.871764251E+29  0.00000000    
      88  6.34905320           715327.248     3.454834699E+32 2.870757343E+29  0.00000000    
      89  7.62015502           716712.579     3.481675627E+32 2.869970713E+29  0.00000000    
      90  9.14547721           717656.234     3.500048370E+32 2.869365942E+29  0.00000000    
      91  10.9758638           718247.074     3.511588845E+32 2.868892549E+29  0.00000000    
      92  13.1723278           718583.436     3.518171518E+32 2.868496447E+29  0.00000000    
      93  15.8080845           718755.052     3.521533641E+32 2.868127496E+29  0.00000000    
      94  18.9709926           718831.385     3.523029834E+32 2.867743943E+29  0.00000000    
      95  22.7664823           718858.538     3.523562182E+32 2.867313071E+29  0.00000000    
      96  27.3210700           718862.807     3.523645884E+32 2.866808974E+29  0.00000000    
      97  32.7865751           718857.013     3.523532276E+32 2.866209133E+29  0.00000000    
      98  39.3451814           718846.389     3.523323987E+32 2.865491159E+29  0.00000000    
      99  47.2155088           718832.571     3.523053084E+32 2.864630317E+29  0.00000000    
     100  56.6599018           718815.720     3.522722757E+32 2.863597779E+29  0.00000000    
     101  67.9931733           718795.442     3.522325270E+32 2.862359262E+29  0.00000000    
     102  81.5930991           718771.099     3.521848136E+32 2.860873771E+29  0.00000000    
     103  97.9130101           718741.887     3.521275629E+32 2.859092224E+29  0.00000000    
     104  117.496903           718706.833     3.520588743E+32 2.856955867E+29  0.00000000    
     105  140.997575           718664.772     3.519764659E+32 2.854394395E+29  0.00000000    
     106  169.198381           718614.301     3.518776019E+32 2.851323732E+29  0.00000000    
     107  203.039349           718553.742     3.517590026E+32 2.847643401E+29  0.00000000    
     108  243.648510           718481.078     3.516167375E+32 2.843233421E+29  0.00000000    
     109  292.379503           718393.892     3.514460969E+32 2.837950674E+29  0.00000000    
     110  350.856695           718289.284     3.512414401E+32 2.831624639E+29  0.00000000    
     111  421.029325           718163.777     3.509960129E+32 2.824052450E+29  0.00000000    
     112  505.236481           718013.199     3.507017317E+32 2.814993181E+29  0.00000000    
     113  606.285069           717832.551     3.503489275E+32 2.804161321E+29  0.00000000    
     114  727.543373           717615.840     3.499260417E+32 2.791219398E+29  0.00000000    
     115  873.053339           717355.880     3.494192682E+32 2.775769781E+29  0.00000000    
     116  1047.66530           717044.065     3.488121313E+32 2.757345756E+29  0.00000000    
     117  1257.19965           716670.082     3.480849921E+32 2.735402105E+29  0.00000000    
     118  1508.64087           716221.584     3.472144728E+32 2.709305587E+29  0.00000000    
     119  1810.37034           715683.793     3.461727915E+32 2.678325990E+29  0.00000000    
     120  2172.44569           715039.028     3.449269977E+32 2.641628801E+29  0.00000000    
     121  2606.93612           714266.152     3.434381057E+32 2.598271018E+29  0.00000000    
     122  3128.32464           713339.913     3.416601257E+32 2.547202299E+29  0.00000000    
     123  3753.99086           712230.170     3.395390003E+32 2.487274467E+29  0.00000000    
     124  4169.36289           711493.894     3.381371656E+32 2.448257889E+29  0.00000000    
     125  4446.27758           711003.252     3.372054210E+32 2.422582279E+29  0.00000000    
     126  4630.88737           710676.251     3.365855052E+32 2.405612694E+29  0.00000000    
     127  4753.96056           710458.291     3.361727816E+32 2.394364720E+29  0.00000000    
     128  4836.00936           710313.004     3.358978784E+32 2.386894858E+29  0.00000000    
     129  4890.70855           710216.153     3.357147187E+32 2.381927703E+29  0.00000000    
     130  4927.17469           710151.590     3.355926608E+32 2.378621923E+29  0.00000000    
     131  4951.48544           710108.550     3.355113104E+32 2.376420580E+29  0.00000000    
     132  4967.69261           710079.857     3.354570864E+32 2.374954132E+29  0.00000000    
     133  4978.49739           710060.728     3.354209413E+32 2.373976996E+29  0.00000000    
     134  4985.70058           710047.976     3.353968465E+32 2.373325791E+29  0.00000000    
     135  4990.50270           710039.475     3.353807841E+32 2.372891753E+29  0.00000000    
     136  4993.70412           710033.807     3.353700762E+32 2.372602437E+29  0.00000000    
     137  4995.83839           710030.029     3.353629378E+32 2.372409579E+29  0.00000000    
     138  4997.26125           710027.510     3.353581789E+32 2.372281016E+29  0.00000000    
     139  4998.20981           710025.831     3.353550064E+32 2.372195311E+29  0.00000000    
     140  4998.84219           710024.711     3.353528914E+32 2.372138176E+29  0.00000000    
     141  4999.26378           710023.965     3.353514814E+32 2.372100087E+29  0.00000000    
     142  4999.54484           710023.467     3.353505414E+32 2.372074694E+29  0.00000000    
     143  4999.73221           710023.136     3.353499147E+32 2.372057766E+29  0.00000000    
     144  4999.85712           710022.915     3.353494969E+32 2.372046481E+29  0.00000000    
     145  4999.94040           710022.767     3.353492184E+32 2.372038957E+29  0.00000000    
     146  4999.99591           710022.669     3.353490327E+32 2.372033941E+29  0.00000000    
     147  5000.03293           710022.603     3.353489089E+32 2.372030598E+29  0.00000000    
     148  5000.05760           710022.560     3.353488264E+32 2.372028368E+29  0.00000000    
     149  5000.07405           710022.531     3.353487714E+32 2.372026882E+29  0.00000000    
     150  5000.08502           710022.511     3.353487347E+32 2.372025892E+29  0.00000000    
     151  5000.09233           710022.498     3.353487103E+32 2.372025231E+29  0.00000000    
     152  5000.09720           710022.490     3.353486940E+32 2.372024791E+29  0.00000000    
     153  5000.10045           710022.484     3.353486831E+32 2.372024497E+29  0.00000000    
     154  5000.10262           710022.480     3.353486759E+32 2.372024301E+29  0.00000000    
     155  5000.10406           710022.477     3.353486710E+32 2.372024171E+29  0.00000000    
     156  5000.10502           710022.476     3.353486678E+32 2.372024084E+29  0.00000000    
     157  5000.10567           710022.475     3.353486657E+32 2.372024026E+29  0.00000000    
     158  5000.10609           710022.474     3.353486642E+32 2.372023987E+29  0.00000000    
     159  5000.10638           710022.473     3.353486633E+32 2.372023962E+29  0.00000000    
     160  5000.10657           710022.473     3.353486626E+32 2.372023944E+29  0.00000000    
     161  5000.10670           710022.473     3.353486622E+32 2.372023933E+29  0.00000000    
     162  5000.10680           710022.473     3.353486619E+32 2.372023924E+29  0.00000000    
     163  5000.10690           710022.472     3.353486615E+32 2.372024331E+29 1.846476019E+35
     164  5000.10700           710022.472     3.353486612E+32 2.372024742E+29 1.846476019E+35
     165  5000.10712           710022.472     3.353486608E+32 2.372025240E+29 1.846476019E+35
     166  5000.10726           710022.472     3.353486606E+32 2.372025843E+29 1.846476019E+35
     167  5000.10743           710022.473     3.353486630E+32 2.372026570E+29 1.846476019E+35
     168  5000.10764           710022.486     3.353486864E+32 2.372027447E+29 1.846476019E+35
     169  5000.10789           710022.567     3.353488398E+32 2.372028503E+29 1.846476019E+35
     170  5000.10819           710022.984     3.353496280E+32 2.372029776E+29 1.846476019E+35
     171  5000.10855           710024.736     3.353529384E+32 2.372031307E+29 1.846476019E+35
     172  5000.10898           710030.896     3.353645767E+32 2.372033150E+29 1.846476019E+35
     173  5000.10949           710049.381     3.353995008E+32 2.372035368E+29 1.846476019E+35
     174  5000.11011           710097.541     3.354905056E+32 2.372038035E+29 1.846476019E+35
     175  5000.11085           710208.189     3.356996600E+32 2.372041244E+29 1.846476019E+35
     176  5000.11175           710435.528     3.361296992E+32 2.372045102E+29 1.846476019E+35
     177  5000.11282           710858.588     3.369310679E+32 2.372049742E+29 1.846476019E+35
     178  5000.11410           711579.893     3.383006792E+32 2.372055322E+29 1.846476019E+35
     179  5000.11564           712718.335     3.404708429E+32 2.372062034E+29 1.846476019E+35
     180  5000.11749           714397.122     3.436900700E+32 2.372070111E+29 1.846476019E+35
     181  5000.11971           716729.228     3.481999148E+32 2.372079834E+29 1.846476019E+35
     182  5000.12237           719803.539     3.542126843E+32 2.372091543E+29 1.846476019E+35
     183  5000.12557           723674.490     3.618938929E+32 2.372105652E+29 1.846476019E+35
     184  5000.12940           728357.006     3.713516917E+32 2.372122661E+29 1.846476019E+35
     185  5000.13400           733827.305     3.826340976E+32 2.372143174E+29 1.846476019E+35
     186  5000.13952           740029.134     3.957340961E+32 2.372167927E+29 1.846476019E+35
     187  5000.14615           746884.239     4.106023002E+32 2.372197816E+29 1.846476019E+35
     188  5000.15410           754305.298     4.271661522E+32 2.372233943E+29 1.846476019E+35
     189  5000.16363           762209.055     4.453532395E+32 2.372277678E+29 1.846476019E+35
     190  5000.17508           770527.170     4.651146605E+32 2.372330742E+29 1.846476019E+35
     191  5000.18882           779212.849     4.864437419E+32 2.372395329E+29 1.846476019E+35
     192  5000.20530           788242.389     5.093863976E+32 2.372474280E+29 1.846476019E+35
     193  5000.22509           797612.051     5.340415248E+32 2.372571332E+29 1.846476019E+35
     194  5000.24882           807331.766     5.605525895E+32 2.372691486E+29 1.846476019E+35
     195  5000.27731           817417.312     5.890925410E+32 2.372841585E+29 1.846476019E+35
     196  5000.31149           827881.123     6.198407432E+32 2.373031235E+29 1.846476019E+35
     197  5000.35251           838724.457     6.529582714E+32 2.373274346E+29 1.846476019E+35
     198  5000.40174           849932.862     6.885677613E+32 2.373591654E+29 1.846476019E+35
     199  5000.46080           861476.322     7.267442090E+32 2.374014676E+29 1.846476019E+35
     200  5000.53169           873314.518     7.675221517E+32 2.374591540E+29 1.846476019E+35
     201  5000.61674           885405.694     8.109189372E+32 2.375394930E+29 1.846476019E+35
     202  5000.71881           897715.731     8.569658995E+32 2.376532074E+29 1.846476019E+35
     203  5000.84130           910223.613     9.057338328E+32 2.378156438E+29 1.846476019E+35
     204  5000.98828           922920.975     9.573401310E+32 2.380480572E+29 1.846476019E+35
     205  5001.16465           935805.927     1.011932083E+33 2.383789654E+29 1.846476019E+35
     206  5001.37631           948873.548     1.069649664E+33 2.388455518E+29 1.846476019E+35
     207  5001.63029           962106.068     1.130576657E+33 2.394951116E+29 1.846476019E+35
     208  5001.93507           975464.940     1.194688978E+33 2.403865410E+29 1.846476019E+35
     209  5002.30080           988885.611     1.261805540E+33 2.415918476E+29 1.846476019E+35
     210  5002.73968           1002274.78     1.331543653E+33 2.431976467E+29 1.846476019E+35
     211  5003.26634           1015509.78     1.403280982E+33 2.453066314E+29 1.846476019E+35
     212  5003.89833           1028440.38     1.476130240E+33 2.480391234E+29 1.846476019E+35
     213  5004.65671           1040894.07     1.548939074E+33 2.515350625E+29 1.846476019E+35
     214  5005.56678           1052686.28     1.620332136E+33 2.559572124E+29 1.846476019E+35
     215  5006.65885           1063636.41     1.688810750E+33 2.614969102E+29 1.846476019E+35
     216  5007.96934           1073589.31     1.752915237E+33 2.683842244E+29 1.846476019E+35
     217  5009.54193           1082439.68     1.811436123E+33 2.769046733E+29 1.846476019E+35
     218  5010.56369           1087177.92     1.843362242E+33 2.825734397E+29 1.846476019E+35
     219  5011.24487           1089961.60     1.862314350E+33 2.864060252E+29 1.846476019E+35
     220  5011.69898           1091669.43     1.874013856E+33 2.889838754E+29 1.846476019E+35
     221  5012.00173           1092747.24     1.881425681E+33 2.907123578E+29 1.846476019E+35
     222  5012.20356           1093440.16     1.886202354E+33 2.918690340E+29 1.846476019E+35
     223  5012.33811           1093891.12     1.889315914E+33 2.926420735E+29 1.846476019E+35
     224  5012.42781           1094186.98     1.891360765E+33 2.931582837E+29 1.846476019E+35
     225  5012.48761           1094382.14     1.892710474E+33 2.935028009E+29 1.846476019E+35
     226  5012.52748           1094511.32     1.893604324E+33 2.937326463E+29 1.846476019E+35
     227  5012.55406           1094597.04     1.894197594E+33 2.938859509E+29 1.846476019E+35
     228  5012.57178           1094654.01     1.894591943E+33 2.939881869E+29 1.846476019E+35
     229  5012.58359           1094691.91     1.894854326E+33 2.940563589E+29 1.846476019E+35
     230  5012.59147           1094717.14     1.895029020E+33 2.941018134E+29 1.846476019E+35
     231  5012.59672           1094733.94     1.895145380E+33 2.941321193E+29 1.846476019E+35
     232  5012.60022           1094745.14     1.895222909E+33 2.941523246E+29 1.846476019E+35
     233  5012.60255           1094752.60     1.895274574E+33 2.941657953E+29 1.846476019E+35
     234  5012.60411           1094757.57     1.895309009E+33 2.941747760E+29 1.846476019E+35
     235  5012.60514           1094760.88     1.895331962E+33 2.941807633E+29 1.846476019E+35
     236  5012.60583           1094763.09     1.895347262E+33 2.941847548E+29 1.846476019E+35
     237  5012.60630           1094764.57     1.895357461E+33 2.941874159E+29 1.846476019E+35
     238  5012.60660           1094765.55     1.895364260E+33 2.941891900E+29 1.846476019E+35
     239  5012.60681           1094766.20     1.895368793E+33 2.941903727E+29 1.846476019E+35
     240  5012.60694           1094766.64     1.895371815E+33 2.941911611E+29 1.846476019E+35
     241  5012.60704           1094766.96     1.895374027E+33 2.941917385E+29 1.846476019E+35
     242  5012.60714           1094767.28     1.895376240E+33 2.941923159E+29 1.846476019E+35
     243  5012.60724           1094767.60     1.895378452E+33 2.941921397E+29  0.00000000    
     244  5012.60736           1094767.98     1.895381107E+33 2.941919312E+29  0.00000000    
     245  5012.60751           1094768.44     1.895384293E+33 2.941916832E+29  0.00000000    
     246  5012.60768           1094768.99     1.895388114E+33 2.941913873E+29  0.00000000    
     247  5012.60789           1094769.65     1.895392682E+33 2.941910344E+29  0.00000000    
     248  5012.60814           1094770.43     1.895398040E+33 2.941906142E+29  0.00000000    
     249  5012.60844           1094771.26     1.895403781E+33 2.941901149E+29  0.00000000    
     250  5012.60879           1094771.82     1.895407671E+33 2.941895232E+29  0.00000000    
     251  5012.60922           1094770.96     1.895401708E+33 2.941888243E+29  0.00000000    
     252  5012.60974           1094765.41     1.895363287E+33 2.941880012E+29  0.00000000    
     253  5012.61036           1094747.52     1.895239439E+33 2.941870349E+29  0.00000000    
     254  5012.61110           1094702.07     1.894924685E+33 2.941859040E+29  0.00000000    
     255  5012.61199           1094602.82     1.894237609E+33 2.941845844E+29  0.00000000    
     256  5012.61306           1094410.30     1.892905314E+33 2.941830498E+29  0.00000000    
     257  5012.61435           1094071.92     1.890565316E+33 2.941812713E+29  0.00000000    
     258  5012.61589           1093525.30     1.886789922E+33 2.941792179E+29  0.00000000    
     259  5012.61774           1092704.38     1.881130511E+33 2.941768576E+29  0.00000000    
     260  5012.61996           1091546.85     1.873172266E+33 2.941741580E+29  0.00000000    
     261  5012.62262           1090001.46     1.862586820E+33 2.941710887E+29  0.00000000    
     262  5012.62581           1088033.49     1.849171764E+33 2.941676232E+29  0.00000000    
     263  5012.62965           1085627.66     1.832870559E+33 2.941637437E+29  0.00000000    
     264  5012.63425           1082788.42     1.813771621E+33 2.941594457E+29  0.00000000    
     265  5012.63977           1079537.81     1.792089259E+33 2.941547467E+29  0.00000000    
     266  5012.64639           1075911.52     1.768130970E+33 2.941496985E+29  0.00000000    
     267  5012.65434           1071953.45     1.742255737E+33 2.941444050E+29  0.00000000    
     268  5012.66388           1067709.47     1.714828046E+33 2.941390481E+29  0.00000000    
     269  5012.67533           1063220.85     1.686173052E+33 2.941339226E+29  0.00000000    
     270  5012.68907           1058518.38     1.656539585E+33 2.941294819E+29  0.00000000    
     271  5012.70555           1053618.21     1.626077613E+33 2.941263942E+29  0.00000000    
     272  5012.72533           1048520.24     1.594833959E+33 2.941256069E+29  0.00000000    
     273  5012.74907           1043209.09     1.562764893E+33 2.941284180E+29  0.00000000    
     274  5012.77756           1037656.78     1.529759312E+33 2.941365493E+29  0.00000000    
     275  5012.81174           1031826.08     1.495664554E+33 2.941522204E+29  0.00000000    
     276  5012.85276           1025673.57     1.460309334E+33 2.941782191E+29  0.00000000    
     277  5012.90198           1019152.21     1.423522690E+33 2.942179673E+29  0.00000000    
     278  5012.96105           1012213.72     1.385150854E+33 2.942755815E+29  0.00000000    
     279  5013.03193           1004811.04     1.345072799E+33 2.943559299E+29  0.00000000    
     280  5013.11699           996899.859     1.303209799E+33 2.944646982E+29  0.00000000    
     281  5013.21906           988436.929     1.259517046E+33 2.946084921E+29  0.00000000    
     282  5013.34155           979371.368     1.213941651E+33 2.947950161E+29  0.00000000    
     283  5013.48853           969625.594     1.166338152E+33 2.950333649E+29  0.00000000    
     284  5013.66490           959065.880     1.116354076E+33 2.953344032E+29  0.00000000    
     285  5013.87655           947468.888     1.063329913E+33 2.957110739E+29  0.00000000    
     286  5014.13054           934497.974     1.006286523E+33 2.961782390E+29  0.00000000    
     287  5014.43531           919709.122     9.440829954E+32 2.967513819E+29  0.00000000    
     288  5014.80105           902610.142     8.758082562E+32 2.974433126E+29  0.00000000    
     289  5015.23993           882798.051     8.014079777E+32 2.982583027E+29  0.00000000    
     290  5015.76659           860190.823     7.224161051E+32 2.991842815E+29  0.00000000    
     291  5016.39857           835324.721     6.424355090E+32 3.001859773E+29  0.00000000    
     292  5017.15696           809575.676     5.668106534E+32 3.012039440E+29  0.00000000    
     293  5018.06702           785037.978     5.011536163E+32 3.021636593E+29  0.00000000    
     294  5019.15910           763896.420     4.493100151E+32 3.029937819E+29  0.00000000    
     295  5020.46959           747568.398     4.121088460E+32 3.036460401E+29  0.00000000    
     296  5022.04218           736261.930     3.877372979E+32 3.041068060E+29  0.00000000    
     297  5023.92929           729212.418     3.730992894E+32 3.043949818E+29  0.00000000    
     298  5026.19382           725241.236     3.650380672E+32 3.045490449E+29  0.00000000    
     299  5028.91125           723219.956     3.609855396E+32 3.046113769E+29  0.00000000    
     300  5032.17217           722292.883     3.591381502E+32 3.046170441E+29  0.00000000    
     301  5036.08528           721910.145     3.583775355E+32 3.045894676E+29  0.00000000    
     302  5040.78100           721765.990     3.580913696E+32 3.045413567E+29  0.00000000    
     303  5046.41588           721712.777     3.579857804E+32 3.044778889E+29  0.00000000    
     304  5053.17772           721688.692     3.579379946E+32 3.043998325E+29  0.00000000    
     305  5061.29194           721671.246     3.579033862E+32 3.043056403E+29  0.00000000    
     306  5071.02900           721653.160     3.578675079E+32 3.041925118E+29  0.00000000    
     307  5082.71347           721632.063     3.578256629E+32 3.040567851E+29  0.00000000    
     308  5096.73483           721606.859     3.577756749E+32 3.038939897E+29  0.00000000    
     309  5113.56047           721576.632     3.577157328E+32 3.036987520E+29  0.00000000    
     310  5133.75123           721540.365     3.576438203E+32 3.034646362E+29  0.00000000    
     311  5157.98015           721496.846     3.575575452E+32 3.031839410E+29  0.00000000    
     312  5187.05485           721444.628     3.574540433E+32 3.028474575E+29  0.00000000    
     313  5221.94450           721381.971     3.573298814E+32 3.024441818E+29  0.00000000    
     314  5263.81207           721306.791     3.571809452E+32 3.019609763E+29  0.00000000    
     315  5314.05315           721216.585     3.570023056E+32 3.013821725E+29  0.00000000    
     316  5374.34245           721108.355     3.567880585E+32 3.006891067E+29  0.00000000    
     317  5446.68961           720978.503     3.565311353E+32 2.998595804E+29  0.00000000    
     318  5533.50621           720822.713     3.562230771E+32 2.988672400E+29  0.00000000    
     319  5637.68612           720635.814     3.558537662E+32 2.976808670E+29  0.00000000    
     320  5762.70202           720411.605     3.554111095E+32 2.962635800E+29  0.00000000    
     321  5912.72109           720142.653     3.548806643E+32 2.945719487E+29  0.00000000    
     322  6092.74398           719820.056     3.542451981E+32 2.925550351E+29  0.00000000    
     323  6308.77145           719433.147     3.534841739E+32 2.901533867E+29  0.00000000    
     324  6568.00441           718969.156     3.525731510E+32 2.872980292E+29  0.00000000    
     325  6879.08396           718412.797     3.514830924E+32 2.839095365E+29  0.00000000    
     326  7252.37942           717745.787     3.501795715E+32 2.798972944E+29  0.00000000    
     327  7700.33398           716946.268     3.486218738E+32 2.751591340E+29  0.00000000    
     328  8237.87944           715988.132     3.467619951E+32 2.695815792E+29  0.00000000    
     329  8882.93400           714840.221     3.445435467E+32 2.630410472E+29  0.00000000    
     330  9656.99947           713465.395     3.419005924E+32 2.554064428E+29  0.00000000    
     331  10585.8780           711819.445     3.387564638E+32 2.465437023E+29  0.00000000    
     332  11700.5323           709849.837     3.350226329E+32 2.363229362E+29  0.00000000    
     333  13038.1175           707494.271     3.305977623E+32 2.246288628E+29  0.00000000    
     334  14643.2196           704679.059     3.253671185E+32 2.113751493E+29  0.00000000    
     335  16569.3422           701317.311     3.192026109E+32 1.965229826E+29  0.00000000    
     336  18880.6893           697306.975     3.119638250E+32 1.801035589E+29  0.00000000    
     337  21654.3059           692528.766     3.035005418E+32 1.622430746E+29  0.00000000    
     338  24982.6457           686844.109     2.936573728E+32 1.431871248E+29  0.00000000    
     339  28976.6535           680093.254     2.822812732E+32 1.233192568E+29  0.00000000    
     340  33769.4629           672093.865     2.692327732E+32 1.031661679E+29  0.00000000    
     341  39520.8341           662640.484     2.544017300E+32 8.338061147E+28  0.00000000    
     342  46422.4796           651505.502     2.377281167E+32 6.469397635E+28  0.00000000    
     343  54704.4542           638442.505     2.192276717E+32 4.783553985E+28  0.00000000    
     344  64642.8238           623193.112     1.990209419E+32 3.342563320E+28  0.00000000    
     345  76568.8672           605498.707     1.773622051E+32 2.186403730E+28  0.00000000    
     346  90880.1193           585118.549     1.546620152E+32 1.324732926E+28  0.00000000    
     347  108053.622           561855.470     1.314942164E+32 7.350432703E+27  0.00000000    
