
 EOS                                                                            

              Mstar     = 1.000E+00    Rstar     = 1.177E+06
              Mexo      = 0.000E+00    Rexo      = 0.000E+00
              Mcore     = 9.785E-01    Rcore     = 1.033E+06
              Mincrust  = 2.150E-02    Rincrust  = 8.056E+04
              Moutcrust = 4.984E-05    Routcrust = 6.305E+04

rho_cen=   0.718E+15
  icore= 401   sfn1s0=  0.                 emnco= 5.   rhoexo=   5.000E+24
  idrip= 553   sfn3p2=  0.  fn3p2= 1.00    emncr= 5.     cexo=   1.000E+25
   imax= 769   sfp1s0=  0.  fp1s0= 1.00      emp= 3.     pexo=   6.000E+00

            DUrca not possible
          e-ion bremstrahlung:  1             bubble neutrinos:  0
             plasma neutrinos:  1              neutron 1S0 pbf:  1
               pair neutrinos:  0              neutron 3P2 pbf:  1
              photo neutrinos:  0               proton 1S0 pbf:  1



    Step      Time            Teff       L_phot       L_nu        L_heat 
             [years]      at inf [K]    [erg/sec]   [erg/sec]   [erg/sec]

       1 1.000000000E-12       561412.749     1.310802568E+32 2.912184218E+29  0.00000000    
       2 2.500000000E-12       561412.749     1.310802567E+32 2.912184218E+29  0.00000000    
       3 4.750000000E-12       561412.749     1.310802567E+32 2.912184218E+29  0.00000000    
       4 8.125000000E-12       561412.749     1.310802566E+32 2.912184218E+29  0.00000000    
       5 1.318750000E-11       561412.749     1.310802566E+32 2.912184218E+29  0.00000000    
       6 2.078125000E-11       561412.749     1.310802564E+32 2.912184218E+29  0.00000000    
       7 3.217187500E-11       561412.749     1.310802563E+32 2.912184217E+29  0.00000000    
       8 4.925781250E-11       561412.749     1.310802560E+32 2.912184217E+29  0.00000000    
       9 7.488671875E-11       561412.748     1.310802556E+32 2.912184217E+29  0.00000000    
      10 1.133300781E-10       561412.747     1.310802549E+32 2.912184217E+29  0.00000000    
      11 1.709951172E-10       561412.746     1.310802540E+32 2.912184217E+29  0.00000000    
      12 2.574926758E-10       561412.745     1.310802526E+32 2.912184217E+29  0.00000000    
      13 3.872390137E-10       561412.743     1.310802505E+32 2.912184217E+29  0.00000000    
      14 5.818585205E-10       561412.739     1.310802474E+32 2.912184217E+29  0.00000000    
      15 8.737877808E-10       561412.734     1.310802427E+32 2.912184216E+29  0.00000000    
      16 1.311681671E-09       561412.727     1.310802356E+32 2.912184216E+29  0.00000000    
      17 1.968522507E-09       561412.715     1.310802250E+32 2.912184215E+29  0.00000000    
      18 2.953783760E-09       561412.698     1.310802091E+32 2.912184214E+29  0.00000000    
      19 4.431675640E-09       561412.673     1.310801852E+32 2.912184212E+29  0.00000000    
      20 6.648513460E-09       561412.635     1.310801495E+32 2.912184209E+29  0.00000000    
      21 9.973770190E-09       561412.577     1.310800958E+32 2.912184205E+29  0.00000000    
      22 1.496165529E-08       561412.491     1.310800154E+32 2.912184199E+29  0.00000000    
      23 2.244348293E-08       561412.362     1.310798948E+32 2.912184190E+29  0.00000000    
      24 3.366622439E-08       561412.168     1.310797140E+32 2.912184177E+29  0.00000000    
      25 5.050033659E-08       561411.878     1.310794431E+32 2.912184156E+29  0.00000000    
      26 7.575150488E-08       561411.444     1.310790374E+32 2.912184125E+29  0.00000000    
      27 1.136282573E-07       561410.794     1.310784301E+32 2.912184079E+29  0.00000000    
      28 1.704433860E-07       561409.822     1.310775224E+32 2.912184010E+29  0.00000000    
      29 2.556660790E-07       561408.371     1.310761677E+32 2.912183906E+29  0.00000000    
      30 3.835001185E-07       561406.212     1.310741511E+32 2.912183751E+29  0.00000000    
      31 5.752511777E-07       561403.009     1.310711601E+32 2.912183519E+29  0.00000000    
      32 8.628777665E-07       561398.284     1.310667475E+32 2.912183170E+29  0.00000000    
      33 1.294317650E-06       561391.367     1.310602878E+32 2.912182650E+29  0.00000000    
      34 1.941477475E-06       561381.350     1.310509340E+32 2.912181872E+29  0.00000000    
      35 2.912217212E-06       561367.060     1.310375913E+32 2.912180713E+29  0.00000000    
      36 4.368326818E-06       561347.075     1.310189323E+32 2.912178991E+29  0.00000000    
      37 6.552491227E-06       561319.810     1.309934797E+32 2.912176446E+29  0.00000000    
      38 9.828737841E-06       561283.677     1.309597532E+32 2.912172708E+29  0.00000000    
      39 1.474310776E-05       561237.251     1.309164299E+32 2.912167272E+29  0.00000000    
      40 2.211466264E-05       561179.373     1.308624349E+32 2.912159474E+29  0.00000000    
      41 3.317199496E-05       561109.141     1.307969370E+32 2.912148499E+29  0.00000000    
      42 4.975799344E-05       561025.900     1.307193394E+32 2.912133453E+29  0.00000000    
      43 7.463699117E-05       560929.369     1.306293954E+32 2.912113538E+29  0.00000000    
      44 1.119554877E-04       560819.961     1.305275090E+32 2.912088350E+29  0.00000000    
      45 1.679332326E-04       560699.299     1.304152125E+32 2.912058220E+29  0.00000000    
      46 2.518998499E-04       560570.926     1.302958178E+32 2.912024366E+29  0.00000000    
      47 3.778497759E-04       560441.218     1.301752652E+32 2.911988504E+29  0.00000000    
      48 5.667746649E-04       560320.554     1.300631941E+32 2.911951790E+29  0.00000000    
      49 8.501619983E-04       560224.724     1.299742392E+32 2.911913508E+29  0.00000000    
      50 1.275242998E-03       560176.515     1.299295068E+32 2.911870301E+29  0.00000000    
      51 1.912864499E-03       560207.347     1.299581136E+32 2.911816329E+29  0.00000000    
      52 2.869296749E-03       560358.782     1.300986921E+32 2.911743822E+29  0.00000000    
      53 4.303945124E-03       560684.106     1.304010773E+32 2.911643096E+29  0.00000000    
      54 6.455917688E-03       561250.447     1.309287430E+32 2.911501637E+29  0.00000000    
      55 9.038284764E-03       561963.135     1.315950354E+32 2.911340747E+29  0.00000000    
      56 1.213712525E-02       562820.660     1.324001029E+32 2.911156491E+29  0.00000000    
      57 1.585573384E-02       563828.657     1.333511552E+32 2.910944558E+29  0.00000000    
      58 2.031806415E-02       564998.109     1.344609501E+32 2.910700125E+29  0.00000000    
      59 2.567286052E-02       566345.093     1.357477901E+32 2.910417764E+29  0.00000000    
      60 3.209861616E-02       567891.593     1.372366022E+32 2.910091372E+29  0.00000000    
      61 3.980952293E-02       569667.201     1.389610420E+32 2.909714121E+29  0.00000000    
      62 4.906261106E-02       571711.749     1.409667438E+32 2.909278434E+29  0.00000000    
      63 6.016631681E-02       574078.742     1.433157961E+32 2.908776020E+29  0.00000000    
      64 7.349076371E-02       576838.995     1.460920708E+32 2.908197948E+29  0.00000000    
      65 8.948009999E-02       580082.736     1.494059737E+32 2.907534823E+29  0.00000000    
      66 0.108667304           583917.246     1.533957793E+32 2.906777042E+29  0.00000000    
      67 0.131691948           588456.789     1.582218689E+32 2.905915173E+29  0.00000000    
      68 0.159321521           593803.450     1.640510695E+32 2.904940448E+29  0.00000000    
      69 0.192477009           600021.452     1.710311870E+32 2.903845367E+29  0.00000000    
      70 0.232263594           607111.690     1.792596654E+32 2.902624367E+29  0.00000000    
      71 0.280007496           614994.958     1.887532429E+32 2.901274469E+29  0.00000000    
      72 0.337300179           623510.200     1.994263085E+32 2.899795796E+29  0.00000000    
      73 0.406051398           632429.240     2.110843144E+32 2.898191818E+29  0.00000000    
      74 0.488552861           641484.432     2.234357616E+32 2.896469254E+29  0.00000000    
      75 0.587554617           650402.772     2.361226962E+32 2.894637662E+29  0.00000000    
      76 0.706356724           658939.634     2.487658272E+32 2.892708908E+29  0.00000000    
      77 0.848919253           666906.552     2.610166053E+32 2.890696858E+29  0.00000000    
      78  1.01999429           674188.821     2.726053579E+32 2.888617607E+29  0.00000000    
      79  1.22528433           680749.844     2.833729557E+32 2.886490425E+29  0.00000000    
      80  1.47163238           686620.665     2.932754289E+32 2.884339252E+29  0.00000000    
      81  1.76725004           691876.045     3.023579391E+32 2.882194263E+29  0.00000000    
      82  2.12199123           696602.684     3.107053791E+32 2.880092691E+29  0.00000000    
      83  2.54768065           700868.848     3.183869276E+32 2.878078105E+29  0.00000000    
      84  3.05850797           704705.170     3.254153465E+32 2.876197503E+29  0.00000000    
      85  3.67150075           708102.484     3.317360514E+32 2.874496194E+29  0.00000000    
      86  4.40709208           711026.017     3.372486101E+32 2.873011147E+29  0.00000000    
      87  5.28980168           713439.167     3.418503202E+32 2.871764251E+29  0.00000000    
      88  6.34905320           715327.248     3.454834699E+32 2.870757343E+29  0.00000000    
      89  7.62015502           716712.579     3.481675627E+32 2.869970713E+29  0.00000000    
      90  9.14547721           717656.234     3.500048370E+32 2.869365942E+29  0.00000000    
      91  10.9758638           718247.074     3.511588845E+32 2.868892549E+29  0.00000000    
      92  13.1723278           718583.436     3.518171518E+32 2.868496447E+29  0.00000000    
      93  15.8080845           718755.052     3.521533641E+32 2.868127496E+29  0.00000000    
      94  18.9709926           718831.385     3.523029834E+32 2.867743943E+29  0.00000000    
      95  22.7664823           718858.538     3.523562182E+32 2.867313071E+29  0.00000000    
      96  27.3210700           718862.807     3.523645884E+32 2.866808974E+29  0.00000000    
      97  32.7865751           718857.013     3.523532276E+32 2.866209133E+29  0.00000000    
      98  39.3451814           718846.389     3.523323987E+32 2.865491159E+29  0.00000000    
      99  47.2155088           718832.571     3.523053084E+32 2.864630317E+29  0.00000000    
     100  56.6599018           718815.720     3.522722757E+32 2.863597779E+29  0.00000000    
     101  67.9931733           718795.442     3.522325270E+32 2.862359262E+29  0.00000000    
     102  81.5930991           718771.099     3.521848136E+32 2.860873771E+29  0.00000000    
     103  97.9130101           718741.887     3.521275629E+32 2.859092224E+29  0.00000000    
     104  117.496903           718706.833     3.520588743E+32 2.856955867E+29  0.00000000    
     105  140.997575           718664.772     3.519764659E+32 2.854394395E+29  0.00000000    
     106  169.198381           718614.301     3.518776019E+32 2.851323732E+29  0.00000000    
     107  203.039349           718553.742     3.517590026E+32 2.847643401E+29  0.00000000    
     108  243.648510           718481.078     3.516167375E+32 2.843233421E+29  0.00000000    
     109  292.379503           718393.892     3.514460969E+32 2.837950674E+29  0.00000000    
     110  350.856695           718289.284     3.512414401E+32 2.831624639E+29  0.00000000    
     111  421.029325           718163.777     3.509960129E+32 2.824052450E+29  0.00000000    
     112  505.236481           718013.199     3.507017317E+32 2.814993181E+29  0.00000000    
     113  606.285069           717832.551     3.503489275E+32 2.804161321E+29  0.00000000    
     114  727.543373           717615.840     3.499260417E+32 2.791219398E+29  0.00000000    
     115  873.053339           717355.880     3.494192682E+32 2.775769781E+29  0.00000000    
     116  1047.66530           717044.065     3.488121313E+32 2.757345756E+29  0.00000000    
     117  1257.19965           716670.082     3.480849921E+32 2.735402105E+29  0.00000000    
     118  1508.64087           716221.584     3.472144728E+32 2.709305587E+29  0.00000000    
     119  1810.37034           715683.793     3.461727915E+32 2.678325990E+29  0.00000000    
     120  2172.44569           715039.028     3.449269977E+32 2.641628801E+29  0.00000000    
     121  2606.93612           714266.152     3.434381057E+32 2.598271018E+29  0.00000000    
     122  3128.32464           713339.913     3.416601257E+32 2.547202299E+29  0.00000000    
     123  3753.99086           712230.170     3.395390003E+32 2.487274467E+29  0.00000000    
     124  4169.36289           711493.894     3.381371656E+32 2.448257889E+29  0.00000000    
     125  4446.27758           711003.252     3.372054210E+32 2.422582279E+29  0.00000000    
     126  4630.88737           710676.251     3.365855052E+32 2.405612694E+29  0.00000000    
     127  4753.96056           710458.291     3.361727816E+32 2.394364720E+29  0.00000000    
     128  4836.00936           710313.004     3.358978784E+32 2.386894858E+29  0.00000000    
     129  4890.70855           710216.153     3.357147187E+32 2.381927703E+29  0.00000000    
     130  4927.17469           710151.590     3.355926608E+32 2.378621923E+29  0.00000000    
     131  4951.48544           710108.550     3.355113104E+32 2.376420580E+29  0.00000000    
     132  4967.69261           710079.857     3.354570864E+32 2.374954132E+29  0.00000000    
     133  4978.49739           710060.728     3.354209413E+32 2.373976996E+29  0.00000000    
     134  4985.70058           710047.976     3.353968465E+32 2.373325791E+29  0.00000000    
     135  4990.50270           710039.475     3.353807841E+32 2.372891753E+29  0.00000000    
     136  4993.70412           710033.807     3.353700762E+32 2.372602437E+29  0.00000000    
     137  4995.83839           710030.029     3.353629378E+32 2.372409579E+29  0.00000000    
     138  4997.26125           710027.510     3.353581789E+32 2.372281016E+29  0.00000000    
     139  4998.20981           710025.831     3.353550064E+32 2.372195311E+29  0.00000000    
     140  4998.84219           710024.711     3.353528914E+32 2.372138176E+29  0.00000000    
     141  4999.26378           710023.965     3.353514814E+32 2.372100087E+29  0.00000000    
     142  4999.54484           710023.467     3.353505414E+32 2.372074694E+29  0.00000000    
     143  4999.73221           710023.136     3.353499147E+32 2.372057766E+29  0.00000000    
     144  4999.85712           710022.915     3.353494969E+32 2.372046481E+29  0.00000000    
     145  4999.94040           710022.767     3.353492184E+32 2.372038957E+29  0.00000000    
     146  4999.99591           710022.669     3.353490327E+32 2.372033941E+29  0.00000000    
     147  5000.03293           710022.603     3.353489089E+32 2.372030598E+29  0.00000000    
     148  5000.05760           710022.560     3.353488264E+32 2.372028368E+29  0.00000000    
     149  5000.07405           710022.531     3.353487714E+32 2.372026882E+29  0.00000000    
     150  5000.08502           710022.511     3.353487347E+32 2.372025892E+29  0.00000000    
     151  5000.09233           710022.498     3.353487103E+32 2.372025231E+29  0.00000000    
     152  5000.09720           710022.490     3.353486940E+32 2.372024791E+29  0.00000000    
     153  5000.10045           710022.484     3.353486831E+32 2.372024497E+29  0.00000000    
     154  5000.10262           710022.480     3.353486759E+32 2.372024301E+29  0.00000000    
     155  5000.10406           710022.477     3.353486710E+32 2.372024171E+29  0.00000000    
     156  5000.10502           710022.476     3.353486678E+32 2.372024084E+29  0.00000000    
     157  5000.10567           710022.475     3.353486657E+32 2.372024026E+29  0.00000000    
     158  5000.10609           710022.474     3.353486642E+32 2.372023987E+29  0.00000000    
     159  5000.10638           710022.473     3.353486633E+32 2.372023962E+29  0.00000000    
     160  5000.10657           710022.473     3.353486626E+32 2.372023944E+29  0.00000000    
     161  5000.10670           710022.473     3.353486622E+32 2.372023933E+29  0.00000000    
     162  5000.10680           710022.473     3.353486619E+32 2.372023924E+29  0.00000000    
     163  5000.10690           710022.472     3.353486615E+32 2.372024312E+29 1.762545291E+35
     164  5000.10700           710022.472     3.353486612E+32 2.372024704E+29 1.762545291E+35
     165  5000.10712           710022.472     3.353486608E+32 2.372025179E+29 1.762545291E+35
     166  5000.10726           710022.472     3.353486606E+32 2.372025753E+29 1.762545291E+35
     167  5000.10743           710022.473     3.353486628E+32 2.372026446E+29 1.762545291E+35
     168  5000.10764           710022.485     3.353486852E+32 2.372027282E+29 1.762545291E+35
     169  5000.10789           710022.562     3.353488316E+32 2.372028289E+29 1.762545291E+35
     170  5000.10819           710022.961     3.353495840E+32 2.372029502E+29 1.762545291E+35
     171  5000.10855           710024.634     3.353527443E+32 2.372030962E+29 1.762545291E+35
     172  5000.10898           710030.515     3.353638552E+32 2.372032718E+29 1.762545291E+35
     173  5000.10949           710048.162     3.353971975E+32 2.372034831E+29 1.762545291E+35
     174  5000.11011           710094.142     3.354840817E+32 2.372037373E+29 1.762545291E+35
     175  5000.11085           710199.783     3.356837680E+32 2.372040429E+29 1.762545291E+35
     176  5000.11175           710416.844     3.360943409E+32 2.372044104E+29 1.762545291E+35
     177  5000.11282           710820.797     3.368594238E+32 2.372048524E+29 1.762545291E+35
     178  5000.11410           711509.569     3.381669658E+32 2.372053838E+29 1.762545291E+35
     179  5000.11564           712596.771     3.402386126E+32 2.372060229E+29 1.762545291E+35
     180  5000.11749           714200.207     3.433112895E+32 2.372067918E+29 1.762545291E+35
     181  5000.11971           716428.033     3.476149802E+32 2.372077172E+29 1.762545291E+35
     182  5000.12237           719365.553     3.533513455E+32 2.372088315E+29 1.762545291E+35
     183  5000.12557           723065.333     3.606769256E+32 2.372101738E+29 1.762545291E+35
     184  5000.12940           727542.356     3.696930845E+32 2.372117914E+29 1.762545291E+35
     185  5000.13400           732774.741     3.804434940E+32 2.372137415E+29 1.762545291E+35
     186  5000.13952           738709.635     3.929192021E+32 2.372160936E+29 1.762545291E+35
     187  5000.14615           745273.148     4.070709350E+32 2.372189324E+29 1.762545291E+35
     188  5000.15410           752382.671     4.228276073E+32 2.372223617E+29 1.762545291E+35
     189  5000.16363           759959.425     4.401186988E+32 2.372265104E+29 1.762545291E+35
     190  5000.17508           767938.888     4.588966026E+32 2.372315401E+29 1.762545291E+35
     191  5000.18882           776277.196     4.791544349E+32 2.372376570E+29 1.762545291E+35
     192  5000.20530           784952.673     5.009358233E+32 2.372451273E+29 1.762545291E+35
     193  5000.22509           793962.859     5.243351189E+32 2.372543009E+29 1.762545291E+35
     194  5000.24882           803318.325     5.494888653E+32 2.372656458E+29 1.762545291E+35
     195  5000.27731           813035.063     5.765610500E+32 2.372798018E+29 1.762545291E+35
     196  5000.31149           823126.011     6.057222162E+32 2.372976671E+29 1.762545291E+35
     197  5000.35251           833593.246     6.371254409E+32 2.373205434E+29 1.762545291E+35
     198  5000.40174           844423.486     6.708870588E+32 2.373503735E+29 1.762545291E+35
     199  5000.46080           855588.181     7.070779676E+32 2.373901161E+29 1.762545291E+35
     200  5000.53169           867048.601     7.457306041E+32 2.374442979E+29 1.762545291E+35
     201  5000.61674           878764.466     7.868612331E+32 2.375197661E+29 1.762545291E+35
     202  5000.71881           890702.777     8.304995947E+32 2.376266364E+29 1.762545291E+35
     203  5000.84130           902843.107     8.767127974E+32 2.377793986E+29 1.762545291E+35
     204  5000.98828           915177.048     9.256113643E+32 2.379981299E+29 1.762545291E+35
     205  5001.16465           927702.037     9.773322739E+32 2.383097699E+29 1.762545291E+35
     206  5001.37631           940411.916     1.032002367E+33 2.387494321E+29 1.762545291E+35
     207  5001.63029           953287.207     1.089690734E+33 2.393617502E+29 1.762545291E+35
     208  5001.93507           966287.291     1.150358669E+33 2.402022548E+29 1.762545291E+35
     209  5002.30080           979345.293     1.213812377E+33 2.413387638E+29 1.762545291E+35
     210  5002.73968           992365.458     1.279660474E+33 2.428527607E+29 1.762545291E+35
     211  5003.26634           1005222.72     1.347278537E+33 2.448407674E+29 1.762545291E+35
     212  5003.89833           1017764.83     1.415787113E+33 2.474158382E+29 1.762545291E+35
     213  5004.65671           1029818.05     1.484055687E+33 2.507095409E+29 1.762545291E+35
     214  5005.56678           1041198.02     1.550749073E+33 2.548751706E+29 1.762545291E+35
     215  5006.65885           1051726.44     1.614430538E+33 2.600934082E+29 1.762545291E+35
     216  5007.96934           1061253.08     1.673724835E+33 2.665820639E+29 1.762545291E+35
     217  5009.54193           1069680.42     1.727525190E+33 2.746117324E+29 1.762545291E+35
     218  5010.56369           1074176.30     1.756752012E+33 2.799525962E+29 1.762545291E+35
     219  5011.24487           1076811.19     1.774052359E+33 2.835632335E+29 1.762545291E+35
     220  5011.69898           1078425.09     1.784711963E+33 2.859917362E+29 1.762545291E+35
     221  5012.00173           1079442.51     1.791456513E+33 2.876200617E+29 1.762545291E+35
     222  5012.20356           1080096.14     1.795799535E+33 2.887097088E+29 1.762545291E+35
     223  5012.33811           1080521.32     1.798628869E+33 2.894379487E+29 1.762545291E+35
     224  5012.42781           1080800.18     1.800486372E+33 2.899242424E+29 1.762545291E+35
     225  5012.48761           1080984.09     1.801712123E+33 2.902487931E+29 1.762545291E+35
     226  5012.52748           1081105.80     1.802523751E+33 2.904653177E+29 1.762545291E+35
     227  5012.55406           1081186.56     1.803062390E+33 2.906097373E+29 1.762545291E+35
     228  5012.57178           1081240.23     1.803420400E+33 2.907060481E+29 1.762545291E+35
     229  5012.58359           1081275.93     1.803658593E+33 2.907702691E+29 1.762545291E+35
     230  5012.59147           1081299.69     1.803817176E+33 2.908130892E+29 1.762545291E+35
     231  5012.59672           1081315.52     1.803922803E+33 2.908416387E+29 1.762545291E+35
     232  5012.60022           1081326.07     1.803993180E+33 2.908606728E+29 1.762545291E+35
     233  5012.60255           1081333.10     1.804040078E+33 2.908733628E+29 1.762545291E+35
     234  5012.60411           1081337.78     1.804071336E+33 2.908818231E+29 1.762545291E+35
     235  5012.60514           1081340.90     1.804092171E+33 2.908874633E+29 1.762545291E+35
     236  5012.60583           1081342.98     1.804106059E+33 2.908912236E+29 1.762545291E+35
     237  5012.60630           1081344.37     1.804115317E+33 2.908937304E+29 1.762545291E+35
     238  5012.60660           1081345.30     1.804121489E+33 2.908954016E+29 1.762545291E+35
     239  5012.60681           1081345.91     1.804125603E+33 2.908965158E+29 1.762545291E+35
     240  5012.60694           1081346.32     1.804128346E+33 2.908972586E+29 1.762545291E+35
     241  5012.60704           1081346.62     1.804130354E+33 2.908978025E+29 1.762545291E+35
     242  5012.60714           1081346.92     1.804132363E+33 2.908983464E+29 1.762545291E+35
     243  5012.60724           1081347.23     1.804134371E+33 2.908982499E+29  0.00000000    
     244  5012.60736           1081347.59     1.804136781E+33 2.908981364E+29  0.00000000    
     245  5012.60751           1081348.02     1.804139673E+33 2.908980017E+29  0.00000000    
     246  5012.60768           1081348.54     1.804143141E+33 2.908978413E+29  0.00000000    
     247  5012.60789           1081349.16     1.804147287E+33 2.908976504E+29  0.00000000    
     248  5012.60814           1081349.89     1.804152145E+33 2.908974237E+29  0.00000000    
     249  5012.60844           1081350.67     1.804157327E+33 2.908971556E+29  0.00000000    
     250  5012.60879           1081351.17     1.804160720E+33 2.908968400E+29  0.00000000    
     251  5012.60922           1081350.28     1.804154783E+33 2.908964704E+29  0.00000000    
     252  5012.60974           1081344.81     1.804118229E+33 2.908960396E+29  0.00000000    
     253  5012.61036           1081327.27     1.804001197E+33 2.908955404E+29  0.00000000    
     254  5012.61110           1081282.80     1.803704424E+33 2.908949650E+29  0.00000000    
     255  5012.61199           1081185.78     1.803057207E+33 2.908943057E+29  0.00000000    
     256  5012.61306           1080997.68     1.801802774E+33 2.908935552E+29  0.00000000    
     257  5012.61435           1080667.15     1.799600041E+33 2.908927069E+29  0.00000000    
     258  5012.61589           1080133.27     1.796046509E+33 2.908917564E+29  0.00000000    
     259  5012.61774           1079331.53     1.790719872E+33 2.908907021E+29  0.00000000    
     260  5012.61996           1078201.07     1.783229457E+33 2.908895477E+29  0.00000000    
     261  5012.62262           1076691.80     1.773265729E+33 2.908883041E+29  0.00000000    
     262  5012.62581           1074769.75     1.760637471E+33 2.908869935E+29  0.00000000    
     263  5012.62965           1072419.95     1.745290534E+33 2.908856534E+29  0.00000000    
     264  5012.63425           1069646.65     1.727307009E+33 2.908843434E+29  0.00000000    
     265  5012.63977           1066471.27     1.706887290E+33 2.908831546E+29  0.00000000    
     266  5012.64639           1062928.50     1.684319247E+33 2.908822217E+29  0.00000000    
     267  5012.65434           1059061.00     1.659938883E+33 2.908817424E+29  0.00000000    
     268  5012.66388           1054913.23     1.634086938E+33 2.908820024E+29  0.00000000    
     269  5012.67533           1050525.07     1.607066622E+33 2.908834097E+29  0.00000000    
     270  5012.68907           1045926.02     1.579108846E+33 2.908865384E+29  0.00000000    
     271  5012.70555           1041131.22     1.550351156E+33 2.908921815E+29  0.00000000    
     272  5012.72533           1036139.89     1.520833878E+33 2.909014120E+29  0.00000000    
     273  5012.74907           1030936.28     1.490512040E+33 2.909156486E+29  0.00000000    
     274  5012.77756           1025492.28     1.459277152E+33 2.909367258E+29  0.00000000    
     275  5012.81174           1019770.70     1.426981442E+33 2.909669633E+29  0.00000000    
     276  5012.85276           1013728.24     1.393459571E+33 2.910092354E+29  0.00000000    
     277  5012.90198           1007318.03     1.358546884E+33 2.910670374E+29  0.00000000    
     278  5012.96105           1000492.15     1.322095870E+33 2.911445461E+29  0.00000000    
     279  5013.03193           993203.976     1.283991054E+33 2.912466747E+29  0.00000000    
     280  5013.11699           985409.539     1.244157174E+33 2.913791264E+29  0.00000000    
     281  5013.21906           977065.387     1.202548810E+33 2.915484610E+29  0.00000000    
     282  5013.34155           968119.221     1.159107108E+33 2.917622054E+29  0.00000000    
     283  5013.48853           958490.492     1.113677475E+33 2.920290258E+29  0.00000000    
     284  5013.66490           948041.782     1.065904048E+33 2.923589358E+29  0.00000000    
     285  5013.87655           936548.283     1.015146888E+33 2.927633912E+29  0.00000000    
     286  5014.13054           923679.733     9.604922343E+32 2.932549269E+29  0.00000000    
     287  5014.43531           909014.369     9.009302970E+32 2.938457596E+29  0.00000000    
     288  5014.80105           892106.960     8.357490842E+32 2.945446636E+29  0.00000000    
     289  5015.23993           872631.956     7.651254561E+32 2.953517427E+29  0.00000000    
     290  5015.76659           850609.405     6.907627675E+32 2.962518454E+29  0.00000000    
     291  5016.39857           826671.016     6.162246171E+32 2.972092782E+29  0.00000000    
     292  5017.15696           802217.878     5.464841186E+32 2.981680184E+29  0.00000000    
     293  5018.06702           779235.395     4.865000437E+32 2.990606452E+29  0.00000000    
     294  5019.15910           759674.138     4.394581930E+32 2.998247136E+29  0.00000000    
     295  5020.46959           744703.291     4.058273314E+32 3.004198293E+29  0.00000000    
     296  5022.04218           734396.506     3.838226560E+32 3.008369492E+29  0.00000000    
     297  5023.92929           727991.245     3.706063239E+32 3.010956320E+29  0.00000000    
     298  5026.19382           724389.546     3.633263510E+32 3.012320795E+29  0.00000000    
     299  5028.91125           722558.588     3.596668963E+32 3.012851805E+29  0.00000000    
     300  5032.17217           721719.646     3.579994075E+32 3.012867180E+29  0.00000000    
     301  5036.08528           721373.418     3.573129357E+32 3.012577337E+29  0.00000000    
     302  5040.78100           721242.693     3.570540017E+32 3.012095194E+29  0.00000000    
     303  5046.41588           721193.834     3.569572600E+32 3.011465470E+29  0.00000000    
     304  5053.17772           721170.986     3.569120265E+32 3.010692956E+29  0.00000000    
     305  5061.29194           721153.851     3.568781084E+32 3.009761309E+29  0.00000000    
     306  5071.02900           721135.840     3.568424558E+32 3.008642508E+29  0.00000000    
     307  5082.71347           721114.768     3.568007504E+32 3.007300250E+29  0.00000000    
     308  5096.73483           721089.582     3.567509055E+32 3.005690303E+29  0.00000000    
     309  5113.56047           721059.375     3.566911311E+32 3.003759524E+29  0.00000000    
     310  5133.75123           721023.131     3.566194193E+32 3.001444264E+29  0.00000000    
     311  5157.98015           720979.640     3.565333850E+32 2.998668363E+29  0.00000000    
     312  5187.05485           720927.455     3.564301719E+32 2.995340749E+29  0.00000000    
     313  5221.94450           720864.839     3.563063565E+32 2.991352601E+29  0.00000000    
     314  5263.81207           720789.707     3.561578360E+32 2.986573997E+29  0.00000000    
     315  5314.05315           720699.560     3.559796949E+32 2.980849984E+29  0.00000000    
     316  5374.34245           720591.399     3.557660457E+32 2.973995988E+29  0.00000000    
     317  5446.68961           720461.630     3.555098397E+32 2.965792482E+29  0.00000000    
     318  5533.50621           720305.941     3.552026414E+32 2.955978840E+29  0.00000000    
     319  5637.68612           720119.162     3.548343615E+32 2.944246332E+29  0.00000000    
     320  5762.70202           719895.097     3.543929408E+32 2.930230219E+29  0.00000000    
     321  5912.72109           719626.319     3.538639769E+32 2.913501001E+29  0.00000000    
     322  6092.74398           719303.930     3.532302856E+32 2.893554926E+29  0.00000000    
     323  6308.77145           718917.271     3.524713874E+32 2.869804040E+29  0.00000000    
     324  6568.00441           718453.579     3.515629102E+32 2.841566218E+29  0.00000000    
     325  6879.08396           717897.580     3.504758985E+32 2.808055972E+29  0.00000000    
     326  7252.37942           717231.002     3.491760225E+32 2.768377162E+29  0.00000000    
     327  7700.33398           716432.002     3.476226823E+32 2.721519373E+29  0.00000000    
     328  8237.87944           715474.488     3.457680092E+32 2.666360355E+29  0.00000000    
     329  8882.93400           714327.325     3.435557739E+32 2.601677893E+29  0.00000000    
     330  9656.99947           712953.397     3.409202269E+32 2.526175457E+29  0.00000000    
     331  10585.8780           711308.525     3.377849182E+32 2.438527133E+29  0.00000000    
     332  11700.5323           709340.212     3.340615723E+32 2.337448243E+29  0.00000000    
     333  13038.1175           706986.202     3.296491428E+32 2.221798524E+29  0.00000000    
     334  14643.2196           704172.859     3.244332273E+32 2.090723936E+29  0.00000000    
     335  16569.3422           700813.358     3.182861079E+32 1.943840299E+29  0.00000000    
     336  18880.6893           696805.722     3.110677824E+32 1.781455700E+29  0.00000000    
     337  21654.3059           692030.760     3.026284780E+32 1.604817623E+29  0.00000000    
     338  24982.6457           686350.005     2.928132757E+32 1.416354259E+29  0.00000000    
     339  28976.6535           679603.842     2.814696026E+32 1.219858020E+29  0.00000000    
     340  33769.4629           671610.091     2.684584336E+32 1.020537022E+29  0.00000000    
     341  39520.8341           662163.483     2.536699984E+32 8.248461647E+28  0.00000000    
     342  46422.4796           651036.631     2.370445084E+32 6.400183468E+28  0.00000000    
     343  54704.4542           637983.373     2.185977269E+32 4.732661347E+28  0.00000000    
     344  64642.8238           622745.619     1.984499176E+32 3.307254097E+28  0.00000000    
     345  76568.8672           605065.067     1.768546646E+32 2.163517172E+28  0.00000000    
     346  90880.1193           584701.301     1.542213289E+32 1.311026835E+28  0.00000000    
     347  108053.622           561457.457     1.311220154E+32 7.275507567E+27  0.00000000    
