
 EOS                                                                            

              Mstar     = 1.000E+00    Rstar     = 1.177E+06
              Mexo      = 0.000E+00    Rexo      = 0.000E+00
              Mcore     = 9.785E-01    Rcore     = 1.033E+06
              Mincrust  = 2.150E-02    Rincrust  = 8.056E+04
              Moutcrust = 4.984E-05    Routcrust = 6.305E+04

rho_cen=   0.718E+15
  icore= 401   sfn1s0=  0.                 emnco= 5.   rhoexo=   5.000E+24
  idrip= 553   sfn3p2=  0.  fn3p2= 1.00    emncr= 5.     cexo=   1.000E+25
   imax= 769   sfp1s0=  0.  fp1s0= 1.00      emp= 3.     pexo=   6.000E+00

            DUrca not possible
          e-ion bremstrahlung:  1             bubble neutrinos:  0
             plasma neutrinos:  1              neutron 1S0 pbf:  1
               pair neutrinos:  0              neutron 3P2 pbf:  1
              photo neutrinos:  0               proton 1S0 pbf:  1



    Step      Time            Teff       L_phot       L_nu        L_heat 
             [years]      at inf [K]    [erg/sec]   [erg/sec]   [erg/sec]

       1 1.000000000E-12       554817.266     1.250282269E+32 2.493194979E+29  0.00000000    
       2 2.500000000E-12       554817.266     1.250282269E+32 2.493194979E+29  0.00000000    
       3 4.750000000E-12       554817.266     1.250282268E+32 2.493194979E+29  0.00000000    
       4 8.125000000E-12       554817.266     1.250282268E+32 2.493194979E+29  0.00000000    
       5 1.318750000E-11       554817.266     1.250282267E+32 2.493194979E+29  0.00000000    
       6 2.078125000E-11       554817.266     1.250282266E+32 2.493194979E+29  0.00000000    
       7 3.217187500E-11       554817.266     1.250282264E+32 2.493194979E+29  0.00000000    
       8 4.925781250E-11       554817.266     1.250282262E+32 2.493194979E+29  0.00000000    
       9 7.488671875E-11       554817.265     1.250282258E+32 2.493194979E+29  0.00000000    
      10 1.133300781E-10       554817.265     1.250282253E+32 2.493194979E+29  0.00000000    
      11 1.709951172E-10       554817.264     1.250282244E+32 2.493194979E+29  0.00000000    
      12 2.574926758E-10       554817.262     1.250282232E+32 2.493194979E+29  0.00000000    
      13 3.872390137E-10       554817.260     1.250282213E+32 2.493194979E+29  0.00000000    
      14 5.818585205E-10       554817.257     1.250282184E+32 2.493194979E+29  0.00000000    
      15 8.737877808E-10       554817.252     1.250282142E+32 2.493194978E+29  0.00000000    
      16 1.311681671E-09       554817.245     1.250282078E+32 2.493194978E+29  0.00000000    
      17 1.968522507E-09       554817.235     1.250281982E+32 2.493194977E+29  0.00000000    
      18 2.953783760E-09       554817.219     1.250281839E+32 2.493194976E+29  0.00000000    
      19 4.431675640E-09       554817.195     1.250281624E+32 2.493194975E+29  0.00000000    
      20 6.648513460E-09       554817.159     1.250281301E+32 2.493194972E+29  0.00000000    
      21 9.973770190E-09       554817.105     1.250280817E+32 2.493194969E+29  0.00000000    
      22 1.496165529E-08       554817.025     1.250280092E+32 2.493194963E+29  0.00000000    
      23 2.244348293E-08       554816.904     1.250279004E+32 2.493194955E+29  0.00000000    
      24 3.366622439E-08       554816.723     1.250277373E+32 2.493194943E+29  0.00000000    
      25 5.050033659E-08       554816.452     1.250274929E+32 2.493194925E+29  0.00000000    
      26 7.575150488E-08       554816.046     1.250271269E+32 2.493194897E+29  0.00000000    
      27 1.136282573E-07       554815.438     1.250265792E+32 2.493194856E+29  0.00000000    
      28 1.704433860E-07       554814.530     1.250257604E+32 2.493194795E+29  0.00000000    
      29 2.556660790E-07       554813.174     1.250245385E+32 2.493194703E+29  0.00000000    
      30 3.835001185E-07       554811.156     1.250227195E+32 2.493194565E+29  0.00000000    
      31 5.752511777E-07       554808.164     1.250200218E+32 2.493194358E+29  0.00000000    
      32 8.628777665E-07       554803.748     1.250160421E+32 2.493194048E+29  0.00000000    
      33 1.294317650E-06       554797.285     1.250102170E+32 2.493193586E+29  0.00000000    
      34 1.941477475E-06       554787.928     1.250017833E+32 2.493192894E+29  0.00000000    
      35 2.912217212E-06       554774.582     1.249897558E+32 2.493191865E+29  0.00000000    
      36 4.368326818E-06       554755.924     1.249729417E+32 2.493190336E+29  0.00000000    
      37 6.552491227E-06       554730.481     1.249500164E+32 2.493188077E+29  0.00000000    
      38 9.828737841E-06       554696.784     1.249196590E+32 2.493184762E+29  0.00000000    
      39 1.474310776E-05       554653.529     1.248806992E+32 2.493179945E+29  0.00000000    
      40 2.211466264E-05       554599.673     1.248322032E+32 2.493173047E+29  0.00000000    
      41 3.317199496E-05       554534.433     1.247734753E+32 2.493163359E+29  0.00000000    
      42 4.975799344E-05       554457.287     1.247040569E+32 2.493150116E+29  0.00000000    
      43 7.463699117E-05       554368.104     1.246238427E+32 2.493132655E+29  0.00000000    
      44 1.119554877E-04       554267.461     1.245333679E+32 2.493110676E+29  0.00000000    
      45 1.679332326E-04       554157.152     1.244342602E+32 2.493084535E+29  0.00000000    
      46 2.518998499E-04       554040.878     1.243298571E+32 2.493055339E+29  0.00000000    
      47 3.778497759E-04       553925.149     1.242260084E+32 2.493024560E+29  0.00000000    
      48 5.667746649E-04       553820.424     1.241320912E+32 2.492993084E+29  0.00000000    
      49 8.501619983E-04       553742.496     1.240622387E+32 2.492960106E+29  0.00000000    
      50 1.275242998E-03       553714.046     1.240367453E+32 2.492922540E+29  0.00000000    
      51 1.912864499E-03       553766.262     1.240835391E+32 2.492875215E+29  0.00000000    
      52 2.869296749E-03       553940.348     1.242396441E+32 2.492811341E+29  0.00000000    
      53 4.303945124E-03       554289.137     1.245528494E+32 2.492722450E+29  0.00000000    
      54 6.455917688E-03       554879.290     1.250841447E+32 2.492597537E+29  0.00000000    
      55 9.038284764E-03       555612.139     1.257462672E+32 2.492455429E+29  0.00000000    
      56 1.213712525E-02       556487.375     1.265404756E+32 2.492292655E+29  0.00000000    
      57 1.585573384E-02       557511.533     1.274745895E+32 2.492105409E+29  0.00000000    
      58 2.031806415E-02       558696.400     1.285617248E+32 2.491889435E+29  0.00000000    
      59 2.567286052E-02       560058.926     1.298204450E+32 2.491639951E+29  0.00000000    
      60 3.209861616E-02       561622.184     1.312759638E+32 2.491351583E+29  0.00000000    
      61 3.980952293E-02       563417.255     1.329623773E+32 2.491018331E+29  0.00000000    
      62 4.906261106E-02       565486.064     1.349260557E+32 2.490633557E+29  0.00000000    
      63 6.016631681E-02       567885.008     1.372302372E+32 2.490190013E+29  0.00000000    
      64 7.349076371E-02       570688.580     1.399603200E+32 2.489679932E+29  0.00000000    
      65 8.948009999E-02       573991.023     1.432282221E+32 2.489095182E+29  0.00000000    
      66 0.108667304           577902.866     1.471728133E+32 2.488427515E+29  0.00000000    
      67 0.131691948           582539.194     1.519528327E+32 2.487668908E+29  0.00000000    
      68 0.159321521           587998.853     1.577299311E+32 2.486812010E+29  0.00000000    
      69 0.192477009           594337.990     1.646425803E+32 2.485850681E+29  0.00000000    
      70 0.232263594           601545.316     1.727752769E+32 2.484780567E+29  0.00000000    
      71 0.280007496           609527.526     1.821300016E+32 2.483599648E+29  0.00000000    
      72 0.337300179           618110.509     1.926072853E+32 2.482308644E+29  0.00000000    
      73 0.406051398           627056.816     2.040026318E+32 2.480911175E+29  0.00000000    
      74 0.488552861           636095.061     2.160211600E+32 2.479413613E+29  0.00000000    
      75 0.587554617           644954.527     2.283098146E+32 2.477824700E+29  0.00000000    
      76 0.706356724           653398.252     2.405027642E+32 2.476155114E+29  0.00000000    
      77 0.848919253           661249.249     2.522719512E+32 2.474417287E+29  0.00000000    
      78  1.01999429           668405.859     2.633717520E+32 2.472625731E+29  0.00000000    
      79  1.22528433           674843.404     2.736656129E+32 2.470797958E+29  0.00000000    
      80  1.47163238           680601.052     2.831252891E+32 2.468955813E+29  0.00000000    
      81  1.76725004           685756.046     2.918010035E+32 2.467126692E+29  0.00000000    
      82  2.12199123           690391.728     2.997716200E+32 2.465343987E+29  0.00000000    
      83  2.54768065           694568.934     3.070927889E+32 2.463646044E+29  0.00000000    
      84  3.05850797           698310.026     3.137626965E+32 2.462073208E+29  0.00000000    
      85  3.67150075           701600.197     3.197179417E+32 2.460663062E+29  0.00000000    
      86  4.40709208           704404.059     3.248595206E+32 2.459444599E+29  0.00000000    
      87  5.28980168           706689.914     3.290968841E+32 2.458432689E+29  0.00000000    
      88  6.34905320           708452.023     3.323915531E+32 2.457624445E+29  0.00000000    
      89  7.62015502           709722.874     3.347830105E+32 2.456998832E+29  0.00000000    
      90  9.14547721           710571.807     3.363876841E+32 2.456519997E+29  0.00000000    
      91  10.9758638           711091.799     3.373734312E+32 2.456143532E+29  0.00000000    
      92  13.1723278           711380.588     3.379218231E+32 2.455823742E+29  0.00000000    
      93  15.8080845           711523.725     3.381938780E+32 2.455519592E+29  0.00000000    
      94  18.9709926           711584.968     3.383103318E+32 2.455197710E+29  0.00000000    
      95  22.7664823           711605.109     3.383486354E+32 2.454832241E+29  0.00000000    
      96  27.3210700           711606.561     3.383513961E+32 2.454402566E+29  0.00000000    
      97  32.7865751           711599.828     3.383385907E+32 2.453890344E+29  0.00000000    
      98  39.3451814           711588.995     3.383179897E+32 2.453276890E+29  0.00000000    
      99  47.2155088           711575.223     3.382917981E+32 2.452541251E+29  0.00000000    
     100  56.6599018           711558.508     3.382600144E+32 2.451658856E+29  0.00000000    
     101  67.9931733           711538.413     3.382218040E+32 2.450600426E+29  0.00000000    
     102  81.5930991           711514.292     3.381759442E+32 2.449330931E+29  0.00000000    
     103  97.9130101           711485.347     3.381209189E+32 2.447808426E+29  0.00000000    
     104  117.496903           711450.615     3.380549004E+32 2.445982701E+29  0.00000000    
     105  140.997575           711408.939     3.379756957E+32 2.443793671E+29  0.00000000    
     106  169.198381           711358.931     3.378806751E+32 2.441169485E+29  0.00000000    
     107  203.039349           711298.927     3.377666866E+32 2.438024271E+29  0.00000000    
     108  243.648510           711226.929     3.376299524E+32 2.434255494E+29  0.00000000    
     109  292.379503           711140.543     3.374659464E+32 2.429740840E+29  0.00000000    
     110  350.856695           711036.894     3.372692471E+32 2.424334575E+29  0.00000000    
     111  421.029325           710912.538     3.370333633E+32 2.417863322E+29  0.00000000    
     112  505.236481           710763.342     3.367505261E+32 2.410121173E+29  0.00000000    
     113  606.285069           710584.353     3.364114430E+32 2.400864110E+29  0.00000000    
     114  727.543373           710369.632     3.360050059E+32 2.389803704E+29  0.00000000    
     115  873.053339           710112.061     3.355179466E+32 2.376600099E+29  0.00000000    
     116  1047.66530           709803.112     3.349344320E+32 2.360854384E+29  0.00000000    
     117  1257.19965           709432.570     3.342355898E+32 2.342100533E+29  0.00000000    
     118  1508.64087           708988.203     3.333989552E+32 2.319797260E+29  0.00000000    
     119  1810.37034           708455.369     3.323978324E+32 2.293320358E+29  0.00000000    
     120  2172.44569           707816.555     3.312005607E+32 2.261956413E+29  0.00000000    
     121  2606.93612           707050.822     3.297696826E+32 2.224899196E+29  0.00000000    
     122  3128.32464           706133.159     3.280610141E+32 2.181250607E+29  0.00000000    
     123  3753.99086           705033.714     3.260226249E+32 2.130028748E+29  0.00000000    
     124  4169.36289           704304.281     3.246754951E+32 2.096679385E+29  0.00000000    
     125  4446.27758           703818.204     3.237801219E+32 2.074732802E+29  0.00000000    
     126  4630.88737           703494.248     3.231844100E+32 2.060227642E+29  0.00000000    
     127  4753.96056           703278.319     3.227878029E+32 2.050613089E+29  0.00000000    
     128  4836.00936           703134.385     3.225236354E+32 2.044227959E+29  0.00000000    
     129  4890.70855           703038.438     3.223476291E+32 2.039982093E+29  0.00000000    
     130  4927.17469           702974.476     3.222303383E+32 2.037156343E+29  0.00000000    
     131  4951.48544           702931.837     3.221521653E+32 2.035274653E+29  0.00000000    
     132  4967.69261           702903.412     3.221000592E+32 2.034021144E+29  0.00000000    
     133  4978.49739           702884.462     3.220653259E+32 2.033185895E+29  0.00000000    
     134  4985.70058           702871.829     3.220421722E+32 2.032629249E+29  0.00000000    
     135  4990.50270           702863.407     3.220267372E+32 2.032258235E+29  0.00000000    
     136  4993.70412           702857.792     3.220164475E+32 2.032010930E+29  0.00000000    
     137  4995.83839           702854.049     3.220095879E+32 2.031846076E+29  0.00000000    
     138  4997.26125           702851.553     3.220050149E+32 2.031736181E+29  0.00000000    
     139  4998.20981           702849.890     3.220019663E+32 2.031662921E+29  0.00000000    
     140  4998.84219           702848.781     3.219999339E+32 2.031614082E+29  0.00000000    
     141  4999.26378           702848.041     3.219985790E+32 2.031581524E+29  0.00000000    
     142  4999.54484           702847.548     3.219976757E+32 2.031559818E+29  0.00000000    
     143  4999.73221           702847.220     3.219970735E+32 2.031545348E+29  0.00000000    
     144  4999.85712           702847.001     3.219966720E+32 2.031535702E+29  0.00000000    
     145  4999.94040           702846.855     3.219964044E+32 2.031529271E+29  0.00000000    
     146  4999.99591           702846.757     3.219962260E+32 2.031524983E+29  0.00000000    
     147  5000.03293           702846.692     3.219961070E+32 2.031522125E+29  0.00000000    
     148  5000.05760           702846.649     3.219960277E+32 2.031520219E+29  0.00000000    
     149  5000.07405           702846.620     3.219959749E+32 2.031518949E+29  0.00000000    
     150  5000.08502           702846.601     3.219959396E+32 2.031518102E+29  0.00000000    
     151  5000.09233           702846.588     3.219959161E+32 2.031517538E+29  0.00000000    
     152  5000.09720           702846.580     3.219959005E+32 2.031517161E+29  0.00000000    
     153  5000.10045           702846.574     3.219958900E+32 2.031516910E+29  0.00000000    
     154  5000.10262           702846.570     3.219958831E+32 2.031516743E+29  0.00000000    
     155  5000.10406           702846.568     3.219958784E+32 2.031516631E+29  0.00000000    
     156  5000.10502           702846.566     3.219958753E+32 2.031516557E+29  0.00000000    
     157  5000.10567           702846.565     3.219958733E+32 2.031516508E+29  0.00000000    
     158  5000.10609           702846.564     3.219958719E+32 2.031516475E+29  0.00000000    
     159  5000.10638           702846.564     3.219958710E+32 2.031516452E+29  0.00000000    
     160  5000.10657           702846.563     3.219958704E+32 2.031516438E+29  0.00000000    
     161  5000.10670           702846.563     3.219958699E+32 2.031516428E+29  0.00000000    
     162  5000.10680           702846.563     3.219958696E+32 2.031516420E+29  0.00000000    
     163  5000.10690           702846.563     3.219958693E+32 2.031516789E+29 1.846476019E+35
     164  5000.10700           702846.563     3.219958690E+32 2.031517162E+29 1.846476019E+35
     165  5000.10712           702846.562     3.219958686E+32 2.031517614E+29 1.846476019E+35
     166  5000.10726           702846.562     3.219958684E+32 2.031518161E+29 1.846476019E+35
     167  5000.10743           702846.564     3.219958708E+32 2.031518821E+29 1.846476019E+35
     168  5000.10764           702846.576     3.219958943E+32 2.031519617E+29 1.846476019E+35
     169  5000.10789           702846.660     3.219960476E+32 2.031520576E+29 1.846476019E+35
     170  5000.10819           702847.089     3.219968338E+32 2.031521730E+29 1.846476019E+35
     171  5000.10855           702848.888     3.220001300E+32 2.031523120E+29 1.846476019E+35
     172  5000.10898           702855.201     3.220117003E+32 2.031524792E+29 1.846476019E+35
     173  5000.10949           702874.120     3.220463709E+32 2.031526804E+29 1.846476019E+35
     174  5000.11011           702923.345     3.221365980E+32 2.031529224E+29 1.846476019E+35
     175  5000.11085           703036.309     3.223437248E+32 2.031532135E+29 1.846476019E+35
     176  5000.11175           703268.164     3.227691595E+32 2.031535635E+29 1.846476019E+35
     177  5000.11282           703699.230     3.235612490E+32 2.031539844E+29 1.846476019E+35
     178  5000.11410           704433.591     3.249140020E+32 2.031544906E+29 1.846476019E+35
     179  5000.11564           705591.827     3.270561848E+32 2.031550994E+29 1.846476019E+35
     180  5000.11749           707298.768     3.302324949E+32 2.031558321E+29 1.846476019E+35
     181  5000.11971           709668.754     3.346809049E+32 2.031567141E+29 1.846476019E+35
     182  5000.12237           712791.616     3.406108905E+32 2.031577763E+29 1.846476019E+35
     183  5000.12557           716722.229     3.481863146E+32 2.031590562E+29 1.846476019E+35
     184  5000.12940           721475.446     3.575151251E+32 2.031605991E+29 1.846476019E+35
     185  5000.13400           727026.985     3.686466769E+32 2.031624596E+29 1.846476019E+35
     186  5000.13952           733319.837     3.815767745E+32 2.031647046E+29 1.846476019E+35
     187  5000.14615           740274.941     3.962601441E+32 2.031674153E+29 1.846476019E+35
     188  5000.15410           747804.329     4.126293350E+32 2.031706920E+29 1.846476019E+35
     189  5000.16363           755824.408     4.306176738E+32 2.031746597E+29 1.846476019E+35
     190  5000.17508           764266.885     4.501822524E+32 2.031794759E+29 1.846476019E+35
     191  5000.18882           773085.312     4.713221911E+32 2.031853422E+29 1.846476019E+35
     192  5000.20530           782256.428     4.940885178E+32 2.031925206E+29 1.846476019E+35
     193  5000.22509           791776.759     5.185841022E+32 2.032013571E+29 1.846476019E+35
     194  5000.24882           801655.864     5.449543130E+32 2.032123169E+29 1.846476019E+35
     195  5000.27731           811908.199     5.733712436E+32 2.032260395E+29 1.846476019E+35
     196  5000.31149           822544.525     6.040124118E+32 2.032434286E+29 1.846476019E+35
     197  5000.35251           833563.811     6.370354568E+32 2.032658004E+29 1.846476019E+35
     198  5000.40174           844948.963     6.725585671E+32 2.032951251E+29 1.846476019E+35
     199  5000.46080           856667.522     7.106526980E+32 2.033344006E+29 1.846476019E+35
     200  5000.53169           868677.454     7.513501871E+32 2.033881930E+29 1.846476019E+35
     201  5000.61674           880936.173     7.946684548E+32 2.034633596E+29 1.846476019E+35
     202  5000.71881           893409.242     8.406398302E+32 2.035699429E+29 1.846476019E+35
     203  5000.84130           906075.066     8.893340409E+32 2.037222004E+29 1.846476019E+35
     204  5000.98828           918923.625     9.408618672E+32 2.039397238E+29 1.846476019E+35
     205  5001.16465           931949.865     9.953559089E+32 2.042486120E+29 1.846476019E+35
     206  5001.37631           945144.267     1.052932706E+33 2.046826820E+29 1.846476019E+35
     207  5001.63029           958483.494     1.113644951E+33 2.052847168E+29 1.846476019E+35
     208  5001.93507           971923.080     1.177431853E+33 2.061077425E+29 1.846476019E+35
     209  5002.30080           985392.701     1.244072138E+33 2.072163118E+29 1.846476019E+35
     210  5002.73968           998793.769     1.313141407E+33 2.086877577E+29 1.846476019E+35
     211  5003.26634           1011999.09     1.383976427E+33 2.106134196E+29 1.846476019E+35
     212  5003.89833           1024855.09     1.455653629E+33 2.130999660E+29 1.846476019E+35
     213  5004.65671           1037187.74     1.526995304E+33 2.162711876E+29 1.846476019E+35
     214  5005.56678           1048813.77     1.596620601E+33 2.202710360E+29 1.846476019E+35
     215  5006.65885           1059557.74     1.663055415E+33 2.252691705E+29 1.846476019E+35
     216  5007.96934           1069274.31     1.724903195E+33 2.314707220E+29 1.846476019E+35
     217  5009.54193           1077872.80     1.781058789E+33 2.391321541E+29 1.846476019E+35
     218  5010.56369           1082463.26     1.811593934E+33 2.442273743E+29 1.846476019E+35
     219  5011.24487           1085155.60     1.829684699E+33 2.476717737E+29 1.846476019E+35
     220  5011.69898           1086805.73     1.840839269E+33 2.499884724E+29 1.846476019E+35
     221  5012.00173           1087846.48     1.847900762E+33 2.515418628E+29 1.846476019E+35
     222  5012.20356           1088515.33     1.852449612E+33 2.525813862E+29 1.846476019E+35
     223  5012.33811           1088950.52     1.855413828E+33 2.532761392E+29 1.846476019E+35
     224  5012.42781           1089236.00     1.857360241E+33 2.537400777E+29 1.846476019E+35
     225  5012.48761           1089424.28     1.858644823E+33 2.540497116E+29 1.846476019E+35
     226  5012.52748           1089548.91     1.859495477E+33 2.542562857E+29 1.846476019E+35
     227  5012.55406           1089631.60     1.860060048E+33 2.543940691E+29 1.846476019E+35
     228  5012.57178           1089686.56     1.860435308E+33 2.544859547E+29 1.846476019E+35
     229  5012.58359           1089723.12     1.860684985E+33 2.545472250E+29 1.846476019E+35
     230  5012.59147           1089747.45     1.860851215E+33 2.545880777E+29 1.846476019E+35
     231  5012.59672           1089763.66     1.860961938E+33 2.546153155E+29 1.846476019E+35
     232  5012.60022           1089774.46     1.861035710E+33 2.546334752E+29 1.846476019E+35
     233  5012.60255           1089781.66     1.861084872E+33 2.546455822E+29 1.846476019E+35
     234  5012.60411           1089786.46     1.861117638E+33 2.546536538E+29 1.846476019E+35
     235  5012.60514           1089789.65     1.861139478E+33 2.546590349E+29 1.846476019E+35
     236  5012.60583           1089791.78     1.861154036E+33 2.546626224E+29 1.846476019E+35
     237  5012.60630           1089793.21     1.861163741E+33 2.546650141E+29 1.846476019E+35
     238  5012.60660           1089794.15     1.861170211E+33 2.546666085E+29 1.846476019E+35
     239  5012.60681           1089794.78     1.861174524E+33 2.546676715E+29 1.846476019E+35
     240  5012.60694           1089795.20     1.861177399E+33 2.546683801E+29 1.846476019E+35
     241  5012.60704           1089795.51     1.861179504E+33 2.546688991E+29 1.846476019E+35
     242  5012.60714           1089795.82     1.861181610E+33 2.546694180E+29 1.846476019E+35
     243  5012.60724           1089796.13     1.861183715E+33 2.546692327E+29  0.00000000    
     244  5012.60736           1089796.50     1.861186241E+33 2.546690133E+29  0.00000000    
     245  5012.60751           1089796.94     1.861189273E+33 2.546687519E+29  0.00000000    
     246  5012.60768           1089797.48     1.861192908E+33 2.546684399E+29  0.00000000    
     247  5012.60789           1089798.11     1.861197254E+33 2.546680678E+29  0.00000000    
     248  5012.60814           1089798.86     1.861202345E+33 2.546676245E+29  0.00000000    
     249  5012.60844           1089799.65     1.861207771E+33 2.546670974E+29  0.00000000    
     250  5012.60879           1089800.17     1.861211296E+33 2.546664723E+29  0.00000000    
     251  5012.60922           1089799.24     1.861204949E+33 2.546657330E+29  0.00000000    
     252  5012.60974           1089793.57     1.861166228E+33 2.546648609E+29  0.00000000    
     253  5012.61036           1089775.45     1.861042421E+33 2.546638350E+29  0.00000000    
     254  5012.61110           1089729.50     1.860728581E+33 2.546626315E+29  0.00000000    
     255  5012.61199           1089629.29     1.860044227E+33 2.546612234E+29  0.00000000    
     256  5012.61306           1089434.99     1.858717874E+33 2.546595805E+29  0.00000000    
     257  5012.61435           1089093.56     1.856388917E+33 2.546576695E+29  0.00000000    
     258  5012.61589           1088542.11     1.852631868E+33 2.546554538E+29  0.00000000    
     259  5012.61774           1087713.95     1.847000406E+33 2.546528942E+29  0.00000000    
     260  5012.61996           1086546.24     1.839081811E+33 2.546499500E+29  0.00000000    
     261  5012.62262           1084987.22     1.828549340E+33 2.546465796E+29  0.00000000    
     262  5012.62581           1083001.76     1.815201541E+33 2.546427435E+29  0.00000000    
     263  5012.62965           1080574.36     1.798982057E+33 2.546384069E+29  0.00000000    
     264  5012.63425           1077709.35     1.779978698E+33 2.546335443E+29  0.00000000    
     265  5012.63977           1074428.81     1.758404447E+33 2.546281470E+29  0.00000000    
     266  5012.64639           1070768.50     1.734564835E+33 2.546222336E+29  0.00000000    
     267  5012.65434           1066772.47     1.708816377E+33 2.546158665E+29  0.00000000    
     268  5012.66388           1062486.71     1.681520722E+33 2.546091746E+29  0.00000000    
     269  5012.67533           1057952.49     1.653000005E+33 2.546023858E+29  0.00000000    
     270  5012.68907           1053200.43     1.623500067E+33 2.545958672E+29  0.00000000    
     271  5012.70555           1048246.33     1.593168121E+33 2.545901764E+29  0.00000000    
     272  5012.72533           1043089.53     1.562048583E+33 2.545861179E+29  0.00000000    
     273  5012.74907           1037713.80     1.530095624E+33 2.545848061E+29  0.00000000    
     274  5012.77756           1032090.14     1.497196173E+33 2.545877287E+29  0.00000000    
     275  5012.81174           1026179.99     1.463195533E+33 2.545968106E+29  0.00000000    
     276  5012.85276           1019938.38     1.427920218E+33 2.546144733E+29  0.00000000    
     277  5012.90198           1013316.49     1.391197008E+33 2.546436915E+29  0.00000000    
     278  5012.96105           1006264.07     1.352869971E+33 2.546880446E+29  0.00000000    
     279  5013.03193           998731.859     1.312815858E+33 2.547517693E+29  0.00000000    
     280  5013.11699           990672.910     1.270952585E+33 2.548398281E+29  0.00000000    
     281  5013.21906           982040.262     1.227228335E+33 2.549580253E+29  0.00000000    
     282  5013.34155           972777.127     1.181575838E+33 2.551132115E+29  0.00000000    
     283  5013.48853           962796.327     1.133824661E+33 2.553136037E+29  0.00000000    
     284  5013.66490           951949.574     1.083587469E+33 2.555691811E+29  0.00000000    
     285  5013.87655           939993.927     1.030168795E+33 2.558919658E+29  0.00000000    
     286  5014.13054           926570.505     9.725727233E+32 2.562957753E+29  0.00000000    
     287  5014.43531           911216.771     9.096933433E+32 2.567947770E+29  0.00000000    
     288  5014.80105           893437.808     8.407473492E+32 2.574000775E+29  0.00000000    
     289  5015.23993           872862.940     7.659358857E+32 2.581139699E+29  0.00000000    
     290  5015.76659           849501.094     6.871696504E+32 2.589227781E+29  0.00000000    
     291  5016.39857           824049.871     6.084461991E+32 2.597913684E+29  0.00000000    
     292  5017.15696           798081.978     5.353011981E+32 2.606639225E+29  0.00000000    
     293  5018.06702           773822.791     4.731232219E+32 2.614740290E+29  0.00000000    
     294  5019.15910           753409.813     4.251412939E+32 2.621618978E+29  0.00000000    
     295  5020.46959           738035.947     3.914878240E+32 2.626910260E+29  0.00000000    
     296  5022.04218           727654.068     3.699201979E+32 2.630559206E+29  0.00000000    
     297  5023.92929           721337.594     3.572419622E+32 2.632777121E+29  0.00000000    
     298  5026.19382           717864.335     3.504109821E+32 2.633916188E+29  0.00000000    
     299  5028.91125           716139.266     3.470548737E+32 2.634336821E+29  0.00000000    
     300  5032.17217           715367.645     3.455615198E+32 2.634322663E+29  0.00000000    
     301  5036.08528           715056.800     3.449612896E+32 2.634055022E+29  0.00000000    
     302  5040.78100           714941.813     3.447394525E+32 2.633627596E+29  0.00000000    
     303  5046.41588           714898.948     3.446567836E+32 2.633075378E+29  0.00000000    
     304  5053.17772           714878.096     3.446165748E+32 2.632400172E+29  0.00000000    
     305  5061.29194           714861.597     3.445847607E+32 2.631586617E+29  0.00000000    
     306  5071.02900           714843.844     3.445505316E+32 2.630609841E+29  0.00000000    
     307  5082.71347           714822.961     3.445102727E+32 2.629438024E+29  0.00000000    
     308  5096.73483           714797.977     3.444621109E+32 2.628032519E+29  0.00000000    
     309  5113.56047           714768.009     3.444043472E+32 2.626346924E+29  0.00000000    
     310  5133.75123           714732.050     3.443350466E+32 2.624325671E+29  0.00000000    
     311  5157.98015           714688.902     3.442519049E+32 2.621902270E+29  0.00000000    
     312  5187.05485           714637.128     3.441521621E+32 2.618997214E+29  0.00000000    
     313  5221.94450           714575.005     3.440325099E+32 2.615515498E+29  0.00000000    
     314  5263.81207           714500.465     3.438889834E+32 2.611343694E+29  0.00000000    
     315  5314.05315           714411.029     3.437168327E+32 2.606346525E+29  0.00000000    
     316  5374.34245           714303.721     3.435103684E+32 2.600362847E+29  0.00000000    
     317  5446.68961           714174.976     3.432627789E+32 2.593201002E+29  0.00000000    
     318  5533.50621           714020.515     3.429659129E+32 2.584633448E+29  0.00000000    
     319  5637.68612           713835.210     3.426100210E+32 2.574390640E+29  0.00000000    
     320  5762.70202           713612.914     3.421834503E+32 2.562154129E+29  0.00000000    
     321  5912.72109           713346.259     3.416722841E+32 2.547548918E+29  0.00000000    
     322  6092.74398           713026.418     3.410599177E+32 2.530135169E+29  0.00000000    
     323  6308.77145           712642.817     3.403265633E+32 2.509399510E+29  0.00000000    
     324  6568.00441           712182.797     3.394486720E+32 2.484746324E+29  0.00000000    
     325  6879.08396           711631.204     3.383982679E+32 2.455489705E+29  0.00000000    
     326  7252.37942           710969.915     3.371421835E+32 2.420847085E+29  0.00000000    
     327  7700.33398           710177.265     3.356411961E+32 2.379936030E+29  0.00000000    
     328  8237.87944           709227.376     3.338490633E+32 2.331776348E+29  0.00000000    
     329  8882.93400           708089.366     3.317114703E+32 2.275300390E+29  0.00000000    
     330  9656.99947           706726.431     3.291649125E+32 2.209375389E+29  0.00000000    
     331  10585.8780           705094.761     3.261355579E+32 2.132842589E+29  0.00000000    
     332  11700.5323           703142.305     3.225381663E+32 2.044578806E+29  0.00000000    
     333  13038.1175           700807.343     3.182751821E+32 1.943586368E+29  0.00000000    
     334  14643.2196           698016.886     3.132361781E+32 1.829116777E+29  0.00000000    
     335  16569.3422           694684.887     3.072979064E+32 1.700830890E+29  0.00000000    
     336  18880.6893           690710.302     3.003253098E+32 1.558992967E+29  0.00000000    
     337  21654.3059           685975.065     2.921739670E+32 1.404686405E+29  0.00000000    
     338  24982.6457           680342.059     2.826945790E+32 1.240024543E+29  0.00000000    
     339  28976.6535           673653.287     2.717402253E+32 1.068311314E+29  0.00000000    
     340  33769.4629           665728.495     2.591771952E+32 8.940870522E+28  0.00000000    
     341  39520.8341           656364.700     2.449001573E+32 7.229824251E+28  0.00000000    
     342  46422.4796           645337.195     2.288521456E+32 5.613111181E+28  0.00000000    
     343  54704.4542           632402.920     2.110491781E+32 4.153751045E+28  0.00000000    
     344  64642.8238           617307.279     1.916080675E+32 2.905442985E+28  0.00000000    
     345  76568.8672           599795.781     1.707740291E+32 1.902934905E+28  0.00000000    
     346  90880.1193           579631.927     1.489420734E+32 1.154864199E+28  0.00000000    
     347  108053.622           556622.505     1.266634300E+32 6.421076253E+27  0.00000000    
