       6    372     42     42

     EOS file :  /home/forgane/Desktop/NSCool/EOS/BSK21_EOS_Acc_HZ08_Fe.dat            

  step        radius       baryon#       density        pressure       encl. mass            phi     encl. bar. mass 
                (m)        (#/fm3)       (g/cm3)        (dyn/cm2)      (sol. mass)                     (sol. mass)   

0	0.000000	3.495203E-01	6.157166E+14	5.46193E+34	0.000000000E+00	-3.03275E-01
1	10.000000	3.495202E-01	6.157166E+14	5.46192E+34	1.296737660E-09	-3.03275E-01
2	11.040660	3.495202E-01	6.157162E+14	5.46192E+34	1.745167570E-09	-3.03275E-01
3	12.201810	3.495201E-01	6.157161E+14	5.46192E+34	2.355726870E-09	-3.03275E-01
4	13.485080	3.495201E-01	6.157160E+14	5.46192E+34	3.179893900E-09	-3.03275E-01
5	14.903310	3.495200E-01	6.157159E+14	5.46191E+34	4.292400020E-09	-3.03275E-01
6	16.470690	3.495199E-01	6.157158E+14	5.46191E+34	5.794121240E-09	-3.03275E-01
7	18.202920	3.495198E-01	6.157156E+14	5.46191E+34	7.821224680E-09	-3.03275E-01
8	20.117320	3.495197E-01	6.157154E+14	5.46190E+34	1.055751460E-08	-3.03275E-01
9	22.233040	3.495196E-01	6.157151E+14	5.46189E+34	1.425109750E-08	-3.03275E-01
10	24.571280	3.495194E-01	6.157148E+14	5.46189E+34	1.923687630E-08	-3.03275E-01
11	27.155410	3.495192E-01	6.157144E+14	5.46188E+34	2.596691320E-08	-3.03274E-01
12	30.011300	3.495190E-01	6.157139E+14	5.46186E+34	3.505141330E-08	-3.03274E-01
13	33.167530	3.495187E-01	6.157134E+14	5.46185E+34	4.731404150E-08	-3.03274E-01
14	36.655660	3.495183E-01	6.157127E+14	5.46183E+34	6.386658760E-08	-3.03274E-01
15	40.510610	3.495179E-01	6.157118E+14	5.46181E+34	8.620974140E-08	-3.03273E-01
16	44.770920	3.495173E-01	6.157107E+14	5.46178E+34	1.163691090E-07	-3.03273E-01
17	49.479220	3.495167E-01	6.157094E+14	5.46175E+34	1.570787830E-07	-3.03272E-01
18	54.682580	3.495159E-01	6.157079E+14	5.46171E+34	2.120290960E-07	-3.03272E-01
19	60.433050	3.495149E-01	6.157059E+14	5.46166E+34	2.862009630E-07	-3.03271E-01
20	66.788100	3.495136E-01	6.157036E+14	5.46159E+34	3.863170760E-07	-3.03270E-01
21	73.811260	3.495122E-01	6.157007E+14	5.46152E+34	5.214507330E-07	-3.03269E-01
22	81.572700	3.495104E-01	6.156972E+14	5.46143E+34	7.038473200E-07	-3.03267E-01
23	90.149940	3.495081E-01	6.156929E+14	5.46132E+34	9.500326100E-07	-3.03265E-01
24	99.628620	3.495054E-01	6.156877E+14	5.46118E+34	1.282307860E-06	-3.03263E-01
25	110.103300	3.495021E-01	6.156813E+14	5.46102E+34	1.730766370E-06	-3.03260E-01
26	121.678500	3.494981E-01	6.156735E+14	5.46081E+34	2.336013000E-06	-3.03257E-01
27	134.469400	3.494932E-01	6.156640E+14	5.46057E+34	3.152830770E-06	-3.03253E-01
28	148.603500	3.494872E-01	6.156524E+14	5.46027E+34	4.255123260E-06	-3.03248E-01
29	164.221200	3.494798E-01	6.156382E+14	5.45990E+34	5.742574420E-06	-3.03242E-01
30	181.477600	3.494709E-01	6.156208E+14	5.45945E+34	7.749619330E-06	-3.03234E-01
31	200.543600	3.494599E-01	6.155996E+14	5.45890E+34	1.045752180E-05	-3.03225E-01
32	221.607700	3.494466E-01	6.155738E+14	5.45823E+34	1.411062570E-05	-3.03214E-01
33	244.877700	3.494303E-01	6.155422E+14	5.45741E+34	1.903820680E-05	-3.03201E-01
34	270.582200	3.494104E-01	6.155037E+14	5.45641E+34	2.568382930E-05	-3.03184E-01
35	298.972800	3.493861E-01	6.154567E+14	5.45519E+34	3.464474450E-05	-3.03164E-01
36	330.326100	3.493564E-01	6.153993E+14	5.45370E+34	4.672469550E-05	-3.03140E-01
37	364.945500	3.493203E-01	6.153294E+14	5.45189E+34	6.300458090E-05	-3.03110E-01
38	403.163600	3.492762E-01	6.152440E+14	5.44968E+34	8.493683330E-05	-3.03074E-01
39	445.344400	3.492224E-01	6.151400E+14	5.44698E+34	1.144711730E-04	-3.03029E-01
40	491.885100	3.491569E-01	6.150131E+14	5.44369E+34	1.542216820E-04	-3.02975E-01
41	543.218000	3.490770E-01	6.148587E+14	5.43969E+34	2.076879870E-04	-3.02909E-01
42	599.811900	3.489798E-01	6.146706E+14	5.43482E+34	2.795467990E-04	-3.02829E-01
43	662.173300	3.488615E-01	6.144418E+14	5.42890E+34	3.760341310E-04	-3.02731E-01
44	730.846100	3.487177E-01	6.141636E+14	5.42171E+34	5.054430940E-04	-3.02613E-01
45	806.411100	3.485431E-01	6.138258E+14	5.41298E+34	6.787669480E-04	-3.02469E-01
46	889.482800	3.483312E-01	6.134162E+14	5.40241E+34	9.105214410E-04	-3.02294E-01
47	980.705300	3.480746E-01	6.129200E+14	5.38961E+34	1.219783270E-03	-3.02083E-01
48	1080.745000	3.477643E-01	6.123203E+14	5.37417E+34	1.631480980E-03	-3.01827E-01
49	1190.279000	3.473899E-01	6.115968E+14	5.35558E+34	2.177968030E-03	-3.01519E-01
50	1309.982000	3.469392E-01	6.107262E+14	5.33324E+34	2.900891510E-03	-3.01149E-01
51	1440.507000	3.463983E-01	6.096817E+14	5.30652E+34	3.853339460E-03	-3.00704E-01
52	1582.460000	3.457514E-01	6.084331E+14	5.27467E+34	5.102199970E-03	-3.00174E-01
53	1736.372000	3.449806E-01	6.069465E+14	5.23688E+34	6.730593340E-03	-2.99543E-01
54	1902.664000	3.440667E-01	6.051849E+14	5.19229E+34	8.840144010E-03	-2.98796E-01
55	2081.614000	3.429887E-01	6.031087E+14	5.14000E+34	1.155274930E-02	-2.97916E-01
56	2273.315000	3.417247E-01	6.006767E+14	5.07911E+34	1.501139740E-02	-2.96888E-01
57	2477.644000	3.402526E-01	5.978474E+14	5.00878E+34	1.937951440E-02	-2.95694E-01
58	2694.230000	3.385508E-01	5.945808E+14	4.92824E+34	2.483832840E-02	-2.94318E-01
59	2922.439000	3.365991E-01	5.908401E+14	4.83688E+34	3.158185650E-02	-2.92747E-01
60	3161.372000	3.343801E-01	5.865940E+14	4.73432E+34	3.980938560E-02	-2.90970E-01
61	3409.876000	3.318798E-01	5.818188E+14	4.62042E+34	4.971569510E-02	-2.88978E-01
62	3666.576000	3.290890E-01	5.764997E+14	4.49536E+34	6.147971640E-02	-2.86769E-01
63	3929.928000	3.260034E-01	5.706324E+14	4.35961E+34	7.525270760E-02	-2.84344E-01
64	4198.268000	3.226242E-01	5.642233E+14	4.21397E+34	9.114724970E-02	-2.81709E-01
65	4469.880000	3.189583E-01	5.572893E+14	4.05952E+34	1.092283530E-01	-2.78877E-01
66	4743.061000	3.150173E-01	5.498570E+14	3.89758E+34	1.295076860E-01	-2.75863E-01
67	5016.168000	3.108176E-01	5.419611E+14	3.72962E+34	1.519414880E-01	-2.72687E-01
68	5287.671000	3.063787E-01	5.336426E+14	3.55723E+34	1.764321900E-01	-2.69370E-01
69	5556.183000	3.017232E-01	5.249471E+14	3.38205E+34	2.028333190E-01	-2.65938E-01
70	5820.478000	2.968752E-01	5.159236E+14	3.20566E+34	2.309569150E-01	-2.62415E-01
71	6079.506000	2.918600E-01	5.066221E+14	3.02957E+34	2.605825410E-01	-2.58827E-01
72	6332.386000	2.867028E-01	4.970920E+14	2.85518E+34	2.914669490E-01	-2.55197E-01
73	6578.404000	2.814282E-01	4.873806E+14	2.68375E+34	3.233536210E-01	-2.51550E-01
74	6816.999000	2.760599E-01	4.775325E+14	2.51633E+34	3.559815860E-01	-2.47908E-01
75	7047.750000	2.706201E-01	4.675890E+14	2.35385E+34	3.890931360E-01	-2.44290E-01
76	7270.358000	2.651300E-01	4.575895E+14	2.19704E+34	4.224402350E-01	-2.40714E-01
77	7484.630000	2.596091E-01	4.475697E+14	2.04647E+34	4.557895250E-01	-2.37196E-01
78	7690.465000	2.540744E-01	4.375598E+14	1.90257E+34	4.889259520E-01	-2.33749E-01
79	7887.839000	2.485415E-01	4.275870E+14	1.76563E+34	5.216551910E-01	-2.30386E-01
80	8076.793000	2.430247E-01	4.176763E+14	1.63581E+34	5.538050560E-01	-2.27115E-01
81	8257.419000	2.375365E-01	4.078487E+14	1.51318E+34	5.852259990E-01	-2.23944E-01
82	8429.851000	2.320876E-01	3.981218E+14	1.39772E+34	6.157909000E-01	-2.20879E-01
83	8594.261000	2.266873E-01	3.885108E+14	1.28932E+34	6.453943160E-01	-2.17925E-01
84	8750.844000	2.213436E-01	3.790283E+14	1.18784E+34	6.739513500E-01	-2.15085E-01
85	8899.818000	2.160637E-01	3.696849E+14	1.09305E+34	7.013962320E-01	-2.12360E-01
86	9041.415000	2.108537E-01	3.604894E+14	1.00473E+34	7.276807350E-01	-2.09752E-01
87	9175.879000	2.057181E-01	3.514481E+14	9.22598E+33	7.527724830E-01	-2.07260E-01
88	9303.462000	2.006606E-01	3.425660E+14	8.46374E+33	7.766532470E-01	-2.04883E-01
89	9424.419000	1.956843E-01	3.338470E+14	7.75755E+33	7.993172610E-01	-2.02621E-01
90	9539.008000	1.907918E-01	3.252937E+14	7.10438E+33	8.207695920E-01	-2.00470E-01
91	9647.488000	1.859847E-01	3.169073E+14	6.50114E+33	8.410246010E-01	-1.98428E-01
92	9750.116000	1.812641E-01	3.086882E+14	5.94480E+33	8.601044910E-01	-1.96492E-01
93	9847.146000	1.766304E-01	3.006359E+14	5.43239E+33	8.780379850E-01	-1.94658E-01
94	9856.551000	1.761718E-01	2.998398E+14	5.38345E+33	8.797695530E-01	-1.94481E-01
95	9870.558000	1.754856E-01	2.986487E+14	5.31080E+33	8.823461210E-01	-1.94216E-01
96	9884.447000	1.748013E-01	2.974614E+14	5.23906E+33	8.848978610E-01	-1.93953E-01
97	9898.217000	1.741190E-01	2.962777E+14	5.16822E+33	8.874249000E-01	-1.93693E-01
98	9911.870000	1.734387E-01	2.950978E+14	5.09826E+33	8.899273660E-01	-1.93434E-01
99	9925.406000	1.727603E-01	2.939216E+14	5.02919E+33	8.924053910E-01	-1.93178E-01
100	9938.827000	1.720838E-01	2.927491E+14	4.96098E+33	8.948591080E-01	-1.92924E-01
101	9952.134000	1.714094E-01	2.915802E+14	4.89363E+33	8.972886510E-01	-1.92673E-01
102	9965.326000	1.707369E-01	2.904150E+14	4.82714E+33	8.996941560E-01	-1.92423E-01
103	9978.405000	1.700663E-01	2.892535E+14	4.76148E+33	9.020757610E-01	-1.92176E-01
104	9991.371000	1.693977E-01	2.880957E+14	4.69666E+33	9.044336040E-01	-1.91930E-01
105	10004.230000	1.687310E-01	2.869415E+14	4.63266E+33	9.067678270E-01	-1.91687E-01
106	10016.970000	1.680664E-01	2.857910E+14	4.56947E+33	9.090785710E-01	-1.91446E-01
107	10029.610000	1.674036E-01	2.846441E+14	4.50709E+33	9.113659800E-01	-1.91207E-01
108	10042.130000	1.667428E-01	2.835009E+14	4.44550E+33	9.136301970E-01	-1.90970E-01
109	10054.550000	1.660840E-01	2.823612E+14	4.38471E+33	9.158713680E-01	-1.90735E-01
110	10066.860000	1.654271E-01	2.812252E+14	4.32469E+33	9.180896400E-01	-1.90502E-01
111	10079.060000	1.647722E-01	2.800928E+14	4.26544E+33	9.202851610E-01	-1.90271E-01
112	10091.160000	1.641192E-01	2.789640E+14	4.20695E+33	9.224580790E-01	-1.90042E-01
113	10103.150000	1.634681E-01	2.778387E+14	4.14921E+33	9.246085450E-01	-1.89815E-01
114	10115.030000	1.628189E-01	2.767171E+14	4.09222E+33	9.267367070E-01	-1.89590E-01
115	10126.820000	1.621717E-01	2.755990E+14	4.03597E+33	9.288427190E-01	-1.89367E-01
116	10138.500000	1.615264E-01	2.744844E+14	3.98044E+33	9.309267310E-01	-1.89146E-01
117	10150.080000	1.608829E-01	2.733734E+14	3.92563E+33	9.329888970E-01	-1.88927E-01
118	10161.550000	1.602414E-01	2.722660E+14	3.87154E+33	9.350293700E-01	-1.88709E-01
119	10172.930000	1.596017E-01	2.711620E+14	3.81814E+33	9.370483040E-01	-1.88494E-01
120	10184.210000	1.589639E-01	2.700616E+14	3.76544E+33	9.390458530E-01	-1.88281E-01
121	10195.380000	1.583280E-01	2.689646E+14	3.71343E+33	9.410221740E-01	-1.88069E-01
122	10206.460000	1.576939E-01	2.678711E+14	3.66210E+33	9.429774210E-01	-1.87860E-01
123	10217.450000	1.570617E-01	2.667811E+14	3.61143E+33	9.449117500E-01	-1.87652E-01
124	10228.330000	1.564313E-01	2.656946E+14	3.56143E+33	9.468253180E-01	-1.87446E-01
125	10239.120000	1.558027E-01	2.646115E+14	3.51209E+33	9.487182810E-01	-1.87242E-01
126	10249.810000	1.551760E-01	2.635318E+14	3.46339E+33	9.505907970E-01	-1.87040E-01
127	10260.410000	1.545511E-01	2.624556E+14	3.41534E+33	9.524430230E-01	-1.86840E-01
128	10270.920000	1.539281E-01	2.613828E+14	3.36791E+33	9.542751150E-01	-1.86641E-01
129	10281.330000	1.533069E-01	2.603134E+14	3.32111E+33	9.560872330E-01	-1.86444E-01
130	10291.650000	1.526877E-01	2.592475E+14	3.27493E+33	9.578795330E-01	-1.86249E-01
131	10301.880000	1.520703E-01	2.581849E+14	3.22936E+33	9.596521730E-01	-1.86056E-01
132	10312.020000	1.514548E-01	2.571258E+14	3.18439E+33	9.614053110E-01	-1.85864E-01
133	10322.060000	1.508411E-01	2.560701E+14	3.14001E+33	9.631391060E-01	-1.85674E-01
134	10332.020000	1.502294E-01	2.550178E+14	3.09623E+33	9.648537140E-01	-1.85486E-01
135	10341.890000	1.496196E-01	2.539688E+14	3.05303E+33	9.665492940E-01	-1.85300E-01
136	10351.670000	1.490118E-01	2.529233E+14	3.01040E+33	9.682260040E-01	-1.85115E-01
137	10361.360000	1.484058E-01	2.518812E+14	2.96834E+33	9.698840000E-01	-1.84932E-01
138	10370.970000	1.478018E-01	2.508424E+14	2.92684E+33	9.715234410E-01	-1.84751E-01
139	10380.490000	1.471998E-01	2.498070E+14	2.88589E+33	9.731444840E-01	-1.84571E-01
140	10389.930000	1.465997E-01	2.487750E+14	2.84549E+33	9.747472850E-01	-1.84393E-01
141	10399.280000	1.460016E-01	2.477463E+14	2.80563E+33	9.763320020E-01	-1.84217E-01
142	10408.540000	1.454054E-01	2.467210E+14	2.76630E+33	9.778987910E-01	-1.84042E-01
143	10417.730000	1.448111E-01	2.456990E+14	2.72751E+33	9.794478090E-01	-1.83869E-01
144	10426.830000	1.442187E-01	2.446803E+14	2.68923E+33	9.809792100E-01	-1.83697E-01
145	10435.850000	1.436282E-01	2.436649E+14	2.65147E+33	9.824931510E-01	-1.83527E-01
146	10444.780000	1.430393E-01	2.426527E+14	2.61421E+33	9.839897860E-01	-1.83359E-01
147	10453.640000	1.424523E-01	2.416437E+14	2.57746E+33	9.854692710E-01	-1.83192E-01
148	10462.420000	1.418668E-01	2.406379E+14	2.54120E+33	9.869317590E-01	-1.83027E-01
149	10471.110000	1.412831E-01	2.396352E+14	2.50543E+33	9.883774040E-01	-1.82863E-01
150	10479.730000	1.407009E-01	2.386356E+14	2.47014E+33	9.898063600E-01	-1.82700E-01
151	10488.270000	1.401202E-01	2.376392E+14	2.43534E+33	9.912187800E-01	-1.82540E-01
152	10496.740000	1.395410E-01	2.366457E+14	2.40100E+33	9.926148150E-01	-1.82380E-01
153	10505.120000	1.389633E-01	2.356554E+14	2.36713E+33	9.939946170E-01	-1.82223E-01
154	10513.430000	1.383870E-01	2.346680E+14	2.33371E+33	9.953583380E-01	-1.82066E-01
155	10521.670000	1.378121E-01	2.336836E+14	2.30075E+33	9.967061280E-01	-1.81911E-01
156	10529.830000	1.372385E-01	2.327021E+14	2.26824E+33	9.980381370E-01	-1.81758E-01
157	10537.910000	1.366662E-01	2.317236E+14	2.23618E+33	9.993545140E-01	-1.81606E-01
158	10545.930000	1.360951E-01	2.307479E+14	2.20454E+33	1.000655410E+00	-1.81455E-01
159	10553.860000	1.355253E-01	2.297752E+14	2.17334E+33	1.001940970E+00	-1.81306E-01
160	10561.730000	1.349568E-01	2.288054E+14	2.14257E+33	1.003211340E+00	-1.81158E-01
161	10569.530000	1.343899E-01	2.278387E+14	2.11221E+33	1.004466670E+00	-1.81012E-01
162	10577.250000	1.338247E-01	2.268753E+14	2.08227E+33	1.005707110E+00	-1.80867E-01
163	10584.900000	1.332614E-01	2.259152E+14	2.05274E+33	1.006932800E+00	-1.80723E-01
164	10592.490000	1.327001E-01	2.249585E+14	2.02362E+33	1.008143880E+00	-1.80581E-01
165	10600.000000	1.321411E-01	2.240055E+14	1.99489E+33	1.009340510E+00	-1.80440E-01
166	10607.450000	1.315844E-01	2.230560E+14	1.96656E+33	1.010522810E+00	-1.80300E-01
167	10614.820000	1.310303E-01	2.221104E+14	1.93861E+33	1.011690950E+00	-1.80162E-01
168	10622.130000	1.304789E-01	2.211687E+14	1.91105E+33	1.012845050E+00	-1.80025E-01
169	10629.380000	1.299303E-01	2.202310E+14	1.88387E+33	1.013985260E+00	-1.79889E-01
170	10636.550000	1.293848E-01	2.192974E+14	1.85707E+33	1.015111710E+00	-1.79755E-01
171	10643.660000	1.288424E-01	2.183680E+14	1.83063E+33	1.016224560E+00	-1.79622E-01
172	10650.710000	1.283033E-01	2.174429E+14	1.80456E+33	1.017323930E+00	-1.79490E-01
173	10657.680000	1.277677E-01	2.165223E+14	1.77884E+33	1.018409970E+00	-1.79359E-01
174	10664.600000	1.272357E-01	2.156061E+14	1.75348E+33	1.019482810E+00	-1.79230E-01
175	10671.450000	1.267074E-01	2.146946E+14	1.72848E+33	1.020542580E+00	-1.79101E-01
176	10678.240000	1.261830E-01	2.137877E+14	1.70381E+33	1.021589430E+00	-1.78974E-01
177	10684.960000	1.256610E-01	2.128854E+14	1.67949E+33	1.022623480E+00	-1.78849E-01
178	10691.620000	1.251349E-01	2.119864E+14	1.65551E+33	1.023644880E+00	-1.78724E-01
179	10698.220000	1.246086E-01	2.110897E+14	1.63186E+33	1.024653740E+00	-1.78601E-01
180	10704.760000	1.240853E-01	2.101952E+14	1.60853E+33	1.025650210E+00	-1.78479E-01
181	10711.230000	1.235636E-01	2.093033E+14	1.58553E+33	1.026634410E+00	-1.78358E-01
182	10717.650000	1.230429E-01	2.084140E+14	1.56285E+33	1.027606480E+00	-1.78238E-01
183	10724.010000	1.225237E-01	2.075273E+14	1.54049E+33	1.028566540E+00	-1.78119E-01
184	10730.310000	1.220061E-01	2.066432E+14	1.51844E+33	1.029514710E+00	-1.78002E-01
185	10736.540000	1.214898E-01	2.057616E+14	1.49669E+33	1.030451130E+00	-1.77885E-01
186	10742.730000	1.209747E-01	2.048824E+14	1.47524E+33	1.031375920E+00	-1.77770E-01
187	10748.850000	1.204610E-01	2.040055E+14	1.45410E+33	1.032289210E+00	-1.77656E-01
188	10754.910000	1.199487E-01	2.031311E+14	1.43325E+33	1.033191120E+00	-1.77543E-01
189	10760.920000	1.194378E-01	2.022592E+14	1.41269E+33	1.034081770E+00	-1.77431E-01
190	10766.880000	1.189283E-01	2.013900E+14	1.39242E+33	1.034961290E+00	-1.77320E-01
191	10772.770000	1.184200E-01	2.005230E+14	1.37243E+33	1.035829790E+00	-1.77210E-01
192	10778.620000	1.179131E-01	1.996581E+14	1.35272E+33	1.036687410E+00	-1.77101E-01
193	10784.400000	1.174074E-01	1.987954E+14	1.33329E+33	1.037534240E+00	-1.76994E-01
194	10790.140000	1.169028E-01	1.979346E+14	1.31413E+33	1.038370430E+00	-1.76887E-01
195	10795.820000	1.163996E-01	1.970761E+14	1.29524E+33	1.039196070E+00	-1.76781E-01
196	10801.440000	1.158978E-01	1.962200E+14	1.27661E+33	1.040011300E+00	-1.76677E-01
197	10807.020000	1.153973E-01	1.953664E+14	1.25824E+33	1.040816220E+00	-1.76573E-01
198	10812.540000	1.148980E-01	1.945152E+14	1.24014E+33	1.041610950E+00	-1.76470E-01
199	10818.010000	1.143997E-01	1.936656E+14	1.22228E+33	1.042395610E+00	-1.76369E-01
200	10823.430000	1.139026E-01	1.928180E+14	1.20468E+33	1.043170300E+00	-1.76268E-01
201	10828.800000	1.134067E-01	1.919728E+14	1.18733E+33	1.043935140E+00	-1.76168E-01
202	10834.120000	1.129120E-01	1.911299E+14	1.17021E+33	1.044690240E+00	-1.76070E-01
203	10839.380000	1.124185E-01	1.902891E+14	1.15335E+33	1.045435710E+00	-1.75972E-01
204	10844.600000	1.119261E-01	1.894501E+14	1.13671E+33	1.046171660E+00	-1.75875E-01
205	10849.770000	1.114349E-01	1.886130E+14	1.12032E+33	1.046898190E+00	-1.75779E-01
206	10854.890000	1.109448E-01	1.877779E+14	1.10415E+33	1.047615430E+00	-1.75684E-01
207	10859.970000	1.104558E-01	1.869449E+14	1.08821E+33	1.048323460E+00	-1.75590E-01
208	10864.990000	1.099679E-01	1.861140E+14	1.07250E+33	1.049022400E+00	-1.75497E-01
209	10869.970000	1.094811E-01	1.852850E+14	1.05701E+33	1.049712350E+00	-1.75405E-01
210	10874.910000	1.089953E-01	1.844576E+14	1.04174E+33	1.050393410E+00	-1.75314E-01
211	10879.790000	1.085105E-01	1.836319E+14	1.02668E+33	1.051065700E+00	-1.75223E-01
212	10884.630000	1.080267E-01	1.828080E+14	1.01184E+33	1.051729300E+00	-1.75134E-01
213	10889.430000	1.075438E-01	1.819861E+14	9.97209E+32	1.052384320E+00	-1.75045E-01
214	10894.180000	1.070620E-01	1.811660E+14	9.82784E+32	1.053030870E+00	-1.74957E-01
215	10898.890000	1.065811E-01	1.803473E+14	9.68564E+32	1.053669030E+00	-1.74870E-01
216	10903.550000	1.061012E-01	1.795299E+14	9.54545E+32	1.054298910E+00	-1.74784E-01
217	10908.170000	1.056223E-01	1.787146E+14	9.40726E+32	1.054920610E+00	-1.74698E-01
218	10912.740000	1.051442E-01	1.779015E+14	9.27103E+32	1.055534210E+00	-1.74614E-01
219	10917.270000	1.046671E-01	1.770899E+14	9.13673E+32	1.056139830E+00	-1.74530E-01
220	10921.760000	1.041909E-01	1.762794E+14	9.00434E+32	1.056737540E+00	-1.74447E-01
221	10926.210000	1.037155E-01	1.754703E+14	8.87384E+32	1.057327450E+00	-1.74365E-01
222	10930.620000	1.032410E-01	1.746631E+14	8.74519E+32	1.057909640E+00	-1.74284E-01
223	10934.990000	1.027673E-01	1.738574E+14	8.61837E+32	1.058484220E+00	-1.74203E-01
224	10939.310000	1.022944E-01	1.730531E+14	8.49336E+32	1.059051260E+00	-1.74124E-01
225	10943.600000	1.018224E-01	1.722501E+14	8.37013E+32	1.059610870E+00	-1.74045E-01
226	10947.840000	1.013511E-01	1.714483E+14	8.24866E+32	1.060163120E+00	-1.73966E-01
227	10952.050000	1.008805E-01	1.706479E+14	8.12892E+32	1.060708110E+00	-1.73889E-01
228	10956.220000	1.004107E-01	1.698491E+14	8.01089E+32	1.061245930E+00	-1.73812E-01
229	10960.340000	9.994160E-02	1.690517E+14	7.89454E+32	1.061776660E+00	-1.73736E-01
230	10964.430000	9.947321E-02	1.682555E+14	7.77985E+32	1.062300380E+00	-1.73661E-01
231	10968.490000	9.900549E-02	1.674603E+14	7.66681E+32	1.062817190E+00	-1.73586E-01
232	10972.500000	9.853844E-02	1.666664E+14	7.55537E+32	1.063327170E+00	-1.73513E-01
233	10976.480000	9.807203E-02	1.658735E+14	7.44554E+32	1.063830390E+00	-1.73439E-01
234	10980.420000	9.760624E-02	1.650816E+14	7.33727E+32	1.064326950E+00	-1.73367E-01
235	10984.320000	9.714103E-02	1.642907E+14	7.23055E+32	1.064816920E+00	-1.73295E-01
236	10988.190000	9.667640E-02	1.635009E+14	7.12536E+32	1.065300380E+00	-1.73224E-01
237	10992.020000	9.621232E-02	1.627124E+14	7.02168E+32	1.065777420E+00	-1.73154E-01
238	10995.820000	9.574878E-02	1.619249E+14	6.91948E+32	1.066248100E+00	-1.73084E-01
239	10999.580000	9.528574E-02	1.611383E+14	6.81875E+32	1.066712520E+00	-1.73015E-01
240	11003.310000	9.482318E-02	1.603524E+14	6.71946E+32	1.067170750E+00	-1.72947E-01
241	11007.000000	9.436107E-02	1.595673E+14	6.62160E+32	1.067622870E+00	-1.72879E-01
242	11010.660000	9.389941E-02	1.587829E+14	6.52514E+32	1.068068940E+00	-1.72812E-01
243	11014.290000	9.343818E-02	1.579992E+14	6.43006E+32	1.068509050E+00	-1.72745E-01
244	11017.880000	9.297734E-02	1.572162E+14	6.33635E+32	1.068943260E+00	-1.72679E-01
245	11021.440000	9.251685E-02	1.564341E+14	6.24399E+32	1.069371670E+00	-1.72614E-01
246	11024.970000	9.205670E-02	1.556528E+14	6.15296E+32	1.069794320E+00	-1.72550E-01
247	11028.470000	9.159685E-02	1.548720E+14	6.06323E+32	1.070211300E+00	-1.72486E-01
248	11031.930000	9.113730E-02	1.540917E+14	5.97480E+32	1.070622690E+00	-1.72422E-01
249	11035.360000	9.067804E-02	1.533119E+14	5.88763E+32	1.071028540E+00	-1.72359E-01
250	11038.770000	9.021903E-02	1.525324E+14	5.80173E+32	1.071428920E+00	-1.72297E-01
251	11042.140000	8.976014E-02	1.517533E+14	5.71705E+32	1.071823920E+00	-1.72235E-01
252	11045.480000	8.930133E-02	1.509743E+14	5.63360E+32	1.072213590E+00	-1.72174E-01
253	11048.790000	8.884292E-02	1.501959E+14	5.55135E+32	1.072598000E+00	-1.72114E-01
254	11052.070000	8.838510E-02	1.494181E+14	5.47029E+32	1.072977220E+00	-1.72054E-01
255	11055.320000	8.792678E-02	1.486405E+14	5.39040E+32	1.073351310E+00	-1.71994E-01
256	11058.540000	8.746665E-02	1.478622E+14	5.31166E+32	1.073720350E+00	-1.71936E-01
257	11061.740000	8.700631E-02	1.470845E+14	5.23405E+32	1.074084380E+00	-1.71877E-01
258	11064.900000	8.654874E-02	1.463093E+14	5.15756E+32	1.074443490E+00	-1.71819E-01
259	11068.040000	8.609133E-02	1.455326E+14	5.08218E+32	1.074797720E+00	-1.71762E-01
260	11071.150000	8.562831E-02	1.447472E+14	5.00789E+32	1.075147150E+00	-1.71705E-01
261	11074.230000	8.516577E-02	1.439630E+14	4.93467E+32	1.075491820E+00	-1.71649E-01
262	11077.290000	8.472176E-02	1.432072E+14	4.86251E+32	1.075831820E+00	-1.71593E-01
263	11080.310000	8.428394E-02	1.424610E+14	4.79139E+32	1.076167190E+00	-1.71538E-01
264	11083.320000	8.378788E-02	1.416263E+14	4.72130E+32	1.076497990E+00	-1.71484E-01
265	11086.290000	8.324074E-02	1.407139E+14	4.65223E+32	1.076824280E+00	-1.71429E-01
266	11089.250000	8.286231E-02	1.400569E+14	4.58416E+32	1.077146120E+00	-1.71376E-01
267	11092.160000	8.274002E-02	1.397878E+14	4.51706E+32	1.077463590E+00	-1.71322E-01
268	11095.050000	8.215855E-02	1.388239E+14	4.45094E+32	1.077776730E+00	-1.71270E-01
269	11097.940000	8.056051E-02	1.363180E+14	4.38578E+32	1.078085550E+00	-1.71217E-01
270	11100.830000	7.930473E-02	1.343142E+14	4.32158E+32	1.078390070E+00	-1.71165E-01
271	11103.720000	7.854710E-02	1.330520E+14	4.25832E+32	1.078690390E+00	-1.71112E-01
272	11106.580000	7.810631E-02	1.322607E+14	4.19598E+32	1.078986600E+00	-1.71060E-01
273	11109.420000	7.781037E-02	1.316832E+14	4.13453E+32	1.079278770E+00	-1.71009E-01
274	11112.230000	7.749152E-02	1.310686E+14	4.07398E+32	1.079566940E+00	-1.70957E-01
275	11115.020000	7.700512E-02	1.302014E+14	4.01431E+32	1.079851170E+00	-1.70907E-01
276	11117.790000	7.634906E-02	1.290786E+14	3.95550E+32	1.080131500E+00	-1.70856E-01
277	11120.550000	7.558008E-02	1.277848E+14	3.89755E+32	1.080407970E+00	-1.70806E-01
278	11123.290000	7.475373E-02	1.264031E+14	3.84044E+32	1.080680620E+00	-1.70757E-01
279	11126.030000	7.392353E-02	1.250131E+14	3.78417E+32	1.080949510E+00	-1.70707E-01
280	11128.750000	7.313002E-02	1.236756E+14	3.72871E+32	1.081214680E+00	-1.70658E-01
281	11131.470000	7.237066E-02	1.223876E+14	3.67407E+32	1.081476200E+00	-1.70608E-01
282	11134.170000	7.163301E-02	1.211313E+14	3.62023E+32	1.081734100E+00	-1.70559E-01
283	11136.870000	7.090515E-02	1.198898E+14	3.56717E+32	1.081988440E+00	-1.70510E-01
284	11139.550000	7.017574E-02	1.186471E+14	3.51488E+32	1.082239280E+00	-1.70462E-01
285	11142.220000	6.944011E-02	1.173965E+14	3.46336E+32	1.082486650E+00	-1.70413E-01
286	11144.890000	6.870225E-02	1.161440E+14	3.41258E+32	1.082730600E+00	-1.70365E-01
287	11147.540000	6.796663E-02	1.148964E+14	3.36255E+32	1.082971190E+00	-1.70317E-01
288	11150.180000	6.723752E-02	1.136599E+14	3.31325E+32	1.083208440E+00	-1.70269E-01
289	11152.820000	6.651881E-02	1.124403E+14	3.26467E+32	1.083442420E+00	-1.70222E-01
290	11155.440000	6.581121E-02	1.112388E+14	3.21680E+32	1.083673170E+00	-1.70174E-01
291	11158.060000	6.511332E-02	1.100537E+14	3.16963E+32	1.083900720E+00	-1.70127E-01
292	11160.660000	6.442376E-02	1.088832E+14	3.12315E+32	1.084125130E+00	-1.70080E-01
293	11163.260000	6.374117E-02	1.077256E+14	3.07735E+32	1.084346440E+00	-1.70033E-01
294	11165.840000	6.306437E-02	1.065793E+14	3.03221E+32	1.084564690E+00	-1.69986E-01
295	11168.420000	6.239336E-02	1.054441E+14	2.98774E+32	1.084779920E+00	-1.69940E-01
296	11170.990000	6.172895E-02	1.043207E+14	2.94391E+32	1.084992170E+00	-1.69893E-01
297	11173.550000	6.107192E-02	1.032099E+14	2.90072E+32	1.085201490E+00	-1.69847E-01
298	11176.090000	6.042305E-02	1.021122E+14	2.85817E+32	1.085407910E+00	-1.69801E-01
299	11178.630000	5.978302E-02	1.010284E+14	2.81624E+32	1.085611470E+00	-1.69755E-01
300	11181.160000	5.915131E-02	9.995734E+13	2.77492E+32	1.085812220E+00	-1.69710E-01
301	11205.980000	5.306531E-02	8.963660E+13	2.39352E+32	1.087672980E+00	-1.69263E-01
302	11229.840000	4.781218E-02	8.067762E+13	2.06437E+32	1.089291410E+00	-1.68835E-01
303	11253.030000	4.221863E-02	7.120343E+13	1.78036E+32	1.090698530E+00	-1.68420E-01
304	11275.820000	3.727234E-02	6.283963E+13	1.53537E+32	1.091921630E+00	-1.68014E-01
305	11298.190000	3.285123E-02	5.537682E+13	1.32403E+32	1.092984740E+00	-1.67617E-01
306	11320.170000	2.894839E-02	4.878464E+13	1.14174E+32	1.093908740E+00	-1.67228E-01
307	11341.770000	2.551888E-02	4.299047E+13	9.84510E+31	1.094711770E+00	-1.66848E-01
308	11362.980000	2.252498E-02	3.792315E+13	8.48900E+31	1.095409620E+00	-1.66475E-01
309	11383.780000	1.991326E-02	3.351771E+13	7.31941E+31	1.096016000E+00	-1.66111E-01
310	11404.140000	1.762735E-02	2.967173E+13	6.31069E+31	1.096542860E+00	-1.65757E-01
311	11424.020000	1.563852E-02	2.631576E+13	5.44075E+31	1.097000560E+00	-1.65411E-01
312	11443.410000	1.390367E-02	2.338338E+13	4.69051E+31	1.097398110E+00	-1.65076E-01
313	11462.280000	1.237611E-02	2.081329E+13	4.04353E+31	1.097743360E+00	-1.64750E-01
314	11480.620000	1.103654E-02	1.856097E+13	3.48562E+31	1.098043120E+00	-1.64435E-01
315	11498.850000	9.359775E-03	1.573915E+13	3.00465E+31	1.098303280E+00	-1.64123E-01
316	11516.970000	8.373975E-03	1.407217E+13	2.59002E+31	1.098529070E+00	-1.63814E-01
317	11534.500000	7.493143E-03	1.259451E+13	2.23249E+31	1.098725060E+00	-1.63516E-01
318	11551.430000	6.720027E-03	1.128204E+13	1.92420E+31	1.098895150E+00	-1.63229E-01
319	11567.780000	6.021396E-03	1.011387E+13	1.65840E+31	1.099042720E+00	-1.62953E-01
320	11583.550000	5.402233E-03	9.073583E+12	1.42924E+31	1.099170710E+00	-1.62688E-01
321	11598.750000	4.851664E-03	8.146221E+12	1.23169E+31	1.099281690E+00	-1.62433E-01
322	11613.380000	4.360423E-03	7.317803E+12	1.06139E+31	1.099377900E+00	-1.62188E-01
323	11627.460000	3.916622E-03	6.575278E+12	9.14584E+30	1.099461280E+00	-1.61953E-01
324	11641.250000	3.424936E-03	5.744400E+12	7.88067E+30	1.099533520E+00	-1.61723E-01
325	11654.640000	3.081558E-03	5.165649E+12	6.79027E+30	1.099596090E+00	-1.61501E-01
326	11667.520000	2.505747E-03	4.209412E+12	5.85048E+30	1.099650290E+00	-1.61288E-01
327	11682.700000	2.012013E-03	3.377165E+12	5.04174E+30	1.099697170E+00	-1.61037E-01
328	11697.410000	1.809405E-03	3.029090E+12	4.34462E+30	1.099737800E+00	-1.60795E-01
329	11711.580000	1.620219E-03	2.717052E+12	3.74371E+30	1.099773010E+00	-1.60563E-01
330	11725.230000	1.451232E-03	2.437366E+12	3.22577E+30	1.099803530E+00	-1.60340E-01
331	11738.390000	1.295129E-03	2.177672E+12	2.77936E+30	1.099829960E+00	-1.60125E-01
332	11754.570000	6.918618E-04	1.159407E+12	2.39534E+30	1.099852800E+00	-1.59862E-01
333	11775.070000	6.218215E-04	1.041811E+12	2.06514E+30	1.099872580E+00	-1.59529E-01
334	11794.930000	5.564368E-04	9.320285E+11	1.78035E+30	1.099889760E+00	-1.59209E-01
335	11814.150000	4.979037E-04	8.338097E+11	1.53475E+30	1.099904690E+00	-1.58900E-01
336	11832.750000	4.455813E-04	7.460238E+11	1.32296E+30	1.099917660E+00	-1.58602E-01
337	11851.390000	3.506025E-04	5.867497E+11	1.14039E+30	1.099928910E+00	-1.58304E-01
338	11871.140000	3.126624E-04	5.231397E+11	9.83113E+29	1.099938680E+00	-1.57990E-01
339	11891.080000	2.647036E-04	4.427360E+11	8.47534E+29	1.099947150E+00	-1.57674E-01
340	11911.340000	2.350055E-04	3.952482E+11	7.30671E+29	1.099954510E+00	-1.57355E-01
341	11930.510000	2.059554E-04	3.447016E+11	6.29862E+29	1.099960910E+00	-1.57054E-01
342	11949.620000	1.821478E-04	3.038809E+11	5.42958E+29	1.099966460E+00	-1.56754E-01
343	11968.080000	1.641874E-04	2.743945E+11	4.68017E+29	1.099971290E+00	-1.56467E-01
344	11985.870000	1.467562E-04	2.451511E+11	4.03396E+29	1.099975470E+00	-1.56190E-01
345	12003.100000	1.312162E-04	2.191142E+11	3.47680E+29	1.099979100E+00	-1.55924E-01
346	12021.440000	1.058339E-04	1.766837E+11	2.99687E+29	1.099982250E+00	-1.55641E-01
347	12039.320000	9.468256E-05	1.580252E+11	2.58308E+29	1.099984990E+00	-1.55366E-01
348	12056.610000	8.469895E-05	1.413271E+11	2.22632E+29	1.099987360E+00	-1.55101E-01
349	12073.330000	7.576413E-05	1.263937E+11	1.91873E+29	1.099989420E+00	-1.54845E-01
350	12089.510000	6.777139E-05	1.130402E+11	1.65356E+29	1.099991200E+00	-1.54599E-01
351	12105.150000	6.061799E-05	1.010910E+11	1.42497E+29	1.099992750E+00	-1.54362E-01
352	12120.270000	5.421944E-05	9.040481E+10	1.22793E+29	1.099994090E+00	-1.54133E-01
353	12134.890000	4.849613E-05	8.084886E+10	1.05809E+29	1.099995250E+00	-1.53913E-01
354	12149.190000	3.950137E-05	6.583495E+10	9.11712E+28	1.099996260E+00	-1.53697E-01
355	12164.180000	3.533194E-05	5.887592E+10	7.85630E+28	1.099997130E+00	-1.53473E-01
356	12178.670000	3.160112E-05	5.265077E+10	6.76955E+28	1.099997890E+00	-1.53256E-01
357	12192.670000	2.826367E-05	4.708225E+10	5.83288E+28	1.099998540E+00	-1.53047E-01
358	12206.200000	2.527816E-05	4.210210E+10	5.02562E+28	1.099999110E+00	-1.52846E-01
359	12219.280000	2.260744E-05	3.764860E+10	4.32991E+28	1.099999600E+00	-1.52652E-01
360	12231.910000	2.021848E-05	3.366582E+10	3.73037E+28	1.100000020E+00	-1.52465E-01
361	12244.120000	1.808140E-05	3.010360E+10	3.21373E+28	1.100000390E+00	-1.52285E-01
362	12255.910000	1.616969E-05	2.691766E+10	2.76855E+28	1.100000710E+00	-1.52111E-01
363	12267.290000	1.446004E-05	2.406903E+10	2.38495E+28	1.100000990E+00	-1.51944E-01
364	12278.290000	1.293173E-05	2.152168E+10	2.05444E+28	1.100001220E+00	-1.51782E-01
365	12289.200000	1.061958E-05	1.767064E+10	1.76972E+28	1.100001430E+00	-1.51623E-01
366	12300.360000	9.496980E-06	1.580096E+10	1.52448E+28	1.100001610E+00	-1.51460E-01
367	12311.140000	8.492852E-06	1.412872E+10	1.31319E+28	1.100001760E+00	-1.51303E-01
368	12321.540000	7.594618E-06	1.263309E+10	1.13114E+28	1.100001900E+00	-1.51151E-01
369	12331.590000	6.791653E-06	1.129611E+10	9.74308E+27	1.100002010E+00	-1.51005E-01
370	12341.280000	6.073613E-06	1.010070E+10	8.39193E+27	1.100002110E+00	-1.50865E-01
371	12350.640000	5.431340E-06	9.031658E+09	7.22795E+27	1.100002200E+00	-1.50730E-01
372	12612.830000	6.982560E-14	1.161554E+02	1.00000E+15	1.100002740E+00	-1.48908E-01

