       6    383     42     42

     EOS file :  /home/forgane/Desktop/NSCool/EOS/BSK21_EOS_Acc_HZ08_Fe.dat            

  step        radius       baryon#       density        pressure       encl. mass            phi     encl. bar. mass 
                (m)        (#/fm3)       (g/cm3)        (dyn/cm2)      (sol. mass)                     (sol. mass)   

0	0.000000	5.909557E-01	1.138867E+15	2.67315E+35	0.000000000E+00	-7.07684E-01
1	10.000000	5.909554E-01	1.138867E+15	2.67315E+35	2.398525690E-09	-7.07684E-01
2	11.040660	5.909554E-01	1.138866E+15	2.67315E+35	3.227968720E-09	-7.07684E-01
3	12.201810	5.909553E-01	1.138866E+15	2.67315E+35	4.357295810E-09	-7.07684E-01
4	13.485080	5.909552E-01	1.138866E+15	2.67314E+35	5.881724120E-09	-7.07683E-01
5	14.903310	5.909550E-01	1.138866E+15	2.67314E+35	7.939480850E-09	-7.07683E-01
6	16.470690	5.909549E-01	1.138865E+15	2.67314E+35	1.071715160E-08	-7.07683E-01
7	18.202910	5.909547E-01	1.138865E+15	2.67314E+35	1.446659780E-08	-7.07683E-01
8	20.117310	5.909545E-01	1.138864E+15	2.67314E+35	1.952779280E-08	-7.07683E-01
9	22.233030	5.909542E-01	1.138863E+15	2.67313E+35	2.635964520E-08	-7.07682E-01
10	24.571260	5.909538E-01	1.138863E+15	2.67313E+35	3.558160510E-08	-7.07682E-01
11	27.155390	5.909534E-01	1.138862E+15	2.67312E+35	4.802982300E-08	-7.07682E-01
12	30.011270	5.909529E-01	1.138860E+15	2.67312E+35	6.483295230E-08	-7.07681E-01
13	33.167480	5.909522E-01	1.138859E+15	2.67311E+35	8.751446250E-08	-7.07681E-01
14	36.655600	5.909515E-01	1.138857E+15	2.67310E+35	1.181307350E-07	-7.07680E-01
15	40.510520	5.909505E-01	1.138855E+15	2.67309E+35	1.594574520E-07	-7.07679E-01
16	44.770800	5.909494E-01	1.138852E+15	2.67307E+35	2.152411520E-07	-7.07678E-01
17	49.479050	5.909479E-01	1.138848E+15	2.67305E+35	2.905387450E-07	-7.07676E-01
18	54.682350	5.909462E-01	1.138844E+15	2.67303E+35	3.921757020E-07	-7.07675E-01
19	60.432740	5.909441E-01	1.138839E+15	2.67300E+35	5.293643780E-07	-7.07673E-01
20	66.787680	5.909415E-01	1.138833E+15	2.67297E+35	7.145384070E-07	-7.07670E-01
21	73.810690	5.909384E-01	1.138825E+15	2.67293E+35	9.644785460E-07	-7.07667E-01
22	81.571930	5.909345E-01	1.138816E+15	2.67288E+35	1.301831690E-06	-7.07663E-01
23	90.148900	5.909299E-01	1.138804E+15	2.67282E+35	1.757160120E-06	-7.07658E-01
24	99.627220	5.909241E-01	1.138790E+15	2.67275E+35	2.371705660E-06	-7.07653E-01
25	110.101400	5.909171E-01	1.138773E+15	2.67266E+35	3.201117640E-06	-7.07646E-01
26	121.675900	5.909086E-01	1.138753E+15	2.67255E+35	4.320479730E-06	-7.07637E-01
27	134.466000	5.908981E-01	1.138727E+15	2.67241E+35	5.831086410E-06	-7.07627E-01
28	148.598800	5.908854E-01	1.138696E+15	2.67225E+35	7.869575690E-06	-7.07614E-01
29	164.214900	5.908698E-01	1.138658E+15	2.67205E+35	1.062023260E-05	-7.07599E-01
30	181.469000	5.908508E-01	1.138612E+15	2.67181E+35	1.433155770E-05	-7.07580E-01
31	200.532000	5.908276E-01	1.138556E+15	2.67151E+35	1.933856590E-05	-7.07557E-01
32	221.592100	5.907993E-01	1.138487E+15	2.67115E+35	2.609278020E-05	-7.07529E-01
33	244.856700	5.907647E-01	1.138403E+15	2.67071E+35	3.520254090E-05	-7.07495E-01
34	270.553900	5.907225E-01	1.138300E+15	2.67017E+35	4.748712770E-05	-7.07453E-01
35	298.934600	5.906710E-01	1.138175E+15	2.66951E+35	6.404934020E-05	-7.07402E-01
36	330.274600	5.906082E-01	1.138023E+15	2.66871E+35	8.637269130E-05	-7.07340E-01
37	364.876000	5.905316E-01	1.137836E+15	2.66773E+35	1.164513280E-04	-7.07264E-01
38	403.070100	5.904381E-01	1.137609E+15	2.66653E+35	1.569633250E-04	-7.07171E-01
39	445.218600	5.903243E-01	1.137333E+15	2.66508E+35	2.115012080E-04	-7.07058E-01
40	491.715800	5.901855E-01	1.136996E+15	2.66331E+35	2.848776170E-04	-7.06921E-01
41	542.990400	5.900165E-01	1.136585E+15	2.66115E+35	3.835289770E-04	-7.06753E-01
42	599.506200	5.898109E-01	1.136086E+15	2.65853E+35	5.160459750E-04	-7.06549E-01
43	661.763100	5.895609E-01	1.135479E+15	2.65534E+35	6.938665020E-04	-7.06302E-01
44	730.296600	5.892572E-01	1.134742E+15	2.65147E+35	9.321740680E-04	-7.06000E-01
45	805.676100	5.888887E-01	1.133848E+15	2.64678E+35	1.251051990E-03	-7.05635E-01
46	888.501700	5.884421E-01	1.132765E+15	2.64110E+35	1.676949300E-03	-7.05193E-01
47	979.398800	5.879020E-01	1.131456E+15	2.63424E+35	2.244516430E-03	-7.04657E-01
48	1079.010000	5.872500E-01	1.129876E+15	2.62597E+35	2.998863150E-03	-7.04011E-01
49	1187.982000	5.864647E-01	1.127975E+15	2.61604E+35	3.998274080E-03	-7.03233E-01
50	1306.955000	5.855216E-01	1.125694E+15	2.60413E+35	5.317380710E-03	-7.02298E-01
51	1436.535000	5.843928E-01	1.122966E+15	2.58992E+35	7.050727150E-03	-7.01179E-01
52	1577.276000	5.830468E-01	1.119718E+15	2.57303E+35	9.316573260E-03	-6.99845E-01
53	1729.650000	5.814493E-01	1.115868E+15	2.55307E+35	1.226065040E-02	-6.98262E-01
54	1894.013000	5.795629E-01	1.111330E+15	2.52961E+35	1.605942930E-02	-6.96393E-01
55	2070.572000	5.773485E-01	1.106014E+15	2.50223E+35	2.092229650E-02	-6.94199E-01
56	2259.355000	5.747660E-01	1.099829E+15	2.47051E+35	2.709190300E-02	-6.91641E-01
57	2460.179000	5.717763E-01	1.092689E+15	2.43407E+35	3.484190280E-02	-6.88679E-01
58	2672.635000	5.683426E-01	1.084514E+15	2.39260E+35	4.447140020E-02	-6.85279E-01
59	2896.071000	5.644326E-01	1.075241E+15	2.34586E+35	5.629571650E-02	-6.81408E-01
60	3129.608000	5.600203E-01	1.064820E+15	2.29374E+35	7.063356770E-02	-6.77042E-01
61	3372.153000	5.550882E-01	1.053227E+15	2.23626E+35	8.779134860E-02	-6.72164E-01
62	3622.437000	5.496280E-01	1.040456E+15	2.17358E+35	1.080458210E-01	-6.66767E-01
63	3879.060000	5.436414E-01	1.026530E+15	2.10601E+35	1.316269180E-01	-6.60854E-01
64	4140.545000	5.371402E-01	1.011496E+15	2.03400E+35	1.587025650E-01	-6.54441E-01
65	4405.388000	5.301456E-01	9.954317E+14	1.95810E+35	1.893672870E-01	-6.47550E-01
66	4672.110000	5.226882E-01	9.784288E+14	1.87898E+35	2.236354770E-01	-6.40216E-01
67	4939.296000	5.148050E-01	9.605884E+14	1.79734E+35	2.614396830E-01	-6.32478E-01
68	5205.633000	5.065372E-01	9.420246E+14	1.71394E+35	3.026339720E-01	-6.24385E-01
69	5469.927000	4.979318E-01	9.228617E+14	1.62951E+35	3.470015740E-01	-6.15987E-01
70	5731.116000	4.890358E-01	9.032197E+14	1.54480E+35	3.942654470E-01	-6.07336E-01
71	5988.281000	4.798963E-01	8.832161E+14	1.46046E+35	4.441005980E-01	-5.98486E-01
72	6240.633000	4.705603E-01	8.629642E+14	1.37712E+35	4.961472430E-01	-5.89491E-01
73	6487.518000	4.610722E-01	8.425671E+14	1.29532E+35	5.500236590E-01	-5.80403E-01
74	6728.399000	4.514746E-01	8.221221E+14	1.21552E+35	6.053381120E-01	-5.71269E-01
75	6962.847000	4.418070E-01	8.017154E+14	1.13813E+35	6.616994860E-01	-5.62136E-01
76	7190.534000	4.321041E-01	7.814200E+14	1.06346E+35	7.187260530E-01	-5.53046E-01
77	7411.212000	4.223988E-01	7.613022E+14	9.91755E+34	7.760527310E-01	-5.44038E-01
78	7624.712000	4.127199E-01	7.414176E+14	9.23193E+34	8.333366530E-01	-5.35145E-01
79	7830.925000	4.030920E-01	7.218120E+14	8.57900E+34	8.902611340E-01	-5.26400E-01
80	8029.800000	3.935377E-01	7.025238E+14	7.95944E+34	9.465383490E-01	-5.17827E-01
81	8221.329000	3.840764E-01	6.835845E+14	7.37350E+34	1.001910840E+00	-5.09451E-01
82	8405.545000	3.747247E-01	6.650195E+14	6.82106E+34	1.056152060E+00	-5.01291E-01
83	8582.515000	3.654964E-01	6.468456E+14	6.30166E+34	1.109066090E+00	-4.93363E-01
84	8752.331000	3.564039E-01	6.290779E+14	5.81458E+34	1.160486790E+00	-4.85680E-01
85	8915.108000	3.474567E-01	6.117258E+14	5.35889E+34	1.210276490E+00	-4.78252E-01
86	9070.980000	3.386629E-01	5.947958E+14	4.93352E+34	1.258324370E+00	-4.71086E-01
87	9220.096000	3.300291E-01	5.782901E+14	4.53724E+34	1.304544490E+00	-4.64189E-01
88	9362.617000	3.215603E-01	5.622089E+14	4.16877E+34	1.348873870E+00	-4.57562E-01
89	9498.713000	3.132605E-01	5.465510E+14	3.82674E+34	1.391270330E+00	-4.51208E-01
90	9628.563000	3.051324E-01	5.313118E+14	3.50978E+34	1.431710470E+00	-4.45125E-01
91	9752.349000	2.971776E-01	5.164855E+14	3.21648E+34	1.470187550E+00	-4.39311E-01
92	9870.260000	2.893975E-01	5.020673E+14	2.94546E+34	1.506709580E+00	-4.33764E-01
93	9982.485000	2.817925E-01	4.880502E+14	2.69536E+34	1.541297360E+00	-4.28478E-01
94	10089.220000	2.743619E-01	4.744248E+14	2.46485E+34	1.573982740E+00	-4.23448E-01
95	10190.640000	2.671046E-01	4.611819E+14	2.25262E+34	1.604806910E+00	-4.18669E-01
96	10286.960000	2.600201E-01	4.483144E+14	2.05743E+34	1.633818900E+00	-4.14133E-01
97	10378.360000	2.531061E-01	4.358120E+14	1.87811E+34	1.661074180E+00	-4.09832E-01
98	10465.030000	2.463602E-01	4.236645E+14	1.71351E+34	1.686633320E+00	-4.05760E-01
99	10547.150000	2.397805E-01	4.118632E+14	1.56255E+34	1.710560840E+00	-4.01908E-01
100	10624.920000	2.333642E-01	4.003981E+14	1.42422E+34	1.732924210E+00	-3.98267E-01
101	10698.510000	2.271082E-01	3.892588E+14	1.29756E+34	1.753792880E+00	-3.94830E-01
102	10768.110000	2.210091E-01	3.784354E+14	1.18167E+34	1.773237480E+00	-3.91587E-01
103	10833.880000	2.150639E-01	3.679184E+14	1.07570E+34	1.791329060E+00	-3.88531E-01
104	10895.990000	2.092695E-01	3.576980E+14	9.78877E+33	1.808138540E+00	-3.85652E-01
105	10954.620000	2.036220E-01	3.477643E+14	8.90453E+33	1.823736100E+00	-3.82943E-01
106	11009.930000	1.981175E-01	3.381076E+14	8.09749E+33	1.838190760E+00	-3.80395E-01
107	11062.080000	1.927524E-01	3.287190E+14	7.36130E+33	1.851569990E+00	-3.78000E-01
108	11111.210000	1.875229E-01	3.195889E+14	6.69008E+33	1.863939380E+00	-3.75751E-01
109	11157.480000	1.824251E-01	3.107082E+14	6.07838E+33	1.875362430E+00	-3.73639E-01
110	11201.040000	1.774550E-01	3.020677E+14	5.52118E+33	1.885900280E+00	-3.71657E-01
111	11215.670000	1.757448E-01	2.990986E+14	5.33816E+33	1.889390340E+00	-3.70993E-01
112	11221.840000	1.750165E-01	2.978347E+14	5.26155E+33	1.890855700E+00	-3.70713E-01
113	11227.960000	1.742909E-01	2.965759E+14	5.18600E+33	1.892303110E+00	-3.70436E-01
114	11234.020000	1.735681E-01	2.953222E+14	5.11152E+33	1.893732750E+00	-3.70161E-01
115	11240.030000	1.728479E-01	2.940736E+14	5.03808E+33	1.895144820E+00	-3.69889E-01
116	11245.980000	1.721305E-01	2.928299E+14	4.96566E+33	1.896539500E+00	-3.69620E-01
117	11251.870000	1.714157E-01	2.915913E+14	4.89427E+33	1.897916970E+00	-3.69353E-01
118	11257.710000	1.707037E-01	2.903576E+14	4.82387E+33	1.899277410E+00	-3.69088E-01
119	11263.500000	1.699943E-01	2.891288E+14	4.75447E+33	1.900621020E+00	-3.68827E-01
120	11269.240000	1.692875E-01	2.879049E+14	4.68604E+33	1.901947970E+00	-3.68568E-01
121	11274.920000	1.685834E-01	2.866859E+14	4.61857E+33	1.903258430E+00	-3.68311E-01
122	11280.550000	1.678819E-01	2.854718E+14	4.55205E+33	1.904552600E+00	-3.68057E-01
123	11286.130000	1.671830E-01	2.842624E+14	4.48646E+33	1.905830630E+00	-3.67805E-01
124	11291.650000	1.664868E-01	2.830579E+14	4.42180E+33	1.907092720E+00	-3.67556E-01
125	11297.130000	1.657931E-01	2.818581E+14	4.35805E+33	1.908339030E+00	-3.67309E-01
126	11302.550000	1.651020E-01	2.806631E+14	4.29520E+33	1.909569730E+00	-3.67064E-01
127	11307.920000	1.644135E-01	2.794727E+14	4.23324E+33	1.910785000E+00	-3.66822E-01
128	11313.250000	1.637275E-01	2.782871E+14	4.17215E+33	1.911985010E+00	-3.66583E-01
129	11318.520000	1.630441E-01	2.771061E+14	4.11192E+33	1.913169930E+00	-3.66345E-01
130	11323.750000	1.623631E-01	2.759297E+14	4.05255E+33	1.914339910E+00	-3.66110E-01
131	11328.920000	1.616847E-01	2.747579E+14	3.99401E+33	1.915495130E+00	-3.65877E-01
132	11334.050000	1.610087E-01	2.735906E+14	3.93630E+33	1.916635760E+00	-3.65647E-01
133	11339.130000	1.603352E-01	2.724279E+14	3.87941E+33	1.917761950E+00	-3.65419E-01
134	11344.160000	1.596641E-01	2.712697E+14	3.82333E+33	1.918873860E+00	-3.65193E-01
135	11349.150000	1.589954E-01	2.701159E+14	3.76803E+33	1.919971660E+00	-3.64969E-01
136	11354.090000	1.583291E-01	2.689666E+14	3.71353E+33	1.921055510E+00	-3.64747E-01
137	11358.980000	1.576652E-01	2.678217E+14	3.65979E+33	1.922125560E+00	-3.64528E-01
138	11363.830000	1.570037E-01	2.666813E+14	3.60682E+33	1.923181970E+00	-3.64311E-01
139	11368.630000	1.563446E-01	2.655451E+14	3.55460E+33	1.924224900E+00	-3.64096E-01
140	11373.390000	1.556877E-01	2.644134E+14	3.50312E+33	1.925254490E+00	-3.63883E-01
141	11378.100000	1.550332E-01	2.632859E+14	3.45237E+33	1.926270900E+00	-3.63672E-01
142	11382.760000	1.543811E-01	2.621627E+14	3.40234E+33	1.927274280E+00	-3.63463E-01
143	11387.390000	1.537312E-01	2.610438E+14	3.35303E+33	1.928264780E+00	-3.63256E-01
144	11391.970000	1.530838E-01	2.599292E+14	3.30441E+33	1.929242550E+00	-3.63051E-01
145	11396.500000	1.524386E-01	2.588189E+14	3.25649E+33	1.930207730E+00	-3.62849E-01
146	11401.000000	1.517958E-01	2.577127E+14	3.20925E+33	1.931160480E+00	-3.62648E-01
147	11405.450000	1.511554E-01	2.566108E+14	3.16268E+33	1.932100930E+00	-3.62449E-01
148	11409.860000	1.505173E-01	2.555130E+14	3.11678E+33	1.933029220E+00	-3.62252E-01
149	11414.230000	1.498816E-01	2.544195E+14	3.07153E+33	1.933945510E+00	-3.62058E-01
150	11418.550000	1.492483E-01	2.533301E+14	3.02693E+33	1.934849920E+00	-3.61865E-01
151	11422.840000	1.486173E-01	2.522448E+14	2.98296E+33	1.935742600E+00	-3.61674E-01
152	11427.080000	1.479886E-01	2.511637E+14	2.93963E+33	1.936623680E+00	-3.61485E-01
153	11431.290000	1.473624E-01	2.500866E+14	2.89691E+33	1.937493310E+00	-3.61297E-01
154	11435.450000	1.467385E-01	2.490137E+14	2.85480E+33	1.938351610E+00	-3.61112E-01
155	11439.570000	1.461170E-01	2.479448E+14	2.81329E+33	1.939198730E+00	-3.60928E-01
156	11443.660000	1.454978E-01	2.468800E+14	2.77238E+33	1.940034780E+00	-3.60747E-01
157	11447.710000	1.448810E-01	2.458192E+14	2.73205E+33	1.940859910E+00	-3.60567E-01
158	11451.710000	1.442665E-01	2.447624E+14	2.69230E+33	1.941674250E+00	-3.60389E-01
159	11455.680000	1.436541E-01	2.437095E+14	2.65312E+33	1.942477910E+00	-3.60212E-01
160	11459.620000	1.430439E-01	2.426605E+14	2.61450E+33	1.943271040E+00	-3.60038E-01
161	11463.510000	1.424357E-01	2.416153E+14	2.57643E+33	1.944053750E+00	-3.59865E-01
162	11467.370000	1.418296E-01	2.405740E+14	2.53891E+33	1.944826170E+00	-3.59694E-01
163	11471.190000	1.412255E-01	2.395364E+14	2.50192E+33	1.945588420E+00	-3.59524E-01
164	11474.970000	1.406233E-01	2.385025E+14	2.46547E+33	1.946340640E+00	-3.59357E-01
165	11478.720000	1.400229E-01	2.374723E+14	2.42954E+33	1.947082920E+00	-3.59190E-01
166	11482.430000	1.394244E-01	2.364457E+14	2.39413E+33	1.947815410E+00	-3.59026E-01
167	11486.110000	1.388276E-01	2.354228E+14	2.35922E+33	1.948538220E+00	-3.58863E-01
168	11489.750000	1.382326E-01	2.344034E+14	2.32482E+33	1.949251450E+00	-3.58702E-01
169	11493.360000	1.376391E-01	2.333875E+14	2.29091E+33	1.949955240E+00	-3.58543E-01
170	11496.930000	1.370473E-01	2.323751E+14	2.25749E+33	1.950649690E+00	-3.58385E-01
171	11500.470000	1.364571E-01	2.313662E+14	2.22455E+33	1.951334920E+00	-3.58228E-01
172	11503.970000	1.358683E-01	2.303607E+14	2.19208E+33	1.952011050E+00	-3.58073E-01
173	11507.440000	1.352811E-01	2.293586E+14	2.16008E+33	1.952678180E+00	-3.57920E-01
174	11510.880000	1.346957E-01	2.283601E+14	2.12854E+33	1.953336420E+00	-3.57768E-01
175	11514.280000	1.341121E-01	2.273652E+14	2.09746E+33	1.953985880E+00	-3.57618E-01
176	11517.650000	1.335307E-01	2.263742E+14	2.06682E+33	1.954626680E+00	-3.57469E-01
177	11520.990000	1.329515E-01	2.253871E+14	2.03663E+33	1.955258920E+00	-3.57322E-01
178	11524.300000	1.323748E-01	2.244041E+14	2.00687E+33	1.955882700E+00	-3.57176E-01
179	11527.570000	1.318008E-01	2.234252E+14	1.97754E+33	1.956498130E+00	-3.57032E-01
180	11530.810000	1.312295E-01	2.224505E+14	1.94863E+33	1.957105310E+00	-3.56889E-01
181	11534.020000	1.306612E-01	2.214803E+14	1.92014E+33	1.957704350E+00	-3.56748E-01
182	11537.210000	1.300961E-01	2.205145E+14	1.89206E+33	1.958295350E+00	-3.56608E-01
183	11540.360000	1.295343E-01	2.195534E+14	1.86439E+33	1.958878410E+00	-3.56469E-01
184	11543.480000	1.289759E-01	2.185969E+14	1.83712E+33	1.959453620E+00	-3.56332E-01
185	11546.560000	1.284211E-01	2.176453E+14	1.81024E+33	1.960021090E+00	-3.56196E-01
186	11549.620000	1.278701E-01	2.166985E+14	1.78375E+33	1.960580910E+00	-3.56062E-01
187	11552.650000	1.273231E-01	2.157568E+14	1.75764E+33	1.961133180E+00	-3.55928E-01
188	11555.650000	1.267801E-01	2.148202E+14	1.73191E+33	1.961677990E+00	-3.55797E-01
189	11558.620000	1.262414E-01	2.138887E+14	1.70655E+33	1.962215450E+00	-3.55666E-01
190	11561.570000	1.257058E-01	2.129624E+14	1.68156E+33	1.962745630E+00	-3.55537E-01
191	11564.480000	1.251664E-01	2.120399E+14	1.65693E+33	1.963268640E+00	-3.55409E-01
192	11567.370000	1.246265E-01	2.111202E+14	1.63266E+33	1.963784560E+00	-3.55283E-01
193	11570.220000	1.240898E-01	2.102030E+14	1.60874E+33	1.964293480E+00	-3.55157E-01
194	11573.050000	1.235551E-01	2.092887E+14	1.58516E+33	1.964795500E+00	-3.55033E-01
195	11575.850000	1.230215E-01	2.083775E+14	1.56193E+33	1.965290690E+00	-3.54911E-01
196	11578.630000	1.224897E-01	2.074692E+14	1.53903E+33	1.965779160E+00	-3.54789E-01
197	11581.370000	1.219596E-01	2.065639E+14	1.51647E+33	1.966260970E+00	-3.54669E-01
198	11584.090000	1.214311E-01	2.056614E+14	1.49423E+33	1.966736230E+00	-3.54550E-01
199	11586.790000	1.209040E-01	2.047617E+14	1.47232E+33	1.967205000E+00	-3.54432E-01
200	11589.460000	1.203784E-01	2.038646E+14	1.45072E+33	1.967667390E+00	-3.54315E-01
201	11592.100000	1.198545E-01	2.029702E+14	1.42944E+33	1.968123450E+00	-3.54200E-01
202	11594.710000	1.193321E-01	2.020789E+14	1.40847E+33	1.968573290E+00	-3.54085E-01
203	11597.300000	1.188112E-01	2.011904E+14	1.38780E+33	1.969016980E+00	-3.53972E-01
204	11599.870000	1.182919E-01	2.003044E+14	1.36743E+33	1.969454590E+00	-3.53860E-01
205	11602.410000	1.177740E-01	1.994209E+14	1.34735E+33	1.969886210E+00	-3.53749E-01
206	11604.920000	1.172575E-01	1.985397E+14	1.32757E+33	1.970311910E+00	-3.53639E-01
207	11607.410000	1.167424E-01	1.976609E+14	1.30808E+33	1.970731770E+00	-3.53531E-01
208	11609.880000	1.162288E-01	1.967846E+14	1.28887E+33	1.971145870E+00	-3.53423E-01
209	11612.320000	1.157167E-01	1.959111E+14	1.26994E+33	1.971554270E+00	-3.53317E-01
210	11614.740000	1.152061E-01	1.950405E+14	1.25128E+33	1.971957060E+00	-3.53211E-01
211	11617.130000	1.146968E-01	1.941721E+14	1.23290E+33	1.972354310E+00	-3.53107E-01
212	11619.500000	1.141887E-01	1.933058E+14	1.21478E+33	1.972746090E+00	-3.53004E-01
213	11621.850000	1.136819E-01	1.924419E+14	1.19693E+33	1.973132470E+00	-3.52901E-01
214	11624.180000	1.131765E-01	1.915807E+14	1.17934E+33	1.973513520E+00	-3.52800E-01
215	11626.480000	1.126725E-01	1.907219E+14	1.16200E+33	1.973889310E+00	-3.52700E-01
216	11628.760000	1.121698E-01	1.898653E+14	1.14492E+33	1.974259920E+00	-3.52601E-01
217	11631.020000	1.116684E-01	1.890109E+14	1.12809E+33	1.974625400E+00	-3.52502E-01
218	11633.250000	1.111683E-01	1.881585E+14	1.11150E+33	1.974985820E+00	-3.52405E-01
219	11635.470000	1.106694E-01	1.873086E+14	1.09515E+33	1.975341260E+00	-3.52309E-01
220	11637.660000	1.101717E-01	1.864610E+14	1.07904E+33	1.975691770E+00	-3.52214E-01
221	11639.830000	1.096752E-01	1.856157E+14	1.06317E+33	1.976037430E+00	-3.52119E-01
222	11641.980000	1.091800E-01	1.847722E+14	1.04752E+33	1.976378300E+00	-3.52026E-01
223	11644.110000	1.086859E-01	1.839307E+14	1.03211E+33	1.976714430E+00	-3.51933E-01
224	11646.220000	1.081929E-01	1.830911E+14	1.01692E+33	1.977045900E+00	-3.51842E-01
225	11648.300000	1.077010E-01	1.822536E+14	1.00195E+33	1.977372760E+00	-3.51751E-01
226	11650.370000	1.072102E-01	1.814183E+14	9.87203E+32	1.977695070E+00	-3.51662E-01
227	11652.420000	1.067205E-01	1.805848E+14	9.72670E+32	1.978012900E+00	-3.51573E-01
228	11654.440000	1.062320E-01	1.797527E+14	9.58348E+32	1.978326310E+00	-3.51485E-01
229	11656.450000	1.057445E-01	1.789226E+14	9.44236E+32	1.978635350E+00	-3.51398E-01
230	11658.440000	1.052580E-01	1.780951E+14	9.30331E+32	1.978940080E+00	-3.51312E-01
231	11660.410000	1.047726E-01	1.772694E+14	9.16628E+32	1.979240560E+00	-3.51226E-01
232	11662.360000	1.042882E-01	1.764450E+14	9.03126E+32	1.979536840E+00	-3.51142E-01
233	11664.290000	1.038048E-01	1.756221E+14	8.89821E+32	1.979828990E+00	-3.51058E-01
234	11666.200000	1.033223E-01	1.748013E+14	8.76711E+32	1.980117060E+00	-3.50975E-01
235	11668.100000	1.028407E-01	1.739823E+14	8.63792E+32	1.980401100E+00	-3.50893E-01
236	11669.970000	1.023601E-01	1.731648E+14	8.51063E+32	1.980681170E+00	-3.50812E-01
237	11671.830000	1.018804E-01	1.723488E+14	8.38520E+32	1.980957310E+00	-3.50732E-01
238	11673.670000	1.014015E-01	1.715342E+14	8.26160E+32	1.981229590E+00	-3.50652E-01
239	11675.490000	1.009236E-01	1.707212E+14	8.13981E+32	1.981498050E+00	-3.50574E-01
240	11677.290000	1.004464E-01	1.699098E+14	8.01981E+32	1.981762750E+00	-3.50496E-01
241	11679.080000	9.997009E-02	1.691001E+14	7.90156E+32	1.982023730E+00	-3.50418E-01
242	11680.850000	9.949455E-02	1.682918E+14	7.78505E+32	1.982281050E+00	-3.50342E-01
243	11682.600000	9.901978E-02	1.674846E+14	7.67024E+32	1.982534750E+00	-3.50266E-01
244	11684.340000	9.854577E-02	1.666788E+14	7.55711E+32	1.982784890E+00	-3.50191E-01
245	11686.060000	9.807249E-02	1.658743E+14	7.44564E+32	1.983031510E+00	-3.50117E-01
246	11687.760000	9.759992E-02	1.650708E+14	7.33581E+32	1.983274670E+00	-3.50044E-01
247	11689.450000	9.712801E-02	1.642685E+14	7.22758E+32	1.983514400E+00	-3.49971E-01
248	11691.120000	9.665676E-02	1.634676E+14	7.12095E+32	1.983750750E+00	-3.49899E-01
249	11692.770000	9.618615E-02	1.626680E+14	7.01587E+32	1.983983770E+00	-3.49827E-01
250	11694.410000	9.571615E-02	1.618695E+14	6.91234E+32	1.984213510E+00	-3.49757E-01
251	11696.030000	9.524673E-02	1.610720E+14	6.81032E+32	1.984440010E+00	-3.49687E-01
252	11697.640000	9.477786E-02	1.602754E+14	6.70980E+32	1.984663310E+00	-3.49618E-01
253	11699.240000	9.430953E-02	1.594797E+14	6.61076E+32	1.984883460E+00	-3.49549E-01
254	11700.810000	9.384170E-02	1.586848E+14	6.51317E+32	1.985100500E+00	-3.49481E-01
255	11702.370000	9.337438E-02	1.578908E+14	6.41701E+32	1.985314470E+00	-3.49414E-01
256	11703.920000	9.290751E-02	1.570976E+14	6.32227E+32	1.985525420E+00	-3.49347E-01
257	11705.460000	9.244107E-02	1.563054E+14	6.22891E+32	1.985733380E+00	-3.49281E-01
258	11706.970000	9.197501E-02	1.555141E+14	6.13693E+32	1.985938400E+00	-3.49216E-01
259	11708.480000	9.150933E-02	1.547234E+14	6.04629E+32	1.986140520E+00	-3.49151E-01
260	11709.970000	9.104400E-02	1.539333E+14	5.95699E+32	1.986339770E+00	-3.49087E-01
261	11711.450000	9.057903E-02	1.531437E+14	5.86900E+32	1.986536200E+00	-3.49023E-01
262	11712.910000	9.011435E-02	1.523547E+14	5.78230E+32	1.986729840E+00	-3.48961E-01
263	11714.360000	8.964982E-02	1.515660E+14	5.69688E+32	1.986920740E+00	-3.48898E-01
264	11715.790000	8.918547E-02	1.507776E+14	5.61271E+32	1.987108930E+00	-3.48837E-01
265	11717.220000	8.872169E-02	1.499899E+14	5.52978E+32	1.987294440E+00	-3.48775E-01
266	11718.620000	8.825840E-02	1.492030E+14	5.44807E+32	1.987477320E+00	-3.48715E-01
267	11720.020000	8.779422E-02	1.484160E+14	5.36756E+32	1.987657600E+00	-3.48655E-01
268	11721.400000	8.732828E-02	1.476285E+14	5.28823E+32	1.987835320E+00	-3.48596E-01
269	11722.770000	8.686322E-02	1.468424E+14	5.21007E+32	1.988010520E+00	-3.48537E-01
270	11724.130000	8.640108E-02	1.460586E+14	5.13306E+32	1.988183210E+00	-3.48478E-01
271	11725.480000	8.593711E-02	1.452708E+14	5.05718E+32	1.988353460E+00	-3.48421E-01
272	11726.810000	8.546723E-02	1.444742E+14	4.98242E+32	1.988521270E+00	-3.48364E-01
273	11728.130000	8.500407E-02	1.436883E+14	4.90876E+32	1.988686700E+00	-3.48307E-01
274	11729.440000	8.456284E-02	1.429359E+14	4.83619E+32	1.988849770E+00	-3.48251E-01
275	11730.740000	8.410626E-02	1.421603E+14	4.76468E+32	1.989010510E+00	-3.48195E-01
276	11732.030000	8.357056E-02	1.412645E+14	4.69422E+32	1.989168960E+00	-3.48140E-01
277	11733.300000	8.305437E-02	1.403980E+14	4.62480E+32	1.989325150E+00	-3.48085E-01
278	11734.560000	8.280630E-02	1.399375E+14	4.55640E+32	1.989479110E+00	-3.48031E-01
279	11735.810000	8.260541E-02	1.395486E+14	4.48901E+32	1.989630880E+00	-3.47978E-01
280	11737.050000	8.153476E-02	1.378434E+14	4.42262E+32	1.989780480E+00	-3.47925E-01
281	11738.290000	7.992999E-02	1.353198E+14	4.35720E+32	1.989927920E+00	-3.47872E-01
282	11739.530000	7.891029E-02	1.336661E+14	4.29275E+32	1.990073250E+00	-3.47818E-01
283	11740.770000	7.831359E-02	1.326418E+14	4.22926E+32	1.990216490E+00	-3.47766E-01
284	11741.990000	7.795810E-02	1.319754E+14	4.16670E+32	1.990357680E+00	-3.47713E-01
285	11743.210000	7.766886E-02	1.314051E+14	4.10506E+32	1.990496860E+00	-3.47661E-01
286	11744.410000	7.727542E-02	1.306764E+14	4.04432E+32	1.990634050E+00	-3.47610E-01
287	11745.600000	7.669131E-02	1.296607E+14	3.98449E+32	1.990769270E+00	-3.47559E-01
288	11746.780000	7.596342E-02	1.284281E+14	3.92553E+32	1.990902560E+00	-3.47508E-01
289	11747.960000	7.514980E-02	1.270650E+14	3.86745E+32	1.991033930E+00	-3.47458E-01
290	11749.140000	7.430665E-02	1.256554E+14	3.81022E+32	1.991163420E+00	-3.47408E-01
291	11750.310000	7.348607E-02	1.242770E+14	3.75384E+32	1.991291050E+00	-3.47358E-01
292	11751.470000	7.270528E-02	1.229560E+14	3.69830E+32	1.991416840E+00	-3.47308E-01
293	11752.640000	7.195225E-02	1.216754E+14	3.64357E+32	1.991540830E+00	-3.47258E-01
294	11753.790000	7.121447E-02	1.204174E+14	3.58965E+32	1.991663030E+00	-3.47209E-01
295	11754.950000	7.047991E-02	1.191650E+14	3.53653E+32	1.991783490E+00	-3.47160E-01
296	11756.090000	6.973944E-02	1.179050E+14	3.48419E+32	1.991902210E+00	-3.47111E-01
297	11757.230000	6.899482E-02	1.166405E+14	3.43263E+32	1.992019220E+00	-3.47062E-01
298	11758.370000	6.825073E-02	1.153782E+14	3.38183E+32	1.992134560E+00	-3.47013E-01
299	11759.510000	6.751165E-02	1.141248E+14	3.33177E+32	1.992248230E+00	-3.46965E-01
300	11760.640000	6.678184E-02	1.128867E+14	3.28246E+32	1.992360280E+00	-3.46917E-01
301	11761.760000	6.606360E-02	1.116674E+14	3.23388E+32	1.992470710E+00	-3.46869E-01
302	11762.880000	6.535581E-02	1.104655E+14	3.18601E+32	1.992579550E+00	-3.46821E-01
303	11764.000000	6.465702E-02	1.092791E+14	3.13885E+32	1.992686830E+00	-3.46773E-01
304	11765.110000	6.396583E-02	1.081065E+14	3.09239E+32	1.992792570E+00	-3.46726E-01
305	11766.220000	6.328089E-02	1.069459E+14	3.04662E+32	1.992896790E+00	-3.46679E-01
306	11767.320000	6.260171E-02	1.057965E+14	3.00152E+32	1.992999510E+00	-3.46632E-01
307	11768.420000	6.192901E-02	1.046589E+14	2.95709E+32	1.993100750E+00	-3.46585E-01
308	11769.520000	6.126362E-02	1.035340E+14	2.91331E+32	1.993200540E+00	-3.46538E-01
309	11770.610000	6.060634E-02	1.024224E+14	2.87018E+32	1.993298890E+00	-3.46492E-01
310	11771.700000	5.995791E-02	1.013247E+14	2.82769E+32	1.993395820E+00	-3.46445E-01
311	11772.780000	5.931837E-02	1.002407E+14	2.78583E+32	1.993491360E+00	-3.46399E-01
312	11773.860000	5.868560E-02	9.916720E+13	2.74459E+32	1.993585530E+00	-3.46354E-01
313	11784.430000	5.262670E-02	8.888673E+13	2.36424E+32	1.994455790E+00	-3.45904E-01
314	11794.570000	4.730374E-02	7.981239E+13	2.03652E+32	1.995208550E+00	-3.45474E-01
315	11804.430000	4.167200E-02	7.027990E+13	1.75419E+32	1.995859540E+00	-3.45057E-01
316	11814.090000	3.677045E-02	6.199358E+13	1.51097E+32	1.996422430E+00	-3.44649E-01
317	11823.570000	3.237628E-02	5.457180E+13	1.30145E+32	1.996909130E+00	-3.44249E-01
318	11832.860000	2.849325E-02	4.802386E+13	1.12097E+32	1.997329930E+00	-3.43858E-01
319	11841.970000	2.510480E-02	4.228410E+13	9.65498E+31	1.997693740E+00	-3.43476E-01
320	11850.900000	2.213320E-02	3.727227E+13	8.31577E+31	1.998008250E+00	-3.43102E-01
321	11859.630000	1.955486E-02	3.292077E+13	7.16221E+31	1.998280130E+00	-3.42736E-01
322	11868.160000	1.730647E-02	2.912588E+13	6.16855E+31	1.998515150E+00	-3.42380E-01
323	11876.470000	1.534833E-02	2.581834E+13	5.31265E+31	1.998718280E+00	-3.42034E-01
324	11884.560000	1.363385E-02	2.292856E+13	4.57542E+31	1.998893840E+00	-3.41698E-01
325	11892.410000	1.212910E-02	2.039925E+13	3.94041E+31	1.999045550E+00	-3.41372E-01
326	11900.020000	1.079975E-02	1.815501E+13	3.39347E+31	1.999176650E+00	-3.41057E-01
327	11907.640000	9.165623E-03	1.541101E+13	2.92244E+31	1.999289890E+00	-3.40742E-01
328	11915.120000	8.199749E-03	1.377270E+13	2.51677E+31	1.999387740E+00	-3.40433E-01
329	11922.350000	7.331634E-03	1.232054E+13	2.16736E+31	1.999472270E+00	-3.40136E-01
330	11929.310000	6.563330E-03	1.103116E+13	1.86641E+31	1.999545290E+00	-3.39849E-01
331	11936.020000	5.885142E-03	9.884415E+12	1.60722E+31	1.999608360E+00	-3.39574E-01
332	11942.480000	5.276366E-03	8.863966E+12	1.38400E+31	1.999662840E+00	-3.39309E-01
333	11948.690000	4.737075E-03	7.954230E+12	1.19175E+31	1.999709880E+00	-3.39055E-01
334	11954.650000	4.257584E-03	7.142627E+12	1.02618E+31	1.999750490E+00	-3.38811E-01
335	11960.380000	3.888920E-03	6.530695E+12	8.83603E+30	1.999785550E+00	-3.38578E-01
336	11966.020000	3.338400E-03	5.602192E+12	7.60826E+30	1.999815820E+00	-3.38348E-01
337	11971.450000	3.003944E-03	5.035975E+12	6.55098E+30	1.999841940E+00	-3.38127E-01
338	11976.930000	2.189166E-03	3.677439E+12	5.64065E+30	1.999864480E+00	-3.37904E-01
339	11983.100000	1.963163E-03	3.286257E+12	4.85710E+30	1.999883930E+00	-3.37653E-01
340	11989.040000	1.759781E-03	2.945907E+12	4.18231E+30	1.999900720E+00	-3.37413E-01
341	11994.760000	1.574274E-03	2.641106E+12	3.60119E+30	1.999915210E+00	-3.37181E-01
342	12000.250000	1.409835E-03	2.368180E+12	3.10077E+30	1.999927720E+00	-3.36959E-01
343	12005.530000	1.238530E-03	2.076572E+12	2.66983E+30	1.999938520E+00	-3.36746E-01
344	12012.980000	6.732364E-04	1.128102E+12	2.29920E+30	1.999947830E+00	-3.36446E-01
345	12021.220000	6.025555E-04	1.009462E+12	1.98015E+30	1.999955860E+00	-3.36115E-01
346	12029.180000	5.387832E-04	9.024077E+11	1.70534E+30	1.999962810E+00	-3.35795E-01
347	12036.860000	4.817546E-04	8.066994E+11	1.46863E+30	1.999968810E+00	-3.35488E-01
348	12044.280000	4.318755E-04	7.230353E+11	1.26475E+30	1.999974000E+00	-3.35191E-01
349	12051.990000	3.391506E-04	5.675478E+11	1.08919E+30	1.999978480E+00	-3.34883E-01
350	12059.850000	2.841439E-04	4.753075E+11	9.38021E+29	1.999982350E+00	-3.34570E-01
351	12067.990000	2.430225E-04	4.033950E+11	8.07848E+29	1.999985690E+00	-3.34246E-01
352	12075.900000	2.266284E-04	3.813410E+11	6.95727E+29	1.999988580E+00	-3.33933E-01
353	12083.540000	1.966198E-04	3.282940E+11	5.99153E+29	1.999991070E+00	-3.33630E-01
354	12091.090000	1.758174E-04	2.935144E+11	5.15980E+29	1.999993230E+00	-3.33332E-01
355	12098.310000	1.579796E-04	2.640249E+11	4.44341E+29	1.999995090E+00	-3.33047E-01
356	12105.290000	1.409793E-04	2.354442E+11	3.82640E+29	1.999996700E+00	-3.32772E-01
357	12112.230000	1.136426E-04	1.897296E+11	3.29506E+29	1.999998090E+00	-3.32499E-01
358	12119.440000	1.015884E-04	1.695818E+11	2.83757E+29	1.999999290E+00	-3.32216E-01
359	12126.400000	9.082239E-05	1.515671E+11	2.44354E+29	2.000000330E+00	-3.31943E-01
360	12133.120000	8.119032E-05	1.354619E+11	2.10418E+29	2.000001230E+00	-3.31680E-01
361	12139.600000	7.258031E-05	1.210741E+11	1.81192E+29	2.000002000E+00	-3.31427E-01
362	12145.860000	6.488274E-05	1.082148E+11	1.56023E+29	2.000002670E+00	-3.31183E-01
363	12151.900000	5.799948E-05	9.671755E+10	1.34347E+29	2.000003240E+00	-3.30948E-01
364	12157.720000	5.184875E-05	8.644624E+10	1.15680E+29	2.000003740E+00	-3.30721E-01
365	12163.350000	4.634799E-05	7.726291E+10	9.96057E+28	2.000004170E+00	-3.30503E-01
366	12169.050000	3.773255E-05	6.288241E+10	8.57653E+28	2.000004540E+00	-3.30282E-01
367	12174.800000	3.373040E-05	5.620353E+10	7.38483E+28	2.000004860E+00	-3.30059E-01
368	12180.340000	3.015208E-05	5.023301E+10	6.35861E+28	2.000005140E+00	-3.29845E-01
369	12185.690000	2.695343E-05	4.489640E+10	5.47490E+28	2.000005380E+00	-3.29638E-01
370	12190.850000	2.409393E-05	4.012720E+10	4.71394E+28	2.000005580E+00	-3.29439E-01
371	12195.830000	2.153768E-05	3.586505E+10	4.05868E+28	2.000005760E+00	-3.29247E-01
372	12200.630000	1.925251E-05	3.205561E+10	3.49446E+28	2.000005910E+00	-3.29063E-01
373	12205.260000	1.720946E-05	2.865039E+10	3.00863E+28	2.000006050E+00	-3.28885E-01
374	12209.730000	1.538312E-05	2.560706E+10	2.59031E+28	2.000006160E+00	-3.28713E-01
375	12214.030000	1.375103E-05	2.288748E+10	2.23012E+28	2.000006260E+00	-3.28548E-01
376	12218.190000	1.229283E-05	2.045659E+10	1.91999E+28	2.000006340E+00	-3.28389E-01
377	12222.470000	1.009049E-05	1.678947E+10	1.65301E+28	2.000006420E+00	-3.28225E-01
378	12226.680000	9.020120E-06	1.500677E+10	1.42314E+28	2.000006480E+00	-3.28064E-01
379	12230.730000	8.062990E-06	1.341295E+10	1.22523E+28	2.000006530E+00	-3.27909E-01
380	12234.640000	7.207558E-06	1.198861E+10	1.05482E+28	2.000006580E+00	-3.27760E-01
381	12238.410000	6.443201E-06	1.071597E+10	9.08105E+27	2.000006620E+00	-3.27616E-01
382	12242.050000	5.759862E-06	9.578442E+09	7.81787E+27	2.000006660E+00	-3.27478E-01
383	12342.150000	6.982560E-14	1.161554E+02	1.00000E+15	2.000006870E+00	-3.25586E-01
