       6     152      53      67

     EOS file :  /home/forgane/Desktop/NSCool/EOS/SL_EOS_Cat+NV_smooth.dat             

  step        radius       baryon#       density        pressure       encl. mass            phi     encl. bar. mass 
                (m)        (#/fm3)       (g/cm3)        (dyn/cm2)      (sol. mass)                     (sol. mass)   

     0       0.000000   5.423266E-01   9.939706E+14    1.39049E+35   0.000000000E+00  -4.638067E-01   0.000000000E+00
     1      10.000000   5.423262E-01   9.939698E+14    1.39049E+35   2.093278331E-09  -4.638064E-01   1.912763920E-09
     2      11.666664   5.423261E-01   9.939696E+14    1.39049E+35   3.324046695E-09  -4.638063E-01   3.037396879E-09
     3      13.611106   5.423260E-01   9.939692E+14    1.39049E+35   5.278459290E-09  -4.638062E-01   4.823270857E-09
     4      15.879620   5.423258E-01   9.939688E+14    1.39048E+35   8.381989817E-09  -4.638061E-01   7.659169332E-09
     5      18.526217   5.423255E-01   9.939682E+14    1.39048E+35   1.331027208E-08  -4.638059E-01   1.216246403E-08
     6      21.613911   5.423251E-01   9.939674E+14    1.39048E+35   2.113618177E-08  -4.638056E-01   1.931351401E-08
     7      25.216214   5.423246E-01   9.939663E+14    1.39047E+35   3.356339320E-08  -4.638052E-01   3.066908360E-08
     8      29.418894   5.423239E-01   9.939648E+14    1.39047E+35   5.329725114E-08  -4.638047E-01   4.870123643E-08
     9      34.322006   5.423229E-01   9.939627E+14    1.39046E+35   8.463368444E-08  -4.638040E-01   7.733547354E-08
    10      40.042282   5.423215E-01   9.939599E+14    1.39045E+35   1.343943428E-07  -4.638030E-01   1.228052493E-07
    11      46.715903   5.423197E-01   9.939561E+14    1.39044E+35   2.134114807E-07  -4.638017E-01   1.950088511E-07
    12      54.501740   5.423173E-01   9.939509E+14    1.39042E+35   3.388857273E-07  -4.637999E-01   3.096639444E-07
    13      63.585131   5.423139E-01   9.939438E+14    1.39039E+35   5.381297708E-07  -4.637974E-01   4.917286315E-07
    14      74.182283   5.423094E-01   9.939341E+14    1.39036E+35   8.545123946E-07  -4.637941E-01   7.808333612E-07
    15      86.545409   5.423032E-01   9.939210E+14    1.39031E+35   1.356895669E-06  -4.637896E-01   1.239905294E-06
    16     100.968712   5.422947E-01   9.939032E+14    1.39025E+35   2.154617150E-06  -4.637834E-01   1.968860653E-06
    17     117.795350   5.422832E-01   9.938789E+14    1.39016E+35   3.421273028E-06  -4.637750E-01   3.126341567E-06
    18     137.425557   5.422675E-01   9.938458E+14    1.39004E+35   5.432467558E-06  -4.637636E-01   4.964220197E-06
    19     160.326084   5.422462E-01   9.938008E+14    1.38988E+35   8.625720282E-06  -4.637481E-01   7.882361516E-06
    20     187.041170   5.422172E-01   9.937395E+14    1.38967E+35   1.369551556E-05  -4.637270E-01   1.251552305E-05
    21     218.205286   5.421778E-01   9.936562E+14    1.38937E+35   2.174406290E-05  -4.636982E-01   1.987121550E-05
    22     254.557890   5.421241E-01   9.935427E+14    1.38896E+35   3.452032126E-05  -4.636591E-01   3.154833315E-05
    23     296.960479   5.420510E-01   9.933883E+14    1.38841E+35   5.479874585E-05  -4.636058E-01   5.008371092E-05
    24     346.416227   5.419516E-01   9.931783E+14    1.38767E+35   8.697896548E-05  -4.635334E-01   7.950110575E-05
    25     404.092474   5.418163E-01   9.928925E+14    1.38665E+35   1.380342556E-04  -4.634348E-01   1.261800714E-04
    26     471.346319   5.416323E-01   9.925038E+14    1.38527E+35   2.190095058E-04  -4.633008E-01   2.002294743E-04
    27     549.753438   5.413821E-01   9.919753E+14    1.38339E+35   3.473823469E-04  -4.631185E-01   3.176551747E-04
    28     641.140074   5.410419E-01   9.912567E+14    1.38083E+35   5.507747242E-04  -4.628708E-01   5.037733722E-04
    29     747.617784   5.405796E-01   9.902804E+14    1.37737E+35   8.727656461E-04  -4.625343E-01   7.985688943E-04
    30     871.619944   5.399517E-01   9.889546E+14    1.37267E+35   1.381948153E-03  -4.620776E-01   1.265071135E-03
    31    1015.937995   5.390996E-01   9.871557E+14    1.36632E+35   2.185941823E-03  -4.614582E-01   2.002370945E-03
    32    1183.753906   5.379444E-01   9.847178E+14    1.35773E+35   3.452860545E-03  -4.606195E-01   3.165687164E-03
    33    1378.662819   5.363807E-01   9.814188E+14    1.34617E+35   5.443753148E-03  -4.594856E-01   4.996954237E-03
    34    1604.676207   5.342679E-01   9.769639E+14    1.33064E+35   8.560679497E-03  -4.579564E-01   7.870713329E-03
    35    1866.190502   5.314209E-01   9.709651E+14    1.30991E+35   1.341598051E-02  -4.559012E-01   1.236141947E-02
    36    2167.898696   5.275981E-01   9.629180E+14    1.28242E+35   2.092799210E-02  -4.531511E-01   1.933893658E-02
    37    2514.612966   5.224895E-01   9.521780E+14    1.24627E+35   3.244491618E-02  -4.494932E-01   3.009736535E-02
    38    2910.955834   5.157175E-01   9.380890E+14    1.19932E+35   4.988897598E-02  -4.446669E-01   4.651532217E-02
    39    3360.805780   5.068089E-01   9.196881E+14    1.13929E+35   7.588847764E-02  -4.383676E-01   7.122399747E-02
    40    3866.628905   4.952077E-01   8.957919E+14    1.06414E+35   1.138214682E-01  -4.302621E-01   1.077310745E-01
    41    4428.521889   4.803562E-01   8.655618E+14    9.72577E+34   1.676606696E-01  -4.200246E-01   1.603852806E-01
    42    5042.778810   4.616673E-01   8.278549E+14    8.64819E+34   2.414206559E-01  -4.074052E-01   2.339636791E-01
    43    5700.889407   4.387271E-01   7.823346E+14    7.43386E+34   3.380837251E-01  -3.923203E-01   3.327159108E-01
    44    6388.232970   4.113550E-01   7.288441E+14    6.13637E+34   4.580100443E-01  -3.749709E-01   4.586586268E-01
    45    7084.361229   3.798068E-01   6.682908E+14    4.83429E+34   5.974422190E-01  -3.559229E-01   6.095895978E-01
    46    7764.275868   3.448419E-01   6.024523E+14    3.61752E+34   7.478854318E-01  -3.361131E-01   7.776260921E-01
    47    8401.611991   3.077069E-01   5.339048E+14    2.56518E+34   8.973658734E-01  -3.167169E-01   9.497099261E-01
    48    8972.876454   2.699284E-01   4.655083E+14    1.72492E+34   1.033495398E+00  -2.988987E-01   1.110692328E+00
    49    9461.625272   2.330172E-01   3.997558E+14    1.10428E+34   1.147031413E+00  -2.835362E-01   1.247928505E+00
    50    9861.118732   1.981861E-01   3.385501E+14    6.77454E+33   1.234074854E+00  -2.710468E-01   1.354859569E+00
    51   10174.206726   1.661617E-01   2.828995E+14    4.01666E+33   1.295840768E+00  -2.613937E-01   1.431573954E+00
    52   10411.172570   1.371518E-01   2.329191E+14    2.32367E+33   1.336825132E+00  -2.542181E-01   1.482823457E+00
    53   10586.372270   1.116457E-01   1.892217E+14    1.32204E+33   1.362638626E+00  -2.490118E-01   1.515228197E+00
    54   10713.945764   8.906977E-02   1.507365E+14    7.45978E+32   1.378230411E+00  -2.452864E-01   1.534840220E+00
    55   10806.980154   6.309161E-02   1.065546E+14    4.38781E+32   1.386861738E+00  -2.426112E-01   1.545712446E+00
    56   10886.049380   4.519718E-02   7.621514E+13    2.54190E+32   1.392212929E+00  -2.403697E-01   1.552458106E+00
    57   10951.284452   3.182678E-02   5.361373E+13    1.47756E+32   1.395384203E+00  -2.385449E-01   1.556456519E+00
    58   11006.027622   2.238670E-02   3.767259E+13    8.57403E+31   1.397276130E+00  -2.370318E-01   1.558841679E+00
    59   11051.830102   1.568844E-02   2.637687E+13    4.97271E+31   1.398397232E+00  -2.357791E-01   1.560254954E+00
    60   11090.188741   1.097888E-02   1.844291E+13    2.88314E+31   1.399058995E+00  -2.347394E-01   1.561089100E+00
    61   11122.290442   7.637988E-03   1.282292E+13    1.67149E+31   1.399448335E+00  -2.338761E-01   1.561579849E+00
    62   11149.264974   5.235969E-03   8.787424E+12    9.72732E+30   1.399675629E+00  -2.331554E-01   1.561866245E+00
    63   11172.320308   3.449865E-03   5.786643E+12    5.72731E+30   1.399807095E+00  -2.325430E-01   1.562031866E+00
    64   11193.047166   2.097145E-03   3.515964E+12    3.47934E+30   1.399881641E+00  -2.319951E-01   1.562125776E+00
    65   11213.870047   1.187047E-03   1.988750E+12    2.12062E+30   1.399927079E+00  -2.314473E-01   1.562183014E+00
    66   11236.413497   6.473386E-04   1.083380E+12    1.33740E+30   1.399953497E+00  -2.308571E-01   1.562216305E+00
    67   11262.643024   3.564910E-04   5.962477E+11    8.32799E+29   1.399970683E+00  -2.301743E-01   1.562237968E+00
    68   11292.494245   1.883326E-04   3.146465E+11    5.52512E+29   1.399980333E+00  -2.294022E-01   1.562250136E+00
    69   11330.265643   1.223330E-04   2.042874E+11    3.28759E+29   1.399988144E+00  -2.284328E-01   1.562259985E+00
    70   11365.187162   8.010750E-05   1.336377E+11    1.93922E+29   1.399992922E+00  -2.275439E-01   1.562266006E+00
    71   11396.932135   5.201394E-05   8.668611E+10    1.15311E+29   1.399995746E+00  -2.267419E-01   1.562269566E+00
    72   11426.246163   3.481944E-05   5.801162E+10    6.78735E+28   1.399997471E+00  -2.260064E-01   1.562271741E+00
    73   11452.205122   2.260016E-05   3.763014E+10    4.03285E+28   1.399998484E+00  -2.253591E-01   1.562273017E+00
    74   11476.125006   1.509362E-05   2.511756E+10    2.36988E+28   1.399999102E+00  -2.247660E-01   1.562273796E+00
    75   11497.299890   9.875983E-06   1.642543E+10    1.40767E+28   1.399999463E+00  -2.242437E-01   1.562274250E+00
    76   11516.626308   6.472640E-06   1.076776E+10    8.37897E+27   1.399999678E+00  -2.237690E-01   1.562274522E+00
    77   11534.251855   4.344279E-06   7.222536E+09    4.91839E+27   1.399999810E+00  -2.233379E-01   1.562274688E+00
    78   11549.738623   2.881347E-06   4.788375E+09    2.89538E+27   1.399999888E+00  -2.229605E-01   1.562274785E+00
    79   11563.538480   1.925261E-06   3.198599E+09    1.70459E+27   1.399999934E+00  -2.226254E-01   1.562274843E+00
    80   11575.739021   1.292759E-06   2.147338E+09    9.99857E+26   1.399999961E+00  -2.223299E-01   1.562274878E+00
    81   11586.428655   8.683343E-07   1.442300E+09    5.86324E+26   1.399999977E+00  -2.220716E-01   1.562274898E+00
    82   11595.784046   5.562111E-07   9.234504E+08    3.49607E+26   1.399999986E+00  -2.218461E-01   1.562274910E+00
    83   11604.514895   3.740503E-07   6.209287E+08    2.04886E+26   1.399999992E+00  -2.216361E-01   1.562274917E+00
    84   11612.139550   2.517133E-07   4.178691E+08    1.20045E+26   1.399999995E+00  -2.214530E-01   1.562274921E+00
    85   11618.789252   1.656091E-07   2.748827E+08    7.04842E+25   1.399999997E+00  -2.212936E-01   1.562274923E+00
    86   11624.733475   1.112967E-07   1.847092E+08    4.13744E+25   1.399999998E+00  -2.211512E-01   1.562274925E+00
    87   11629.933158   7.514985E-08   1.247086E+08    2.42072E+25   1.399999999E+00  -2.210269E-01   1.562274926E+00
    88   11634.444374   5.087990E-08   8.441466E+07    1.41478E+25   1.399999999E+00  -2.209191E-01   1.562274926E+00
    89   11638.343419   3.450870E-08   5.724823E+07    8.26649E+24   1.400000000E+00  -2.208261E-01   1.562274927E+00
    90   11641.705670   2.346004E-08   3.892474E+07    4.82313E+24   1.400000000E+00  -2.207459E-01   1.562274927E+00
    91   11644.593054   1.600859E-08   2.656140E+07    2.81246E+24   1.400000000E+00  -2.206771E-01   1.562274927E+00
    92   11647.062050   1.094621E-08   1.816003E+07    1.63757E+24   1.400000000E+00  -2.206183E-01   1.562274927E+00
    93   11649.165888   7.522858E-09   1.247911E+07    9.52192E+23   1.400000000E+00  -2.205682E-01   1.562274927E+00
    94   11650.946938   5.176716E-09   8.586200E+06    5.53126E+23   1.400000000E+00  -2.205258E-01   1.562274927E+00
    95   11652.451236   3.507728E-09   5.817875E+06    3.24276E+23   1.400000000E+00  -2.204901E-01   1.562274927E+00
    96   11653.753230   2.439959E-09   4.046727E+06    1.87625E+23   1.400000000E+00  -2.204591E-01   1.562274927E+00
    97   11654.836591   1.697208E-09   2.814746E+06    1.08557E+23   1.400000000E+00  -2.204333E-01   1.562274927E+00
    98   11655.737981   1.190441E-09   1.974383E+06    6.26564E+22   1.400000000E+00  -2.204119E-01   1.562274927E+00
    99   11656.479832   8.363349E-10   1.387176E+06    3.61188E+22   1.400000000E+00  -2.203943E-01   1.562274927E+00
   100   11657.088608   5.887046E-10   9.764846E+05    2.08160E+22   1.400000000E+00  -2.203798E-01   1.562274927E+00
   101   11657.587087   4.172368E-10   6.920236E+05    1.19614E+22   1.400000000E+00  -2.203680E-01   1.562274927E+00
   102   11657.991316   2.957100E-10   4.904273E+05    6.87330E+21   1.400000000E+00  -2.203584E-01   1.562274927E+00
   103   11658.319106   2.104685E-10   3.490275E+05    3.94777E+21   1.400000000E+00  -2.203506E-01   1.562274927E+00
   104   11658.583669   1.502287E-10   2.491055E+05    2.26257E+21   1.400000000E+00  -2.203443E-01   1.562274927E+00
   105   11658.796132   1.072304E-10   1.777894E+05    1.29673E+21   1.400000000E+00  -2.203393E-01   1.562274927E+00
   106   11658.966752   7.692432E-11   1.275472E+05    7.42099E+20   1.400000000E+00  -2.203352E-01   1.562274927E+00
   107   11659.102863   5.524400E-11   9.160685E+04    4.24325E+20   1.400000000E+00  -2.203320E-01   1.562274927E+00
   108   11659.211227   3.967457E-11   6.579466E+04    2.42621E+20   1.400000000E+00  -2.203294E-01   1.562274927E+00
   109   11659.297498   2.865212E-11   4.751637E+04    1.38445E+20   1.400000000E+00  -2.203274E-01   1.562274927E+00
   110   11659.365664   2.069194E-11   3.431590E+04    7.89998E+19   1.400000000E+00  -2.203257E-01   1.562274927E+00
   111   11659.419525   1.496339E-11   2.481595E+04    4.50715E+19   1.400000000E+00  -2.203245E-01   1.562274927E+00
   112   11659.462018   1.088082E-11   1.804530E+04    2.56533E+19   1.400000000E+00  -2.203235E-01   1.562274927E+00
   113   11659.495279   7.912124E-12   1.312190E+04    1.46010E+19   1.400000000E+00  -2.203227E-01   1.562274927E+00
   114   11659.521313   5.757622E-12   9.549011E+03    8.30969E+18   1.400000000E+00  -2.203220E-01   1.562274927E+00
   115   11659.541673   4.196306E-12   6.960167E+03    4.72544E+18   1.400000000E+00  -2.203216E-01   1.562274927E+00
   116   11659.557558   3.058377E-12   5.073186E+03    2.68720E+18   1.400000000E+00  -2.203212E-01   1.562274927E+00
   117   11659.569951   2.229025E-12   3.697787E+03    1.52812E+18   1.400000000E+00  -2.203209E-01   1.562274927E+00
   118   11659.579620   1.624571E-12   2.695274E+03    8.68990E+17   1.400000000E+00  -2.203207E-01   1.562274927E+00
   119   11659.587163   1.184029E-12   1.964554E+03    4.94165E+17   1.400000000E+00  -2.203205E-01   1.562274927E+00
   120   11659.593049   8.629512E-13   1.431941E+03    2.81015E+17   1.400000000E+00  -2.203203E-01   1.562274927E+00
   121   11659.597640   6.365461E-13   1.056630E+03    1.59568E+17   1.400000000E+00  -2.203202E-01   1.562274927E+00
   122   11659.601174   4.804435E-13   7.982910E+02    8.95246E+16   1.400000000E+00  -2.203201E-01   1.562274927E+00
   123   11659.603798   3.626226E-13   6.031140E+02    5.02273E+16   1.400000000E+00  -2.203201E-01   1.562274927E+00
   124   11659.605746   2.736953E-13   4.556566E+02    2.81798E+16   1.400000000E+00  -2.203200E-01   1.562274927E+00
   125   11659.607193   2.065760E-13   3.442515E+02    1.58101E+16   1.400000000E+00  -2.203200E-01   1.562274927E+00
   126   11659.608268   1.559166E-13   2.600842E+02    8.87018E+15   1.400000000E+00  -2.203200E-01   1.562274927E+00
   127   11659.609066   1.185725E-13   1.978727E+02    4.97222E+15   1.400000000E+00  -2.203200E-01   1.562274927E+00
   128   11659.609653   9.179649E-14   1.530179E+02    2.76489E+15   1.400000000E+00  -2.203199E-01   1.562274927E+00
   129   11659.610076   7.106702E-14   1.183310E+02    1.53747E+15   1.400000000E+00  -2.203199E-01   1.562274927E+00
   130   11659.610380   5.501867E-14   9.150708E+01    8.54939E+14   1.400000000E+00  -2.203199E-01   1.562274927E+00
   131   11659.610599   4.259437E-14   7.076377E+01    4.75404E+14   1.400000000E+00  -2.203199E-01   1.562274927E+00
   132   11659.610756   3.297571E-14   5.472267E+01    2.64357E+14   1.400000000E+00  -2.203199E-01   1.562274927E+00
   133   11659.610869   2.563962E-14   4.251047E+01    1.46915E+14   1.400000000E+00  -2.203199E-01   1.562274927E+00
   134   11659.610950   2.016535E-14   3.342684E+01    8.11697E+13   1.400000000E+00  -2.203199E-01   1.562274927E+00
   135   11659.611007   1.585988E-14   2.628419E+01    4.48458E+13   1.400000000E+00  -2.203199E-01   1.562274927E+00
   136   11659.611047   1.247366E-14   2.066779E+01    2.47771E+13   1.400000000E+00  -2.203199E-01   1.562274927E+00
   137   11659.611075   9.867147E-15   1.634585E+01    1.36764E+13   1.400000000E+00  -2.203199E-01   1.562274927E+00
   138   11659.611094   8.992171E-15   1.490344E+01    7.11683E+12   1.400000000E+00  -2.203199E-01   1.562274927E+00
   139   11659.611105   8.194785E-15   1.358832E+01    3.70340E+12   1.400000000E+00  -2.203199E-01   1.562274927E+00
   140   11659.611112   7.468107E-15   1.238924E+01    1.92715E+12   1.400000000E+00  -2.203199E-01   1.562274927E+00
   141   11659.611115   6.805783E-15   1.129448E+01    1.00285E+12   1.400000000E+00  -2.203199E-01   1.562274927E+00
   142   11659.611118   6.202110E-15   1.029325E+01    5.21954E+11   1.400000000E+00  -2.203199E-01   1.562274927E+00
   143   11659.611119   5.651983E-15   9.380781E+00    2.71661E+11   1.400000000E+00  -2.203199E-01   1.562274927E+00
   144   11659.611119   5.150652E-15   8.549199E+00    1.41391E+11   1.400000000E+00  -2.203199E-01   1.562274927E+00
   145   11659.611120   4.888693E-15   8.114487E+00    7.31399E+10   1.400000000E+00  -2.203199E-01   1.562274927E+00
   146   11659.611120   4.843515E-15   8.039189E+00    3.67210E+10   1.400000000E+00  -2.203199E-01   1.562274927E+00
   147   11659.611120   4.798755E-15   7.964589E+00    1.84364E+10   1.400000000E+00  -2.203199E-01   1.562274927E+00
   148   11659.611120   4.758858E-15   7.898478E+00    9.25476E+09   1.400000000E+00  -2.203199E-01   1.562274927E+00
   149   11659.611120   4.749818E-15   7.886430E+00    4.63051E+09   1.400000000E+00  -2.203199E-01   1.562274927E+00
   150   11659.611120   4.740795E-15   7.874400E+00    2.31682E+09   1.400000000E+00  -2.203199E-01   1.562274927E+00
   151   11659.611120   4.731790E-15   7.862388E+00    1.15919E+09   1.400000000E+00  -2.203199E-01   1.562274927E+00
   152   11659.611120   4.722758E-15   7.845510E+00    5.80115E+08   1.400000000E+00  -2.203199E-01   1.562274927E+00
