       1
       6     151      52      67

     EOS file :  BM165S_EOS_Cat_new.dat                                                

  step        radius       baryon#       density        pressure       encl. mass            phi     encl. bar. mass 
                (m)        (#/fm3)       (g/cm3)        (dyn/cm2)      (sol. mass)                     (sol. mass)   

     0       0.000000   3.683275E-01   6.651904E+14    7.29788E+34   0.000000000E+00  -3.824376E-01   0.000000000E+00
     1      10.000000   3.683273E-01   6.651899E+14    7.29787E+34   1.400875048E-09  -3.824375E-01   1.299076065E-09
     2      11.666665   3.683272E-01   6.651897E+14    7.29786E+34   2.224536744E-09  -3.824374E-01   2.062883903E-09
     3      13.611107   3.683271E-01   6.651895E+14    7.29786E+34   3.532479962E-09  -3.824374E-01   3.275781637E-09
     4      15.879622   3.683269E-01   6.651891E+14    7.29785E+34   5.609443083E-09  -3.824373E-01   5.201816535E-09
     5      18.526222   3.683267E-01   6.651887E+14    7.29784E+34   8.907578694E-09  -3.824371E-01   8.260284770E-09
     6      21.613919   3.683264E-01   6.651881E+14    7.29783E+34   1.414488530E-08  -3.824370E-01   1.311701073E-08
     7      25.216229   3.683260E-01   6.651873E+14    7.29781E+34   2.246151133E-08  -3.824367E-01   2.082929370E-08
     8      29.418918   3.683254E-01   6.651862E+14    7.29779E+34   3.566795595E-08  -3.824364E-01   3.307607455E-08
     9      34.322046   3.683247E-01   6.651847E+14    7.29776E+34   5.663919396E-08  -3.824359E-01   5.252342495E-08
    10      40.042348   3.683237E-01   6.651826E+14    7.29772E+34   8.994051207E-08  -3.824353E-01   8.340491558E-08
    11      46.716010   3.683223E-01   6.651799E+14    7.29767E+34   1.428212723E-07  -3.824345E-01   1.324431865E-07
    12      54.501913   3.683205E-01   6.651761E+14    7.29759E+34   2.267928812E-07  -3.824334E-01   2.103132965E-07
    13      63.585408   3.683179E-01   6.651709E+14    7.29749E+34   3.601343525E-07  -3.824319E-01   3.339663139E-07
    14      74.182727   3.683145E-01   6.651639E+14    7.29735E+34   5.718706264E-07  -3.824298E-01   5.303187639E-07
    15      86.546118   3.683098E-01   6.651544E+14    7.29716E+34   9.080890860E-07  -3.824270E-01   8.421106192E-07
    16     100.969842   3.683033E-01   6.651414E+14    7.29690E+34   1.441967986E-06  -3.824231E-01   1.337206030E-06
    17     117.797151   3.682946E-01   6.651237E+14    7.29655E+34   2.289696986E-06  -3.824179E-01   2.123359208E-06
    18     137.428423   3.682827E-01   6.650996E+14    7.29607E+34   3.635749190E-06  -3.824108E-01   3.371654890E-06
    19     160.330642   3.682666E-01   6.650669E+14    7.29542E+34   5.772992406E-06  -3.824011E-01   5.353715376E-06
    20     187.048416   3.682446E-01   6.650223E+14    7.29454E+34   9.166341521E-06  -3.823880E-01   8.500750276E-06
    21     218.216802   3.682147E-01   6.649617E+14    7.29334E+34   1.455374365E-05  -3.823700E-01   1.349725267E-05
    22     254.576187   3.681739E-01   6.648791E+14    7.29170E+34   2.310633904E-05  -3.823456E-01   2.142962819E-05
    23     296.989544   3.681185E-01   6.647668E+14    7.28947E+34   3.668235948E-05  -3.823124E-01   3.402187352E-05
    24     346.462387   3.680431E-01   6.646140E+14    7.28644E+34   5.822937859E-05  -3.822672E-01   5.400909341E-05
    25     404.165774   3.679406E-01   6.644061E+14    7.28231E+34   9.242106234E-05  -3.822058E-01   8.572905271E-05
    26     471.462697   3.678010E-01   6.641233E+14    7.27671E+34   1.466639757E-04  -3.821222E-01   1.360581333E-04
    27     549.938175   3.676113E-01   6.637387E+14    7.26908E+34   2.326870293E-04  -3.820085E-01   2.158902596E-04
    28     641.433261   3.673533E-01   6.632160E+14    7.25873E+34   3.690454010E-04  -3.818538E-01   3.424695758E-04
    29     748.082961   3.670032E-01   6.625066E+14    7.24467E+34   5.850536484E-04  -3.816437E-01   5.430607297E-04
    30     872.357610   3.665349E-01   6.615590E+14    7.22560E+34   9.269431506E-04  -3.813583E-01   8.607073635E-04
    31    1017.104405   3.658994E-01   6.602735E+14    7.19976E+34   1.467429065E-03  -3.809709E-01   1.363208125E-03
    32    1185.596240   3.650380E-01   6.585313E+14    7.16482E+34   2.320502568E-03  -3.804457E-01   2.157056211E-03
    33    1381.571078   3.638722E-01   6.561741E+14    7.11766E+34   3.664023306E-03  -3.797344E-01   3.408857423E-03
    34    1609.264060   3.623021E-01   6.530016E+14    7.05422E+34   5.773748276E-03  -3.787731E-01   5.377863582E-03
    35    1873.416497   3.602272E-01   6.488162E+14    6.96920E+34   9.073734109E-03  -3.774770E-01   8.464695892E-03
    36    2179.227197   3.574663E-01   6.432535E+14    6.85592E+34   1.420782169E-02  -3.757357E-01   1.328170700E-02
    37    2532.292476   3.538761E-01   6.360348E+14    6.70605E+34   2.213958078E-02  -3.734067E-01   2.075357462E-02
    38    2938.342214   3.494174E-01   6.270951E+14    6.50967E+34   3.428048010E-02  -3.703112E-01   3.225113873E-02
    39    3402.666698   3.442962E-01   6.168625E+14    6.25538E+34   5.264649532E-02  -3.662326E-01   4.976243932E-02
    40    3929.039570   3.378691E-01   6.040823E+14    5.93142E+34   7.996842017E-02  -3.609248E-01   7.603936216E-02
    41    4519.915524   3.295881E-01   5.877141E+14    5.52743E+34   1.197190090E-01  -3.541188E-01   1.146969280E-01
    42    5175.010829   3.190910E-01   5.671263E+14    5.03729E+34   1.759358254E-01  -3.455571E-01   1.701395484E-01
    43    5889.551419   3.060494E-01   5.417905E+14    4.46321E+34   2.526090482E-01  -3.350524E-01   2.470709707E-01
    44    6652.765999   2.902388E-01   5.114268E+14    3.81986E+34   3.525309025E-01  -3.225685E-01   3.494066712E-01
    45    7446.797933   2.716128E-01   4.761327E+14    3.13666E+34   4.756849149E-01  -3.083114E-01   4.785254548E-01
    46    8246.783276   2.503635E-01   4.364647E+14    2.45588E+34   6.177087315E-01  -2.927930E-01   6.312626338E-01
    47    9022.859428   2.269438E-01   3.934299E+14    1.82487E+34   7.694198407E-01  -2.768181E-01   7.987057686E-01
    48    9744.366758   2.020277E-01   3.483624E+14    1.28428E+34   9.183157602E-01  -2.613548E-01   9.671374335E-01
    49   10385.450376   1.764201E-01   3.027242E+14    8.57280E+33   1.051946067E+00  -2.473118E-01   1.121590705E+00
    50   10930.122829   1.509561E-01   2.579301E+14    5.45619E+33   1.161610752E+00  -2.353140E-01   1.250550162E+00
    51   11374.582440   1.265015E-01   2.153760E+14    3.33825E+33   1.244356627E+00  -2.255924E-01   1.349092458E+00
    52   11725.595649   1.044872E-01   1.773954E+14    1.97995E+33   1.302471852E+00  -2.180311E-01   1.418889371E+00
    53   11994.428035   8.534749E-02   1.445930E+14    1.14578E+33   1.340992971E+00  -2.123496E-01   1.465389887E+00
    54   12194.868340   7.813990E-02   1.321086E+14    6.24825E+32   1.366601273E+00  -2.081933E-01   1.496397614E+00
    55   12319.176656   5.641615E-02   9.522799E+13    3.64748E+32   1.379954680E+00  -2.056543E-01   1.512601294E+00
    56   12422.211409   4.019500E-02   6.775676E+13    2.12013E+32   1.388058274E+00  -2.035779E-01   1.522446403E+00
    57   12508.061301   2.833588E-02   4.771689E+13    1.23452E+32   1.392896103E+00  -2.018705E-01   1.528326084E+00
    58   12580.241540   1.994074E-02   3.354553E+13    7.17223E+31   1.395795245E+00  -2.004526E-01   1.531850075E+00
    59   12640.746100   1.396995E-02   2.348105E+13    4.16536E+31   1.397518222E+00  -1.992771E-01   1.533944497E+00
    60   12691.551814   9.779811E-03   1.642409E+13    2.41638E+31   1.398539650E+00  -1.982996E-01   1.535186146E+00
    61   12734.116638   6.781981E-03   1.138489E+13    1.40365E+31   1.399140737E+00  -1.974876E-01   1.535916790E+00
    62   12770.089402   4.599440E-03   7.717742E+12    8.18556E+30   1.399492794E+00  -1.968063E-01   1.536344579E+00
    63   12801.256641   2.909636E-03   4.879687E+12    4.82938E+30   1.399697112E+00  -1.962196E-01   1.536592837E+00
    64   12830.517269   1.769171E-03   2.965614E+12    2.93456E+30   1.399813676E+00  -1.956721E-01   1.536734463E+00
    65   12859.938561   9.731783E-04   1.629959E+12    1.82865E+30   1.399882392E+00  -1.951245E-01   1.536817961E+00
    66   12893.480109   5.411984E-04   9.055594E+11    1.14873E+30   1.399925093E+00  -1.945041E-01   1.536869868E+00
    67   12931.644269   2.426608E-04   4.054654E+11    7.21734E+29   1.399952233E+00  -1.938029E-01   1.536902861E+00
    68   12985.558992   1.543510E-04   2.577422E+11    4.35506E+29   1.399970712E+00  -1.928211E-01   1.536925335E+00
    69   13037.272136   1.021710E-04   1.705496E+11    2.58716E+29   1.399982337E+00  -1.918887E-01   1.536939466E+00
    70   13084.165235   6.622005E-05   1.103941E+11    1.54172E+29   1.399989330E+00  -1.910511E-01   1.536947968E+00
    71   13127.726566   4.358003E-05   7.262230E+10    9.15605E+28   1.399993584E+00  -1.902796E-01   1.536953140E+00
    72   13167.381812   2.881818E-05   4.799535E+10    5.39020E+28   1.399996180E+00  -1.895827E-01   1.536956295E+00
    73   13202.974370   1.902224E-05   3.167381E+10    3.20486E+28   1.399997706E+00  -1.889617E-01   1.536958150E+00
    74   13235.259300   1.246439E-05   2.074039E+10    1.88789E+28   1.399998636E+00  -1.884018E-01   1.536959281E+00
    75   13264.481151   8.084100E-06   1.344669E+10    1.11660E+28   1.399999187E+00  -1.878980E-01   1.536959950E+00
    76   13291.286558   5.400171E-06   8.980874E+09    6.57782E+27   1.399999517E+00  -1.874383E-01   1.536960351E+00
    77   13315.049654   3.610945E-06   6.002640E+09    3.86319E+27   1.399999715E+00  -1.870326E-01   1.536960591E+00
    78   13336.024084   2.391563E-06   3.973555E+09    2.27861E+27   1.399999831E+00  -1.866760E-01   1.536960732E+00
    79   13354.786481   1.605596E-06   2.667374E+09    1.33689E+27   1.399999900E+00  -1.863582E-01   1.536960817E+00
    80   13371.243061   1.078476E-06   1.791153E+09    7.84159E+26   1.399999941E+00  -1.860803E-01   1.536960866E+00
    81   13385.662300   7.068951E-07   1.174052E+09    4.61187E+26   1.399999965E+00  -1.858375E-01   1.536960896E+00
    82   13398.634958   4.649979E-07   7.719678E+08    2.74688E+26   1.399999979E+00  -1.856196E-01   1.536960913E+00
    83   13410.414516   3.127497E-07   5.191371E+08    1.60984E+26   1.399999988E+00  -1.854222E-01   1.536960923E+00
    84   13420.702834   2.105355E-07   3.495422E+08    9.42948E+25   1.399999993E+00  -1.852502E-01   1.536960929E+00
    85   13429.670259   1.386466E-07   2.301080E+08    5.58208E+25   1.399999996E+00  -1.851005E-01   1.536960933E+00
    86   13437.747581   9.357634E-08   1.552957E+08    3.26646E+25   1.399999998E+00  -1.849658E-01   1.536960935E+00
    87   13444.761736   6.328757E-08   1.050132E+08    1.91073E+25   1.399999999E+00  -1.848491E-01   1.536960936E+00
    88   13450.837229   4.284960E-08   7.108466E+07    1.11675E+25   1.399999999E+00  -1.847481E-01   1.536960937E+00
    89   13456.088918   2.911284E-08   4.829987E+07    6.51965E+24   1.400000000E+00  -1.846609E-01   1.536960937E+00
    90   13460.605630   1.979375E-08   3.284365E+07    3.80392E+24   1.400000000E+00  -1.845859E-01   1.536960937E+00
    91   13464.484355   1.353486E-08   2.245596E+07    2.21496E+24   1.400000000E+00  -1.845216E-01   1.536960938E+00
    92   13467.790019   9.268323E-09   1.537560E+07    1.28948E+24   1.400000000E+00  -1.844668E-01   1.536960938E+00
    93   13470.602395   6.377983E-09   1.057938E+07    7.49081E+23   1.400000000E+00  -1.844202E-01   1.536960938E+00
    94   13472.978079   4.321338E-09   7.167399E+06    4.35904E+23   1.400000000E+00  -1.843809E-01   1.536960938E+00
    95   13475.019542   2.981180E-09   4.944462E+06    2.53769E+23   1.400000000E+00  -1.843471E-01   1.536960938E+00
    96   13476.742989   2.073706E-09   3.439227E+06    1.46831E+23   1.400000000E+00  -1.843186E-01   1.536960938E+00
    97   13478.177072   1.446629E-09   2.399192E+06    8.49260E+22   1.400000000E+00  -1.842949E-01   1.536960938E+00
    98   13479.366422   1.016328E-09   1.685659E+06    4.89571E+22   1.400000000E+00  -1.842753E-01   1.536960938E+00
    99   13480.342483   7.140151E-10   1.184326E+06    2.82219E+22   1.400000000E+00  -1.842591E-01   1.536960938E+00
   100   13481.143470   5.047212E-10   8.371558E+05    1.62488E+22   1.400000000E+00  -1.842459E-01   1.536960938E+00
   101   13481.795985   3.577152E-10   5.932838E+05    9.33702E+21   1.400000000E+00  -1.842351E-01   1.536960938E+00
   102   13482.325130   2.535253E-10   4.204524E+05    5.36528E+21   1.400000000E+00  -1.842264E-01   1.536960938E+00
   103   13482.754219   1.809263E-10   3.000235E+05    3.07546E+21   1.400000000E+00  -1.842193E-01   1.536960938E+00
   104   13483.098936   1.291421E-10   2.141308E+05    1.76263E+21   1.400000000E+00  -1.842136E-01   1.536960938E+00
   105   13483.375769   9.233026E-11   1.530846E+05    1.01000E+21   1.400000000E+00  -1.842090E-01   1.536960938E+00
   106   13483.597664   6.630807E-11   1.099485E+05    5.77512E+20   1.400000000E+00  -1.842053E-01   1.536960938E+00
   107   13483.774328   4.761985E-11   7.896722E+04    3.30217E+20   1.400000000E+00  -1.842024E-01   1.536960938E+00
   108   13483.914979   3.429686E-11   5.687697E+04    1.88752E+20   1.400000000E+00  -1.842001E-01   1.536960938E+00
   109   13484.026603   2.476847E-11   4.107609E+04    1.07706E+20   1.400000000E+00  -1.841983E-01   1.536960938E+00
   110   13484.114802   1.788725E-11   2.966480E+04    6.14597E+19   1.400000000E+00  -1.841968E-01   1.536960938E+00
   111   13484.184492   1.297824E-11   2.152372E+04    3.50396E+19   1.400000000E+00  -1.841957E-01   1.536960938E+00
   112   13484.239252   9.437293E-12   1.565130E+04    1.99434E+19   1.400000000E+00  -1.841947E-01   1.536960938E+00
   113   13484.282114   6.862447E-12   1.138108E+04    1.13512E+19   1.400000000E+00  -1.841940E-01   1.536960938E+00
   114   13484.315664   4.998927E-12   8.291034E+03    6.45771E+18   1.400000000E+00  -1.841935E-01   1.536960938E+00
   115   13484.341864   3.643349E-12   6.043242E+03    3.67229E+18   1.400000000E+00  -1.841931E-01   1.536960938E+00
   116   13484.362305   2.655368E-12   4.404851E+03    2.08831E+18   1.400000000E+00  -1.841927E-01   1.536960938E+00
   117   13484.378253   1.935301E-12   3.210645E+03    1.18755E+18   1.400000000E+00  -1.841925E-01   1.536960938E+00
   118   13484.390695   1.410498E-12   2.340202E+03    6.75319E+17   1.400000000E+00  -1.841922E-01   1.536960938E+00
   119   13484.400403   1.028007E-12   1.705746E+03    3.84031E+17   1.400000000E+00  -1.841921E-01   1.536960938E+00
   120   13484.407976   7.492383E-13   1.243298E+03    2.18385E+17   1.400000000E+00  -1.841920E-01   1.536960938E+00
   121   13484.413885   5.613251E-13   9.321760E+02    1.23240E+17   1.400000000E+00  -1.841919E-01   1.536960938E+00
   122   13484.418332   4.236693E-13   7.042651E+02    6.91432E+16   1.400000000E+00  -1.841918E-01   1.536960938E+00
   123   13484.421635   3.197713E-13   5.320768E+02    3.87924E+16   1.400000000E+00  -1.841917E-01   1.536960938E+00
   124   13484.424087   2.413526E-13   4.019875E+02    2.17643E+16   1.400000000E+00  -1.841917E-01   1.536960938E+00
   125   13484.425909   1.821648E-13   3.037041E+02    1.22107E+16   1.400000000E+00  -1.841917E-01   1.536960938E+00
   126   13484.427261   1.374918E-13   2.294504E+02    6.85077E+15   1.400000000E+00  -1.841916E-01   1.536960938E+00
   127   13484.428265   1.057715E-13   1.764224E+02    3.82638E+15   1.400000000E+00  -1.841916E-01   1.536960938E+00
   128   13484.428995   8.188618E-14   1.364300E+02    2.12773E+15   1.400000000E+00  -1.841916E-01   1.536960938E+00
   129   13484.429520   6.339466E-14   1.055033E+02    1.18316E+15   1.400000000E+00  -1.841916E-01   1.536960938E+00
   130   13484.429897   4.907889E-14   8.158728E+01    6.57920E+14   1.400000000E+00  -1.841916E-01   1.536960938E+00
   131   13484.430168   3.799590E-14   6.309265E+01    3.65848E+14   1.400000000E+00  -1.841916E-01   1.536960938E+00
   132   13484.430363   2.941567E-14   4.879047E+01    2.03437E+14   1.400000000E+00  -1.841916E-01   1.536960938E+00
   133   13484.430503   2.303786E-14   3.819304E+01    1.12790E+14   1.400000000E+00  -1.841916E-01   1.536960938E+00
   134   13484.430603   1.811909E-14   3.003195E+01    6.23158E+13   1.400000000E+00  -1.841916E-01   1.536960938E+00
   135   13484.430673   1.425051E-14   2.361472E+01    3.44291E+13   1.400000000E+00  -1.841916E-01   1.536960938E+00
   136   13484.430722   1.120791E-14   1.856873E+01    1.90219E+13   1.400000000E+00  -1.841916E-01   1.536960938E+00
   137   13484.430756   9.491588E-15   1.572682E+01    1.04093E+13   1.400000000E+00  -1.841916E-01   1.536960938E+00
   138   13484.430778   8.649915E-15   1.433904E+01    5.41669E+12   1.400000000E+00  -1.841916E-01   1.536960938E+00
   139   13484.430791   7.882879E-15   1.307371E+01    2.81869E+12   1.400000000E+00  -1.841916E-01   1.536960938E+00
   140   13484.430798   7.183860E-15   1.192005E+01    1.46677E+12   1.400000000E+00  -1.841916E-01   1.536960938E+00
   141   13484.430802   6.546660E-15   1.086471E+01    7.63331E+11   1.400000000E+00  -1.841916E-01   1.536960938E+00
   142   13484.430805   5.965971E-15   9.901585E+00    3.97290E+11   1.400000000E+00  -1.841916E-01   1.536960938E+00
   143   13484.430806   5.436789E-15   9.023835E+00    2.06777E+11   1.400000000E+00  -1.841916E-01   1.536960938E+00
   144   13484.430807   4.954546E-15   8.223895E+00    1.07621E+11   1.400000000E+00  -1.841916E-01   1.536960938E+00
   145   13484.430807   4.869226E-15   8.082041E+00    5.43942E+10   1.400000000E+00  -1.841916E-01   1.536960938E+00
   146   13484.430808   4.824228E-15   8.007043E+00    2.73095E+10   1.400000000E+00  -1.841916E-01   1.536960938E+00
   147   13484.430808   4.779646E-15   7.932742E+00    1.37112E+10   1.400000000E+00  -1.841916E-01   1.536960938E+00
   148   13484.430808   4.754983E-15   7.893314E+00    6.87897E+09   1.400000000E+00  -1.841916E-01   1.536960938E+00
   149   13484.430808   4.745950E-15   7.881274E+00    3.44181E+09   1.400000000E+00  -1.841916E-01   1.536960938E+00
   150   13484.430808   4.736935E-15   7.869251E+00    1.72207E+09   1.400000000E+00  -1.841916E-01   1.536960938E+00
   151   13484.430808   4.727924E-15   7.855846E+00    8.61644E+08   1.400000000E+00  -1.841916E-01   1.536960938E+00
