       6     152      52      67

     EOS file :  /home/forgane/Desktop/Compstar/lect3-Page/EOS/SL_EOS_Cat.dat          

  step        radius       baryon#       density        pressure       encl. mass            phi     encl. bar. mass 
                (m)        (#/fm3)       (g/cm3)        (dyn/cm2)      (sol. mass)                     (sol. mass)   

     0       0.000000   6.256762E-01   1.176095E+15    2.11201E+35   0.000000000E+00  -5.726801E-01   0.000000000E+00
     1      10.000000   6.256758E-01   1.176094E+15    2.11201E+35   2.476827094E-09  -5.726797E-01   2.206734628E-09
     2      11.666664   6.256756E-01   1.176093E+15    2.11201E+35   3.933107506E-09  -5.726796E-01   3.504211236E-09
     3      13.611106   6.256754E-01   1.176093E+15    2.11201E+35   6.245624409E-09  -5.726795E-01   5.564554278E-09
     4      15.879619   6.256752E-01   1.176092E+15    2.11200E+35   9.917810295E-09  -5.726793E-01   8.836298924E-09
     5      18.526217   6.256748E-01   1.176092E+15    2.11200E+35   1.574909400E-08  -5.726790E-01   1.403170004E-08
     6      21.613910   6.256744E-01   1.176090E+15    2.11200E+35   2.500893176E-08  -5.726787E-01   2.228178686E-08
     7      25.216213   6.256737E-01   1.176089E+15    2.11199E+35   3.971315757E-08  -5.726782E-01   3.538258083E-08
     8      29.418891   6.256729E-01   1.176087E+15    2.11198E+35   6.306280771E-08  -5.726775E-01   5.618607360E-08
     9      34.322002   6.256717E-01   1.176084E+15    2.11197E+35   1.001409370E-07  -5.726766E-01   8.922107053E-08
    10      40.042276   6.256701E-01   1.176081E+15    2.11195E+35   1.590190918E-07  -5.726753E-01   1.416790351E-07
    11      46.715894   6.256679E-01   1.176076E+15    2.11193E+35   2.525142515E-07  -5.726736E-01   2.249795034E-07
    12      54.501726   6.256649E-01   1.176069E+15    2.11190E+35   4.009785743E-07  -5.726713E-01   3.572557539E-07
    13      63.585108   6.256608E-01   1.176060E+15    2.11186E+35   6.367289566E-07  -5.726681E-01   5.673016326E-07
    14      74.182246   6.256553E-01   1.176047E+15    2.11181E+35   1.011080024E-06  -5.726639E-01   9.008382623E-07
    15      86.545351   6.256477E-01   1.176030E+15    2.11173E+35   1.605510131E-06  -5.726580E-01   1.430463822E-06
    16     100.968619   6.256375E-01   1.176007E+15    2.11163E+35   2.549387965E-06  -5.726501E-01   2.271450141E-06
    17     117.795201   6.256235E-01   1.175976E+15    2.11150E+35   4.048111796E-06  -5.726393E-01   3.606819999E-06
    18     137.425321   6.256045E-01   1.175933E+15    2.11131E+35   6.427772100E-06  -5.726245E-01   5.727153592E-06
    19     160.325708   6.255786E-01   1.175874E+15    2.11105E+35   1.020602777E-05  -5.726045E-01   9.093766547E-06
    20     187.040573   6.255434E-01   1.175795E+15    2.11071E+35   1.620455475E-05  -5.725772E-01   1.443896259E-05
    21     218.204339   6.254954E-01   1.175687E+15    2.11024E+35   2.572739383E-05  -5.725401E-01   2.292507619E-05
    22     254.556385   6.254302E-01   1.175539E+15    2.10960E+35   4.084369319E-05  -5.724897E-01   3.639669196E-05
    23     296.958090   6.253415E-01   1.175339E+15    2.10873E+35   6.483568422E-05  -5.724210E-01   5.778043751E-05
    24     346.412433   6.252207E-01   1.175066E+15    2.10754E+35   1.029078743E-04  -5.723275E-01   9.171828096E-05
    25     404.086453   6.250564E-01   1.174696E+15    2.10593E+35   1.633085254E-04  -5.722004E-01   1.455698211E-04
    26     471.336768   6.248329E-01   1.174191E+15    2.10374E+35   2.591004106E-04  -5.720275E-01   2.309966373E-04
    27     549.738291   6.245291E-01   1.173506E+15    2.10076E+35   4.109509506E-04  -5.717924E-01   3.664625626E-04
    28     641.116066   6.241160E-01   1.172574E+15    2.09672E+35   6.515161022E-04  -5.714729E-01   5.811704333E-04
    29     747.579761   6.235547E-01   1.171308E+15    2.09123E+35   1.032301588E-03  -5.710390E-01   9.212413592E-04
    30     871.559780   6.227925E-01   1.169589E+15    2.08380E+35   1.634344048E-03  -5.704500E-01   1.459372613E-03
    31    1015.842924   6.217584E-01   1.167257E+15    2.07374E+35   2.584716217E-03  -5.696514E-01   2.309843891E-03
    32    1183.603941   6.203570E-01   1.164098E+15    2.06016E+35   4.081770833E-03  -5.685700E-01   3.651644718E-03
    33    1378.426833   6.184608E-01   1.159827E+15    2.04188E+35   6.433197613E-03  -5.671084E-01   5.763715980E-03
    34    1604.306066   6.159003E-01   1.154063E+15    2.01736E+35   1.011223522E-02  -5.651379E-01   9.077800580E-03
    35    1865.612494   6.124528E-01   1.146310E+15    1.98465E+35   1.583827740E-02  -5.624904E-01   1.425591600E-02
    36    2167.001438   6.078347E-01   1.136016E+15    1.94134E+35   2.468760235E-02  -5.589494E-01   2.230021744E-02
    37    2513.205568   6.016806E-01   1.122437E+15    1.88450E+35   3.823586509E-02  -5.542427E-01   3.470027535E-02
    38    2908.726870   5.935230E-01   1.104476E+15    1.81086E+35   5.871672187E-02  -5.480382E-01   5.361555123E-02
    39    3357.377357   5.828063E-01   1.080948E+15    1.71703E+35   8.916412178E-02  -5.399481E-01   8.207211560E-02
    40    3861.532181   5.689248E-01   1.050885E+15    1.60004E+35   1.334525705E-01  -5.295505E-01   1.241057827E-01
    41    4420.998792   5.511828E-01   1.012736E+15    1.45825E+35   1.960690753E-01  -5.164395E-01   1.847021107E-01
    42    5032.096760   5.289911E-01   9.658492E+14    1.29239E+35   2.814716692E-01  -5.003034E-01   2.693704575E-01
    43    5686.077871   5.018675E-01   9.095006E+14    1.10687E+35   3.927978433E-01  -4.810528E-01   3.829940716E-01
    44    6368.571623   4.697141E-01   8.440679E+14    9.10191E+34   5.301749869E-01  -4.589504E-01   5.279888881E-01
    45    7059.447820   4.328965E-01   7.708159E+14    7.14431E+34   6.890566557E-01  -4.347197E-01   7.019843347E-01
    46    7734.363492   3.923820E-01   6.922778E+14    5.32937E+34   8.597159127E-01  -4.095412E-01   8.961696941E-01
    47    8367.610904   3.496396E-01   6.114311E+14    3.77091E+34   1.028717231E+00  -3.848938E-01   1.095728113E+00
    48    8936.480588   3.064292E-01   5.315789E+14    2.53306E+34   1.182471781E+00  -3.622314E-01   1.283364055E+00
    49    9424.941589   2.644865E-01   4.557549E+14    1.62155E+34   1.310907075E+00  -3.426521E-01   1.444387509E+00
    50    9825.852864   2.251774E-01   3.858952E+14    9.95442E+33   1.409722922E+00  -3.266967E-01   1.570790345E+00
    51   10141.296203   1.893378E-01   3.230904E+14    5.90552E+33   1.480221309E+00  -3.143389E-01   1.662205312E+00
    52   10380.496150   1.571644E-01   2.673474E+14    3.41554E+33   1.527272302E+00  -3.051517E-01   1.723733579E+00
    53   10556.942140   1.286854E-01   2.183773E+14    1.94263E+33   1.556994671E+00  -2.985109E-01   1.762786726E+00
    54   10684.985413   1.038465E-01   1.759107E+14    1.09363E+33   1.575028825E+00  -2.937809E-01   1.786541929E+00
    55   10777.281274   8.188057E-02   1.385067E+14    6.14056E+32   1.585623389E+00  -2.904256E-01   1.800512633E+00
    56   10844.615615   5.907340E-02   9.978678E+13    3.54035E+32   1.591540154E+00  -2.880101E-01   1.808319077E+00
    57   10899.403575   4.122672E-02   6.955009E+13    2.05791E+32   1.594994277E+00  -2.860673E-01   1.812877838E+00
    58   10945.724490   2.797841E-02   4.714363E+13    1.20714E+32   1.597017297E+00  -2.844419E-01   1.815548119E+00
    59   10986.278797   1.876189E-02   3.158146E+13    7.11000E+31   1.598218458E+00  -2.830324E-01   1.817133581E+00
    60   11022.302300   1.257824E-02   2.115193E+13    4.18641E+31   1.598937778E+00  -2.817913E-01   1.818082949E+00
    61   11054.262680   8.463529E-03   1.422125E+13    2.46050E+31   1.599368638E+00  -2.806990E-01   1.818651518E+00
    62   11082.429649   5.705277E-03   9.579948E+12    1.44422E+31   1.599625650E+00  -2.797433E-01   1.818990610E+00
    63   11107.149409   3.837193E-03   6.439236E+12    8.47576E+30   1.599778273E+00  -2.789098E-01   1.819191934E+00
    64   11128.869119   2.557980E-03   4.290213E+12    4.98516E+30   1.599868466E+00  -2.781817E-01   1.819310887E+00
    65   11148.148993   1.668159E-03   2.796308E+12    2.94825E+30   1.599921565E+00  -2.775385E-01   1.819380908E+00
    66   11165.727882   1.040496E-03   1.743226E+12    1.76894E+30   1.599952551E+00  -2.769547E-01   1.819421767E+00
    67   11182.720577   5.873168E-04   9.833853E+11    1.08884E+30   1.599970551E+00  -2.763928E-01   1.819445501E+00
    68   11201.337354   2.386902E-04   3.988307E+11    7.09625E+29   1.599980658E+00  -2.757798E-01   1.819458831E+00
    69   11231.367597   1.519795E-04   2.537829E+11    4.27428E+29   1.599988254E+00  -2.747969E-01   1.819468859E+00
    70   11260.005608   1.004569E-04   1.676817E+11    2.53597E+29   1.599992992E+00  -2.738662E-01   1.819475112E+00
    71   11285.905826   6.508625E-05   1.084947E+11    1.50995E+29   1.599995821E+00  -2.730301E-01   1.819478845E+00
    72   11309.892957   4.287757E-05   7.145111E+10    8.95994E+28   1.599997533E+00  -2.722603E-01   1.819481104E+00
    73   11331.634972   2.824452E-05   4.703731E+10    5.27324E+28   1.599998570E+00  -2.715664E-01   1.819482473E+00
    74   11351.177171   1.868098E-05   3.110382E+10    3.12826E+28   1.599999179E+00  -2.709459E-01   1.819483276E+00
    75   11368.793626   1.223308E-05   2.035465E+10    1.84365E+28   1.599999547E+00  -2.703889E-01   1.819483761E+00
    76   11384.727551   7.922407E-06   1.317788E+10    1.09080E+28   1.599999764E+00  -2.698872E-01   1.819484047E+00
    77   11399.345923   5.299826E-06   8.813507E+09    6.41502E+27   1.599999894E+00  -2.694285E-01   1.819484219E+00
    78   11412.246487   3.539924E-06   5.884425E+09    3.76638E+27   1.599999971E+00  -2.690251E-01   1.819484321E+00
    79   11423.626821   2.345916E-06   3.897692E+09    2.22060E+27   1.600000017E+00  -2.686703E-01   1.819484381E+00
    80   11433.784763   1.574603E-06   2.615870E+09    1.30246E+27   1.600000044E+00  -2.683543E-01   1.819484416E+00
    81   11442.684425   1.057482E-06   1.756259E+09    7.63760E+26   1.600000060E+00  -2.680781E-01   1.819484437E+00
    82   11450.474440   6.879546E-07   1.142507E+09    4.49409E+26   1.600000069E+00  -2.678369E-01   1.819484450E+00
    83   11457.533943   4.548382E-07   7.550948E+08    2.66634E+26   1.600000074E+00  -2.676186E-01   1.819484457E+00
    84   11463.882131   3.058945E-07   5.077640E+08    1.56233E+26   1.600000078E+00  -2.674227E-01   1.819484461E+00
    85   11469.422251   2.058959E-07   3.418432E+08    9.14972E+25   1.600000080E+00  -2.672519E-01   1.819484464E+00
    86   11474.248128   1.357303E-07   2.252670E+08    5.42266E+25   1.600000081E+00  -2.671033E-01   1.819484465E+00
    87   11478.593407   9.159937E-08   1.520143E+08    3.17276E+25   1.600000081E+00  -2.669697E-01   1.819484466E+00
    88   11482.364927   6.195449E-08   1.028000E+08    1.85553E+25   1.600000082E+00  -2.668538E-01   1.819484467E+00
    89   11485.629580   4.194406E-08   6.958157E+07    1.08438E+25   1.600000082E+00  -2.667536E-01   1.819484467E+00
    90   11488.450537   2.850108E-08   4.728531E+07    6.32919E+24   1.600000082E+00  -2.666671E-01   1.819484467E+00
    91   11490.875078   1.938403E-08   3.216362E+07    3.69238E+24   1.600000082E+00  -2.665928E-01   1.819484467E+00
    92   11492.955762   1.325411E-08   2.199003E+07    2.14988E+24   1.600000082E+00  -2.665290E-01   1.819484467E+00
    93   11494.728621   9.079456E-09   1.506218E+07    1.25147E+24   1.600000082E+00  -2.664747E-01   1.819484467E+00
    94   11496.235943   6.247816E-09   1.036340E+07    7.26967E+23   1.600000082E+00  -2.664286E-01   1.819484467E+00
    95   11497.508998   4.222569E-09   7.003585E+06    4.23127E+23   1.600000082E+00  -2.663896E-01   1.819484467E+00
    96   11498.605778   2.919615E-09   4.842341E+06    2.45911E+23   1.600000082E+00  -2.663560E-01   1.819484467E+00
    97   11499.527943   2.030842E-09   3.368130E+06    1.42280E+23   1.600000082E+00  -2.663278E-01   1.819484467E+00
    98   11500.295197   1.417644E-09   2.351130E+06    8.22860E+22   1.600000082E+00  -2.663044E-01   1.819484467E+00
    99   11500.930989   9.959520E-10   1.651870E+06    4.74343E+22   1.600000082E+00  -2.662849E-01   1.819484467E+00
   100   11501.452724   6.996925E-10   1.160573E+06    2.73436E+22   1.600000082E+00  -2.662690E-01   1.819484467E+00
   101   11501.880850   4.948021E-10   8.207003E+05    1.57380E+22   1.600000082E+00  -2.662559E-01   1.819484467E+00
   102   11502.229348   3.506828E-10   5.816180E+05    9.04339E+21   1.600000082E+00  -2.662452E-01   1.819484467E+00
   103   11502.511944   2.485855E-10   4.122581E+05    5.19630E+21   1.600000082E+00  -2.662366E-01   1.819484467E+00
   104   11502.741045   1.774358E-10   2.942338E+05    2.97813E+21   1.600000082E+00  -2.662296E-01   1.819484467E+00
   105   11502.925028   1.266502E-10   2.099979E+05    1.70683E+21   1.600000082E+00  -2.662240E-01   1.819484467E+00
   106   11503.072777   9.058520E-11   1.501920E+05    9.77982E+20   1.600000082E+00  -2.662195E-01   1.819484467E+00
   107   11503.191148   6.505468E-11   1.078708E+05    5.59201E+20   1.600000082E+00  -2.662158E-01   1.819484467E+00
   108   11503.285389   4.671963E-11   7.747477E+04    3.19745E+20   1.600000082E+00  -2.662130E-01   1.819484467E+00
   109   11503.360418   3.366192E-11   5.582405E+04    1.82770E+20   1.600000082E+00  -2.662107E-01   1.819484467E+00
   110   11503.419940   2.430990E-11   4.031563E+04    1.04292E+20   1.600000082E+00  -2.662088E-01   1.819484467E+00
   111   11503.466971   1.755606E-11   2.911558E+04    5.95115E+19   1.600000082E+00  -2.662074E-01   1.819484467E+00
   112   11503.504131   1.274220E-11   2.113227E+04    3.39202E+19   1.600000082E+00  -2.662063E-01   1.819484467E+00
   113   11503.533313   9.265650E-12   1.536664E+04    1.93063E+19   1.600000082E+00  -2.662054E-01   1.819484467E+00
   114   11503.556155   6.737631E-12   1.117408E+04    1.09885E+19   1.600000082E+00  -2.662047E-01   1.819484467E+00
   115   11503.574034   4.908548E-12   8.141175E+03    6.25085E+18   1.600000082E+00  -2.662041E-01   1.819484467E+00
   116   11503.587994   3.577478E-12   5.934010E+03    3.55465E+18   1.600000082E+00  -2.662037E-01   1.819484467E+00
   117   11503.598885   2.607359E-12   4.325231E+03    2.02141E+18   1.600000082E+00  -2.662034E-01   1.819484467E+00
   118   11503.607382   1.900311E-12   3.152611E+03    1.14951E+18   1.600000082E+00  -2.662031E-01   1.819484467E+00
   119   11503.614011   1.384995E-12   2.297902E+03    6.53685E+17   1.600000082E+00  -2.662029E-01   1.819484467E+00
   120   11503.619183   1.009420E-12   1.674914E+03    3.71728E+17   1.600000082E+00  -2.662028E-01   1.819484467E+00
   121   11503.623218   7.356916E-13   1.220825E+03    2.11389E+17   1.600000082E+00  -2.662026E-01   1.819484467E+00
   122   11503.626366   5.521337E-13   9.169649E+02    1.19130E+17   1.600000082E+00  -2.662025E-01   1.819484467E+00
   123   11503.628728   4.167319E-13   6.927729E+02    6.68375E+16   1.600000082E+00  -2.662025E-01   1.819484467E+00
   124   11503.630482   3.145352E-13   5.233944E+02    3.74988E+16   1.600000082E+00  -2.662024E-01   1.819484467E+00
   125   11503.631785   2.374005E-13   3.954279E+02    2.10385E+16   1.600000082E+00  -2.662024E-01   1.819484467E+00
   126   11503.632752   1.791819E-13   2.987483E+02    1.18035E+16   1.600000082E+00  -2.662023E-01   1.819484467E+00
   127   11503.633471   1.352404E-13   2.257063E+02    6.62231E+15   1.600000082E+00  -2.662023E-01   1.819484467E+00
   128   11503.634004   1.041768E-13   1.737510E+02    3.69539E+15   1.600000082E+00  -2.662023E-01   1.819484467E+00
   129   11503.634391   8.065162E-14   1.343642E+02    2.05489E+15   1.600000082E+00  -2.662023E-01   1.819484467E+00
   130   11503.634669   6.243889E-14   1.039058E+02    1.14266E+15   1.600000082E+00  -2.662023E-01   1.819484467E+00
   131   11503.634869   4.833895E-14   8.035189E+01    6.35397E+14   1.600000082E+00  -2.662023E-01   1.819484467E+00
   132   11503.635013   3.742305E-14   6.213730E+01    3.53325E+14   1.600000082E+00  -2.662023E-01   1.819484467E+00
   133   11503.635116   2.897218E-14   4.805169E+01    1.96473E+14   1.600000082E+00  -2.662023E-01   1.819484467E+00
   134   11503.635190   2.270911E-14   3.764754E+01    1.08856E+14   1.600000082E+00  -2.662023E-01   1.819484467E+00
   135   11503.635243   1.786053E-14   2.960301E+01    6.01421E+13   1.600000082E+00  -2.662023E-01   1.819484467E+00
   136   11503.635280   1.404716E-14   2.327744E+01    3.32281E+13   1.600000082E+00  -2.662023E-01   1.819484467E+00
   137   11503.635306   1.104797E-14   1.830352E+01    1.83584E+13   1.600000082E+00  -2.662023E-01   1.819484467E+00
   138   11503.635324   9.442409E-15   1.564575E+01    1.00357E+13   1.600000082E+00  -2.662023E-01   1.819484467E+00
   139   11503.635336   8.605098E-15   1.426512E+01    5.22232E+12   1.600000082E+00  -2.662023E-01   1.819484467E+00
   140   11503.635342   7.842035E-15   1.300632E+01    2.71755E+12   1.600000082E+00  -2.662023E-01   1.819484467E+00
   141   11503.635346   7.146638E-15   1.185860E+01    1.41414E+12   1.600000082E+00  -2.662023E-01   1.819484467E+00
   142   11503.635348   6.512738E-15   1.080845E+01    7.35954E+11   1.600000082E+00  -2.662023E-01   1.819484467E+00
   143   11503.635349   5.935058E-15   9.850311E+00    3.83041E+11   1.600000082E+00  -2.662023E-01   1.819484467E+00
   144   11503.635350   5.408618E-15   8.977106E+00    1.99361E+11   1.600000082E+00  -2.662023E-01   1.819484467E+00
   145   11503.635351   4.928874E-15   8.181309E+00    1.03761E+11   1.600000082E+00  -2.662023E-01   1.819484467E+00
   146   11503.635351   4.866580E-15   8.077630E+00    5.22434E+10   1.600000082E+00  -2.662023E-01   1.819484467E+00
   147   11503.635351   4.821606E-15   8.002673E+00    2.62296E+10   1.600000082E+00  -2.662023E-01   1.819484467E+00
   148   11503.635351   4.777048E-15   7.928412E+00    1.31690E+10   1.600000082E+00  -2.662023E-01   1.819484467E+00
   149   11503.635351   4.754453E-15   7.892608E+00    6.60538E+09   1.600000082E+00  -2.662023E-01   1.819484467E+00
   150   11503.635351   4.745422E-15   7.880568E+00    3.30493E+09   1.600000082E+00  -2.662023E-01   1.819484467E+00
   151   11503.635351   4.736407E-15   7.868547E+00    1.65358E+09   1.600000082E+00  -2.662023E-01   1.819484467E+00
   152   11503.635351   4.727394E-15   7.854785E+00    8.27381E+08   1.600000082E+00  -2.662023E-01   1.819484467E+00
