       6     154      54      69

     EOS file :  BM165S_EOS_Cat_new.dat                                                

  step        radius       baryon#       density        pressure       encl. mass            phi     encl. bar. mass 
                (m)        (#/fm3)       (g/cm3)        (dyn/cm2)      (sol. mass)                     (sol. mass)   

     0       0.000000   9.774914E-01   2.168965E+15    7.36572E+35   0.000000000E+00  -9.873493E-01   0.000000000E+00
     1      10.000000   9.774903E-01   2.168962E+15    7.36570E+35   4.567786986E-09  -9.873485E-01   3.447572111E-09
     2      11.666664   9.774900E-01   2.168961E+15    7.36569E+35   7.253470493E-09  -9.873482E-01   5.474613296E-09
     3      13.611104   9.774896E-01   2.168960E+15    7.36568E+35   1.151822959E-08  -9.873479E-01   8.693475882E-09
     4      15.879616   9.774889E-01   2.168958E+15    7.36567E+35   1.829049431E-08  -9.873474E-01   1.380490237E-08
     5      18.526210   9.774881E-01   2.168955E+15    7.36565E+35   2.904456790E-08  -9.873468E-01   2.192164084E-08
     6      21.613898   9.774870E-01   2.168952E+15    7.36563E+35   4.612156939E-08  -9.873459E-01   3.481068316E-08
     7      25.216193   9.774854E-01   2.168947E+15    7.36559E+35   7.323906602E-08  -9.873446E-01   5.527792336E-08
     8      29.418858   9.774833E-01   2.168941E+15    7.36555E+35   1.163003237E-07  -9.873430E-01   8.777896633E-08
     9      34.321949   9.774805E-01   2.168932E+15    7.36549E+35   1.846793086E-07  -9.873407E-01   1.393890375E-07
    10      40.042190   9.774766E-01   2.168920E+15    7.36541E+35   2.932610971E-07  -9.873376E-01   2.213430950E-07
    11      46.715755   9.774713E-01   2.168904E+15    7.36529E+35   4.656816981E-07  -9.873335E-01   3.514813216E-07
    12      54.501503   9.774641E-01   2.168882E+15    7.36514E+35   7.394721859E-07  -9.873278E-01   5.581321556E-07
    13      63.584751   9.774543E-01   2.168852E+15    7.36493E+35   1.174226124E-06  -9.873200E-01   8.862777053E-07
    14      74.181677   9.774410E-01   2.168811E+15    7.36465E+35   1.864566387E-06  -9.873095E-01   1.407342701E-06
    15      86.544444   9.774229E-01   2.168756E+15    7.36426E+35   2.960730080E-06  -9.872951E-01   2.234735746E-06
    16     100.967175   9.773982E-01   2.168680E+15    7.36374E+35   4.701243816E-06  -9.872756E-01   3.548521255E-06
    17     117.792905   9.773646E-01   2.168577E+15    7.36302E+35   7.464783202E-06  -9.872490E-01   5.634582440E-06
    18     137.421670   9.773189E-01   2.168437E+15    7.36205E+35   1.185246403E-05  -9.872128E-01   8.946778008E-06
    19     160.319905   9.772567E-01   2.168247E+15    7.36073E+35   1.881838857E-05  -9.871635E-01   1.420557408E-05
    20     187.031353   9.771719E-01   2.167988E+15    7.35892E+35   2.987666973E-05  -9.870965E-01   2.255451542E-05
    21     218.189690   9.770565E-01   2.167636E+15    7.35647E+35   4.742957716E-05  -9.870053E-01   3.580836410E-05
    22     254.533114   9.768995E-01   2.167157E+15    7.35314E+35   7.528731770E-05  -9.868811E-01   5.684642497E-05
    23     296.921127   9.766859E-01   2.166505E+15    7.34860E+35   1.194906338E-04  -9.867123E-01   9.023559770E-05
    24     346.353739   9.763954E-01   2.165618E+15    7.34244E+35   1.896110180E-04  -9.864826E-01   1.432164431E-04
    25     403.993281   9.760002E-01   2.164413E+15    7.33406E+35   3.008024088E-04  -9.861703E-01   2.272618805E-04
    26     471.188918   9.754631E-01   2.162774E+15    7.32268E+35   4.770312602E-04  -9.857456E-01   3.605369683E-04
    27     549.503782   9.747331E-01   2.160548E+15    7.30724E+35   7.561457931E-04  -9.851686E-01   5.717718927E-04
    28     640.744311   9.737417E-01   2.157526E+15    7.28629E+35   1.197797387E-03  -9.843850E-01   9.063412147E-04
    29     746.990863   9.723963E-01   2.153426E+15    7.25793E+35   1.895745574E-03  -9.833217E-01   1.435765722E-03
    30     870.627792   9.705726E-01   2.147872E+15    7.21960E+35   2.996816461E-03  -9.818804E-01   2.272477388E-03
    31    1014.369835   9.681013E-01   2.140368E+15    7.16792E+35   4.729784112E-03  -9.799296E-01   3.592577542E-03
    32    1181.278996   9.647614E-01   2.130247E+15    7.09849E+35   7.448665015E-03  -9.772946E-01   5.670516936E-03
    33    1374.765347   9.602579E-01   2.116640E+15    7.00561E+35   1.169617437E-02  -9.737448E-01   8.931157677E-03
    34    1598.556336   9.542058E-01   2.098428E+15    6.88216E+35   1.829376889E-02  -9.689802E-01   1.402613213E-02
    35    1856.618869   9.461071E-01   2.074198E+15    6.71938E+35   2.846325837E-02  -9.626160E-01   2.194241050E-02
    36    2153.006216   9.353352E-01   2.042205E+15    6.50709E+35   4.397887626E-02  -9.541705E-01   3.414929960E-02
    37    2491.601635   9.211188E-01   2.000393E+15    6.23417E+35   6.733342331E-02  -9.430588E-01   5.278307671E-02
    38    2875.721309   9.025475E-01   1.946470E+15    5.88983E+35   1.018713725E-01  -9.286037E-01   8.085005260E-02
    39    3307.551601   8.786062E-01   1.878089E+15    5.46574E+35   1.517949475E-01  -9.100729E-01   1.223920625E-01
    40    3787.423330   8.482491E-01   1.793181E+15    4.95914E+35   2.218933745E-01  -8.867590E-01   1.824998012E-01
    41    4312.980225   8.105288E-01   1.690392E+15    4.37648E+35   3.168208370E-01  -8.581118E-01   2.669867398E-01
    42    4878.404527   7.647595E-01   1.569526E+15    3.73641E+35   4.398275209E-01  -8.239189E-01   3.814960992E-01
    43    5473.986851   7.106540E-01   1.431819E+15    3.07019E+35   5.911041786E-01  -7.845023E-01   5.298960915E-01
    44    6086.437362   6.483777E-01   1.279785E+15    2.41816E+35   7.663057315E-01  -7.408560E-01   7.121379957E-01
    45    6700.363070   5.786374E-01   1.117031E+15    1.82169E+35   9.561859851E-01  -6.946204E-01   9.223748984E-01
    46    7300.914555   5.003172E-01   9.426099E+14    1.31454E+35   1.147611503E+00  -6.478299E-01   1.148157871E+00
    47    7880.484375   4.128236E-01   7.565389E+14    9.14995E+34   1.326632904E+00  -6.022276E-01   1.372653250E+00
    48    8445.259721   3.420454E-01   6.123787E+14    6.14092E+34   1.487978434E+00  -5.585020E-01   1.586278893E+00
    49    8973.936235   2.931426E-01   5.169746E+14    3.93368E+34   1.630789400E+00  -5.189665E-01   1.782944584E+00
    50    9428.239628   2.496266E-01   4.350998E+14    2.43414E+34   1.746357767E+00  -4.863981E-01   1.946575859E+00
    51    9802.182908   2.108370E-01   3.642171E+14    1.46061E+34   1.833654550E+00  -4.607534E-01   2.072549993E+00
    52   10097.722922   1.762278E-01   3.023840E+14    8.54530E+33   1.895324402E+00  -4.413383E-01   2.162607751E+00
    53   10323.436033   1.453957E-01   2.482173E+14    4.90645E+33   1.936323392E+00  -4.270779E-01   2.222881965E+00
    54   10491.683685   1.182850E-01   2.011665E+14    2.78260E+33   1.962243347E+00  -4.167994E-01   2.261113707E+00
    55   10615.300054   9.577837E-02   1.624467E+14    1.56196E+33   1.978084213E+00  -4.094545E-01   2.284507259E+00
    56   10704.441840   8.154254E-02   1.380148E+14    8.65122E+32   1.987558583E+00  -4.042739E-01   2.298499893E+00
    57   10764.167560   6.511881E-02   1.099954E+14    4.62321E+32   1.993222529E+00  -4.008589E-01   2.306865930E+00
    58   10804.955976   4.660312E-02   7.859300E+13    2.66524E+32   1.996037716E+00  -3.985536E-01   2.311025211E+00
    59   10838.267657   3.274834E-02   5.517076E+13    1.54426E+32   1.997677011E+00  -3.966882E-01   2.313447000E+00
    60   10866.039507   2.299991E-02   3.870758E+13    8.94003E+31   1.998641644E+00  -3.951455E-01   2.314871683E+00
    61   10889.149525   1.610363E-02   2.707662E+13    5.17507E+31   1.999206976E+00  -3.938705E-01   2.315706479E+00
    62   10908.409081   1.125962E-02   1.891566E+13    2.99648E+31   1.999537462E+00  -3.928142E-01   2.316194409E+00
    63   10924.466633   7.835101E-03   1.315407E+13    1.73524E+31   1.999730435E+00  -3.919379E-01   2.316479297E+00
    64   10937.904523   5.380999E-03   9.031172E+12    1.00877E+31   1.999842389E+00  -3.912076E-01   2.316644518E+00
    65   10949.329671   3.572339E-03   5.992277E+12    5.93090E+30   1.999906834E+00  -3.905889E-01   2.316739606E+00
    66   10959.488441   2.170526E-03   3.639112E+12    3.60125E+30   1.999943138E+00  -3.900404E-01   2.316793169E+00
    67   10969.675457   1.246225E-03   2.088045E+12    2.19896E+30   1.999965094E+00  -3.894921E-01   2.316825563E+00
    68   10980.547662   6.785460E-04   1.135717E+12    1.38707E+30   1.999977867E+00  -3.889086E-01   2.316844413E+00
    69   10993.193660   3.933662E-04   6.580875E+11    8.58868E+29   1.999986222E+00  -3.882323E-01   2.316856746E+00
    70   11006.755305   1.967885E-04   3.288150E+11    5.82172E+29   1.999990623E+00  -3.875097E-01   2.316863246E+00
    71   11025.215783   1.276875E-04   2.132278E+11    3.46262E+29   1.999994404E+00  -3.865306E-01   2.316868829E+00
    72   11042.240529   8.354034E-05   1.393857E+11    2.03977E+29   1.999996704E+00  -3.856323E-01   2.316872224E+00
    73   11057.660401   5.421332E-05   9.035502E+10    1.21199E+29   1.999998052E+00  -3.848224E-01   2.316874215E+00
    74   11071.858762   3.617524E-05   6.027323E+10    7.14243E+28   1.999998869E+00  -3.840798E-01   2.316875420E+00
    75   11084.455193   2.341568E-05   3.898613E+10    4.22789E+28   1.999999350E+00  -3.834235E-01   2.316876131E+00
    76   11096.025521   1.569694E-05   2.612181E+10    2.48192E+28   1.999999640E+00  -3.828227E-01   2.316876558E+00
    77   11106.197582   1.025654E-05   1.705929E+10    1.47498E+28   1.999999808E+00  -3.822962E-01   2.316876806E+00
    78   11115.481805   6.697501E-06   1.114159E+10    8.77002E+27   1.999999908E+00  -3.818169E-01   2.316876954E+00
    79   11123.957040   4.493534E-06   7.470655E+09    5.14549E+27   1.999999969E+00  -3.813805E-01   2.316877044E+00
    80   11131.391597   2.982337E-06   4.956430E+09    3.02566E+27   2.000000005E+00  -3.809986E-01   2.316877097E+00
    81   11137.995313   1.990250E-06   3.306603E+09    1.78202E+27   2.000000026E+00  -3.806600E-01   2.316877128E+00
    82   11143.836649   1.336017E-06   2.219247E+09    1.04497E+27   2.000000039E+00  -3.803610E-01   2.316877147E+00
    83   11148.949079   8.971941E-07   1.490159E+09    6.12624E+26   2.000000046E+00  -3.800998E-01   2.316877158E+00
    84   11153.419457   5.724820E-07   9.504721E+08    3.63442E+26   2.000000050E+00  -3.798716E-01   2.316877164E+00
    85   11157.582768   3.849248E-07   6.389877E+08    2.12950E+26   2.000000053E+00  -3.796594E-01   2.316877168E+00
    86   11161.215728   2.589816E-07   4.299288E+08    1.24753E+26   2.000000055E+00  -3.794744E-01   2.316877170E+00
    87   11164.382336   1.710620E-07   2.839478E+08    7.32068E+25   2.000000055E+00  -3.793133E-01   2.316877171E+00
    88   11167.198475   1.146076E-07   1.902049E+08    4.30609E+25   2.000000056E+00  -3.791702E-01   2.316877172E+00
    89   11169.673398   7.735644E-08   1.283724E+08    2.51914E+25   2.000000056E+00  -3.790445E-01   2.316877173E+00
    90   11171.820225   5.236959E-08   8.688763E+07    1.47213E+25   2.000000056E+00  -3.789355E-01   2.316877173E+00
    91   11173.674951   3.550365E-08   5.889817E+07    8.60113E+24   2.000000057E+00  -3.788414E-01   2.316877173E+00
    92   11175.274441   2.413499E-08   4.004417E+07    5.01795E+24   2.000000057E+00  -3.787603E-01   2.316877173E+00
    93   11176.647597   1.646246E-08   2.731467E+07    2.92658E+24   2.000000057E+00  -3.786907E-01   2.316877173E+00
    94   11177.822152   1.125606E-08   1.867422E+07    1.70392E+24   2.000000057E+00  -3.786312E-01   2.316877173E+00
    95   11178.822762   7.732526E-09   1.282703E+07    9.91001E+23   2.000000057E+00  -3.785806E-01   2.316877173E+00
    96   11179.670254   5.320830E-09   8.825311E+06    5.75644E+23   2.000000057E+00  -3.785376E-01   2.316877173E+00
    97   11180.385936   3.598703E-09   5.968782E+06    3.37037E+23   2.000000057E+00  -3.785014E-01   2.316877173E+00
    98   11181.005633   2.503186E-09   4.151601E+06    1.95001E+23   2.000000057E+00  -3.784701E-01   2.316877173E+00
    99   11181.521206   1.741155E-09   2.887639E+06    1.12822E+23   2.000000057E+00  -3.784440E-01   2.316877173E+00
   100   11181.950135   1.220536E-09   2.024286E+06    6.51453E+22   2.000000057E+00  -3.784223E-01   2.316877173E+00
   101   11182.303482   8.574671E-10   1.422220E+06    3.75528E+22   2.000000057E+00  -3.784044E-01   2.316877173E+00
   102   11182.593424   6.031434E-10   1.000439E+06    2.16437E+22   2.000000057E+00  -3.783897E-01   2.316877173E+00
   103   11182.831006   4.274666E-10   7.089942E+05    1.24369E+22   2.000000057E+00  -3.783777E-01   2.316877173E+00
   104   11183.023658   3.029582E-10   5.024508E+05    7.14644E+21   2.000000057E+00  -3.783679E-01   2.316877173E+00
   105   11183.179874   2.154987E-10   3.573718E+05    4.10474E+21   2.000000057E+00  -3.783600E-01   2.316877173E+00
   106   11183.306032   1.538185E-10   2.550598E+05    2.35252E+21   2.000000057E+00  -3.783537E-01   2.316877173E+00
   107   11183.407343   1.097923E-10   1.820384E+05    1.34828E+21   2.000000057E+00  -3.783485E-01   2.316877173E+00
   108   11183.488700   7.873375E-11   1.305466E+05    7.71810E+20   2.000000057E+00  -3.783444E-01   2.316877173E+00
   109   11183.553643   5.654334E-11   9.376091E+04    4.41312E+20   2.000000057E+00  -3.783411E-01   2.316877173E+00
   110   11183.605347   4.060707E-11   6.734071E+04    2.52337E+20   2.000000057E+00  -3.783385E-01   2.316877173E+00
   111   11183.646510   2.931629E-11   4.861775E+04    1.44023E+20   2.000000057E+00  -3.783364E-01   2.316877173E+00
   112   11183.679052   2.117156E-11   3.511128E+04    8.21826E+19   2.000000057E+00  -3.783348E-01   2.316877173E+00
   113   11183.704765   1.530178E-11   2.537716E+04    4.68901E+19   2.000000057E+00  -3.783335E-01   2.316877173E+00
   114   11183.725063   1.112688E-11   1.845337E+04    2.66884E+19   2.000000057E+00  -3.783325E-01   2.316877173E+00
   115   11183.740951   8.091045E-12   1.341863E+04    1.51902E+19   2.000000057E+00  -3.783317E-01   2.316877173E+00
   116   11183.753387   5.886741E-12   9.763097E+03    8.64515E+18   2.000000057E+00  -3.783310E-01   2.316877173E+00
   117   11183.763114   4.290410E-12   7.116210E+03    4.91620E+18   2.000000057E+00  -3.783305E-01   2.316877173E+00
   118   11183.770704   3.126962E-12   5.186923E+03    2.79568E+18   2.000000057E+00  -3.783302E-01   2.316877173E+00
   119   11183.776625   2.279011E-12   3.780688E+03    1.58981E+18   2.000000057E+00  -3.783299E-01   2.316877173E+00
   120   11183.781244   1.661002E-12   2.755699E+03    9.04069E+17   2.000000057E+00  -3.783296E-01   2.316877173E+00
   121   11183.784849   1.210581E-12   2.008597E+03    5.14113E+17   2.000000057E+00  -3.783295E-01   2.316877173E+00
   122   11183.787660   8.823027E-13   1.464043E+03    2.92359E+17   2.000000057E+00  -3.783293E-01   2.316877173E+00
   123   11183.789854   6.490288E-13   1.077278E+03    1.66062E+17   2.000000057E+00  -3.783292E-01   2.316877173E+00
   124   11183.791548   4.898651E-13   8.138905E+02    9.31683E+16   2.000000057E+00  -3.783291E-01   2.316877173E+00
   125   11183.792805   3.697336E-13   6.148995E+02    5.22716E+16   2.000000057E+00  -3.783290E-01   2.316877173E+00
   126   11183.793739   2.790624E-13   4.645606E+02    2.93267E+16   2.000000057E+00  -3.783290E-01   2.316877173E+00
   127   11183.794433   2.106269E-13   3.509785E+02    1.64536E+16   2.000000057E+00  -3.783290E-01   2.316877173E+00
   128   11183.794948   1.589741E-13   2.651665E+02    9.23119E+15   2.000000057E+00  -3.783289E-01   2.316877173E+00
   129   11183.795330   1.206647E-13   2.013796E+02    5.17568E+15   2.000000057E+00  -3.783289E-01   2.316877173E+00
   130   11183.795612   9.341624E-14   1.557298E+02    2.87803E+15   2.000000057E+00  -3.783289E-01   2.316877173E+00
   131   11183.795815   7.232100E-14   1.204281E+02    1.60038E+15   2.000000057E+00  -3.783289E-01   2.316877173E+00
   132   11183.795961   5.598948E-14   9.312884E+01    8.89923E+14   2.000000057E+00  -3.783289E-01   2.316877173E+00
   133   11183.796066   4.334594E-14   7.201790E+01    4.94858E+14   2.000000057E+00  -3.783289E-01   2.316877173E+00
   134   11183.796142   3.355757E-14   5.569251E+01    2.75175E+14   2.000000057E+00  -3.783289E-01   2.316877173E+00
   135   11183.796196   2.606088E-14   4.320956E+01    1.52950E+14   2.000000057E+00  -3.783289E-01   2.316877173E+00
   136   11183.796235   2.049667E-14   3.397654E+01    8.45041E+13   2.000000057E+00  -3.783289E-01   2.316877173E+00
   137   11183.796262   1.612046E-14   2.671644E+01    4.66881E+13   2.000000057E+00  -3.783289E-01   2.316877173E+00
   138   11183.796282   1.267861E-14   2.100767E+01    2.57949E+13   2.000000057E+00  -3.783289E-01   2.316877173E+00
   139   11183.796295   9.971619E-15   1.651875E+01    1.42515E+13   2.000000057E+00  -3.783289E-01   2.316877173E+00
   140   11183.796305   9.049368E-15   1.499775E+01    7.44145E+12   2.000000057E+00  -3.783289E-01   2.316877173E+00
   141   11183.796310   8.246909E-15   1.367430E+01    3.87232E+12   2.000000057E+00  -3.783289E-01   2.316877173E+00
   142   11183.796313   7.515610E-15   1.246764E+01    2.01505E+12   2.000000057E+00  -3.783289E-01   2.316877173E+00
   143   11183.796315   6.849093E-15   1.136631E+01    1.04859E+12   2.000000057E+00  -3.783289E-01   2.316877173E+00
   144   11183.796316   6.241578E-15   1.035871E+01    5.45759E+11   2.000000057E+00  -3.783289E-01   2.316877173E+00
   145   11183.796316   5.687950E-15   9.440440E+00    2.84051E+11   2.000000057E+00  -3.783289E-01   2.316877173E+00
   146   11183.796317   5.183429E-15   8.603569E+00    1.47840E+11   2.000000057E+00  -3.783289E-01   2.316877173E+00
   147   11183.796317   4.891690E-15   8.119481E+00    7.65426E+10   2.000000057E+00  -3.783289E-01   2.316877173E+00
   148   11183.796317   4.846484E-15   8.044136E+00    3.84294E+10   2.000000057E+00  -3.783289E-01   2.316877173E+00
   149   11183.796317   4.801696E-15   7.969491E+00    1.92941E+10   2.000000057E+00  -3.783289E-01   2.316877173E+00
   150   11183.796317   4.759453E-15   7.899272E+00    9.68613E+09   2.000000057E+00  -3.783289E-01   2.316877173E+00
   151   11183.796317   4.750412E-15   7.887222E+00    4.84634E+09   2.000000057E+00  -3.783289E-01   2.316877173E+00
   152   11183.796317   4.741388E-15   7.875191E+00    2.42481E+09   2.000000057E+00  -3.783289E-01   2.316877173E+00
   153   11183.796317   4.732382E-15   7.863178E+00    1.21323E+09   2.000000057E+00  -3.783289E-01   2.316877173E+00
   154   11183.796317   4.723352E-15   7.846698E+00    6.07129E+08   2.000000057E+00  -3.783289E-01   2.316877173E+00
