       6     152      52      67

     EOS file :  BM165S_EOS_Cat_new.dat                                                

  step        radius       baryon#       density        pressure       encl. mass            phi     encl. bar. mass 
                (m)        (#/fm3)       (g/cm3)        (dyn/cm2)      (sol. mass)                     (sol. mass)   

     0       0.000000   4.606236E-01   8.571507E+14    1.11601E+35   0.000000000E+00  -4.688557E-01   0.000000000E+00
     1      10.000000   4.606232E-01   8.571497E+14    1.11600E+35   1.805138249E-09  -4.688554E-01   1.624600221E-09
     2      11.666665   4.606230E-01   8.571494E+14    1.11600E+35   2.866491247E-09  -4.688554E-01   2.579803863E-09
     3      13.611107   4.606229E-01   8.571491E+14    1.11600E+35   4.551878915E-09  -4.688553E-01   4.096630692E-09
     4      15.879621   4.606226E-01   8.571485E+14    1.11600E+35   7.228208687E-09  -4.688551E-01   6.505292976E-09
     5      18.526220   4.606223E-01   8.571478E+14    1.11600E+35   1.147811384E-08  -4.688550E-01   1.033015398E-08
     6      21.613916   4.606218E-01   8.571468E+14    1.11600E+35   1.822678983E-08  -4.688547E-01   1.640387971E-08
     7      25.216225   4.606212E-01   8.571455E+14    1.11600E+35   2.894340277E-08  -4.688544E-01   2.604870556E-08
     8      29.418912   4.606203E-01   8.571437E+14    1.11599E+35   4.596091249E-08  -4.688540E-01   4.136427632E-08
     9      34.322036   4.606192E-01   8.571412E+14    1.11599E+35   7.298392616E-08  -4.688534E-01   6.568471554E-08
    10      40.042332   4.606176E-01   8.571379E+14    1.11598E+35   1.158951219E-07  -4.688525E-01   1.043044131E-07
    11      46.715985   4.606155E-01   8.571333E+14    1.11597E+35   1.840357571E-07  -4.688514E-01   1.656305024E-07
    12      54.501872   4.606126E-01   8.571271E+14    1.11596E+35   2.922389314E-07  -4.688499E-01   2.630128501E-07
    13      63.585343   4.606086E-01   8.571187E+14    1.11594E+35   4.640580403E-07  -4.688479E-01   4.176497950E-07
    14      74.182624   4.606032E-01   8.571072E+14    1.11591E+35   7.368928043E-07  -4.688451E-01   6.632018809E-07
    15      86.545955   4.605959E-01   8.570915E+14    1.11588E+35   1.170127841E-06  -4.688412E-01   1.053117276E-06
    16     100.969583   4.605859E-01   8.570702E+14    1.11583E+35   1.858053454E-06  -4.688360E-01   1.672262064E-06
    17     117.796739   4.605723E-01   8.570413E+14    1.11577E+35   2.950376949E-06  -4.688290E-01   2.655383962E-06
    18     137.427770   4.605538E-01   8.570018E+14    1.11569E+35   4.684780014E-06  -4.688193E-01   4.216421731E-06
    19     160.329605   4.605286E-01   8.569481E+14    1.11557E+35   7.438588700E-06  -4.688062E-01   6.695025228E-06
    20     187.046770   4.604943E-01   8.568751E+14    1.11541E+35   1.181075881E-05  -4.687884E-01   1.063037951E-05
    21     218.214189   4.604476E-01   8.567756E+14    1.11520E+35   1.875192606E-05  -4.687642E-01   1.687833112E-05
    22     254.572038   4.603842E-01   8.566404E+14    1.11491E+35   2.977061941E-05  -4.687312E-01   2.679715625E-05
    23     296.982958   4.602978E-01   8.564563E+14    1.11451E+35   4.726006942E-05  -4.686862E-01   4.254207027E-05
    24     346.451933   4.601803E-01   8.562058E+14    1.11397E+35   7.501576333E-05  -4.686251E-01   6.753185408E-05
    25     404.149181   4.600204E-01   8.558652E+14    1.11324E+35   1.190542747E-04  -4.685420E-01   1.071875876E-04
    26     471.436366   4.598030E-01   8.554019E+14    1.11224E+35   1.889070084E-04  -4.684289E-01   1.701008765E-04
    27     549.896403   4.595074E-01   8.547721E+14    1.11089E+35   2.996605711E-04  -4.682751E-01   2.698784954E-04
    28     641.367013   4.591057E-01   8.539163E+14    1.10905E+35   4.751666124E-04  -4.680660E-01   4.280491153E-04
    29     747.977942   4.585600E-01   8.527540E+14    1.10655E+35   7.530741736E-04  -4.677819E-01   6.786307622E-04
    30     872.191363   4.578086E-01   8.511554E+14    1.10317E+35   1.192678923E-03  -4.673962E-01   1.075277304E-03
    31    1016.847481   4.567811E-01   8.489717E+14    1.09859E+35   1.887092718E-03  -4.668728E-01   1.702406845E-03
    32    1185.204066   4.553900E-01   8.460163E+14    1.09240E+35   2.981961363E-03  -4.661634E-01   2.692417975E-03
    33    1380.973445   4.535101E-01   8.420245E+14    1.08406E+35   4.703831702E-03  -4.652035E-01   4.252000656E-03
    34    1608.351641   4.509762E-01   8.366477E+14    1.07287E+35   7.402474753E-03  -4.639072E-01   6.701851647E-03
    35    1872.024510   4.475305E-01   8.293498E+14    1.05793E+35   1.161234014E-02  -4.621615E-01   1.053532242E-02
    36    2177.164412   4.428772E-01   8.195147E+14    1.03809E+35   1.813846455E-02  -4.598194E-01   1.650250048E-02
    37    2529.324305   4.366192E-01   8.063238E+14    1.01201E+35   2.817133275E-02  -4.566927E-01   2.572677553E-02
    38    2934.304853   4.282732E-01   7.887947E+14    9.78121E+34   4.342404212E-02  -4.525461E-01   3.985338675E-02
    39    3397.863689   4.174926E-01   7.662596E+14    9.34767E+34   6.627835048E-02  -4.470947E-01   6.122540471E-02
    40    3925.013739   4.048240E-01   7.399430E+14    8.80339E+34   9.993904169E-02  -4.400112E-01   9.309107470E-02
    41    4518.003185   3.889786E-01   7.072950E+14    8.13760E+34   1.482987260E-01  -4.309637E-01   1.395822217E-01
    42    5177.716777   3.695891E-01   6.677483E+14    7.34873E+34   2.156809319E-01  -4.196294E-01   2.056164105E-01
    43    5901.374881   3.481058E-01   6.244701E+14    6.44855E+34   3.062679669E-01  -4.057746E-01   2.964643090E-01
    44    6677.722164   3.281746E-01   5.849322E+14    5.45995E+34   4.236354123E-01  -3.893977E-01   4.172514437E-01
    45    7479.482636   3.054169E-01   5.405682E+14    4.43637E+34   5.664850745E-01  -3.709844E-01   5.685230611E-01
    46    8282.568830   2.801317E-01   4.922125E+14    3.43908E+34   7.292063401E-01  -3.512014E-01   7.462107895E-01
    47    9058.074569   2.529320E-01   4.412268E+14    2.53263E+34   9.010844436E-01  -3.310576E-01   9.398169082E-01
    48    9776.345286   2.246136E-01   3.891851E+14    1.76874E+34   1.068174372E+00  -3.117382E-01   1.133613257E+00
    49   10412.413127   1.960362E-01   3.376260E+14    1.17323E+34   1.217019917E+00  -2.943318E-01   1.310689008E+00
    50   10950.877217   1.680114E-01   2.878724E+14    7.42825E+33   1.338500584E+00  -2.795680E-01   1.458161659E+00
    51   11388.224435   1.412584E-01   2.410050E+14    4.52481E+33   1.429768050E+00  -2.676933E-01   1.570599849E+00
    52   11731.602231   1.165924E-01   1.982445E+14    2.67613E+33   1.493520265E+00  -2.585289E-01   1.649913777E+00
    53   11994.400321   9.540955E-02   1.618145E+14    1.54573E+33   1.535643236E+00  -2.516576E-01   1.702629767E+00
    54   12189.858030   8.162238E-02   1.381543E+14    8.73110E+32   1.562337309E+00  -2.466508E-01   1.736144899E+00
    55   12324.263500   6.598712E-02   1.114694E+14    4.72551E+32   1.579008271E+00  -2.432662E-01   1.757119918E+00
    56   12416.882551   4.745968E-02   8.004180E+13    2.74140E+32   1.587545703E+00  -2.409655E-01   1.767876713E+00
    57   12493.106274   3.344213E-02   5.634304E+13    1.59516E+32   1.592610972E+00  -2.390950E-01   1.774262402E+00
    58   12557.098478   2.353270E-02   3.960689E+13    9.26239E+31   1.595636581E+00  -2.375424E-01   1.778077051E+00
    59   12610.659429   1.650326E-02   2.775019E+13    5.37246E+31   1.597431933E+00  -2.362561E-01   1.780340701E+00
    60   12655.497125   1.155106E-02   1.940646E+13    3.11572E+31   1.598491674E+00  -2.351890E-01   1.781676808E+00
    61   12693.030731   8.052048E-03   1.351854E+13    1.80629E+31   1.599115673E+00  -2.343026E-01   1.782463543E+00
    62   12724.514177   5.548307E-03   9.312373E+12    1.05074E+31   1.599480226E+00  -2.335641E-01   1.782923044E+00
    63   12751.276240   3.719852E-03   6.239960E+12    6.17613E+30   1.599691416E+00  -2.329398E-01   1.783189181E+00
    64   12774.882966   2.261307E-03   3.791466E+12    3.75207E+30   1.599810678E+00  -2.323920E-01   1.783339470E+00
    65   12798.598712   1.315659E-03   2.204559E+12    2.28969E+30   1.599883233E+00  -2.318442E-01   1.783430897E+00
    66   12823.607067   7.150906E-04   1.197011E+12    1.44459E+30   1.599925518E+00  -2.312693E-01   1.783484195E+00
    67   12852.807425   4.121561E-04   6.895473E+11    8.97979E+29   1.599953129E+00  -2.306017E-01   1.783519008E+00
    68   12884.499442   2.058124E-04   3.438935E+11    6.09566E+29   1.599967847E+00  -2.298816E-01   1.783537574E+00
    69   12927.888608   1.330446E-04   2.221715E+11    3.63904E+29   1.599980552E+00  -2.289030E-01   1.783553599E+00
    70   12968.338478   8.738272E-05   1.458113E+11    2.15090E+29   1.599988366E+00  -2.279984E-01   1.783563451E+00
    71   13005.068787   5.671411E-05   9.452689E+10    1.27953E+29   1.599993005E+00  -2.271832E-01   1.783569300E+00
    72   13039.024599   3.775479E-05   6.290819E+10    7.56176E+28   1.599995826E+00  -2.264348E-01   1.783572858E+00
    73   13069.385980   2.438693E-05   4.060097E+10    4.46313E+28   1.599997516E+00  -2.257699E-01   1.783574988E+00
    74   13097.321469   1.636456E-05   2.723579E+10    2.62101E+28   1.599998531E+00  -2.251616E-01   1.783576267E+00
    75   13121.915573   1.069842E-05   1.779590E+10    1.55589E+28   1.599999123E+00  -2.246289E-01   1.783577014E+00
    76   13144.369623   6.966936E-06   1.158951E+10    9.24441E+27   1.599999478E+00  -2.241447E-01   1.783577460E+00
    77   13164.947143   4.675664E-06   7.773424E+09    5.42605E+27   1.599999693E+00  -2.237028E-01   1.783577732E+00
    78   13183.028923   3.107702E-06   5.165057E+09    3.18910E+27   1.599999821E+00  -2.233160E-01   1.783577892E+00
    79   13199.080927   2.070978E-06   3.440765E+09    1.87941E+27   1.599999896E+00  -2.229738E-01   1.783577986E+00
    80   13213.326906   1.390437E-06   2.309716E+09    1.10244E+27   1.599999940E+00  -2.226709E-01   1.783578043E+00
    81   13225.810904   9.339091E-07   1.551042E+09    6.46503E+26   1.599999967E+00  -2.224062E-01   1.783578076E+00
    82   13236.740009   5.932679E-07   9.849925E+08    3.81315E+26   1.599999982E+00  -2.221750E-01   1.783578095E+00
    83   13246.912362   3.989606E-07   6.622967E+08    2.23476E+26   1.599999991E+00  -2.219602E-01   1.783578107E+00
    84   13255.796721   2.684329E-07   4.456105E+08    1.30946E+26   1.599999997E+00  -2.217730E-01   1.783578114E+00
    85   13263.547576   1.782408E-07   2.958829E+08    7.68136E+25   1.600000000E+00  -2.216099E-01   1.783578118E+00
    86   13270.405585   1.189791E-07   1.974612E+08    4.53150E+25   1.600000002E+00  -2.214658E-01   1.783578120E+00
    87   13276.476142   8.029703E-08   1.332545E+08    2.65146E+25   1.600000003E+00  -2.213384E-01   1.783578122E+00
    88   13281.745945   5.436015E-08   9.019212E+07    1.54974E+25   1.600000004E+00  -2.212280E-01   1.783578122E+00
    89   13286.301429   3.683850E-08   6.111173E+07    9.05595E+24   1.600000004E+00  -2.211326E-01   1.783578123E+00
    90   13290.233728   2.504401E-08   4.155181E+07    5.28377E+24   1.600000004E+00  -2.210503E-01   1.783578123E+00
    91   13293.610719   1.707168E-08   2.832579E+07    3.08187E+24   1.600000004E+00  -2.209797E-01   1.783578123E+00
    92   13296.502059   1.167316E-08   1.936640E+07    1.79445E+24   1.600000004E+00  -2.209193E-01   1.783578123E+00
    93   13298.965817   8.015324E-09   1.329631E+07    1.04410E+24   1.600000004E+00  -2.208678E-01   1.783578123E+00
    94   13301.054829   5.515610E-09   9.148489E+06    6.06520E+23   1.600000004E+00  -2.208242E-01   1.783578123E+00
    95   13302.819257   3.721597E-09   6.172636E+06    3.54536E+23   1.600000004E+00  -2.207874E-01   1.783578123E+00
    96   13304.348403   2.588730E-09   4.293495E+06    2.05133E+23   1.600000004E+00  -2.207555E-01   1.783578123E+00
    97   13305.620784   1.800694E-09   2.986392E+06    1.18688E+23   1.600000004E+00  -2.207289E-01   1.783578124E+00
    98   13306.679453   1.261324E-09   2.091921E+06    6.85736E+22   1.600000004E+00  -2.207068E-01   1.783578124E+00
    99   13307.552837   8.861337E-10   1.469758E+06    3.95299E+22   1.600000004E+00  -2.206886E-01   1.783578124E+00
   100   13308.269557   6.227286E-10   1.032932E+06    2.27859E+22   1.600000004E+00  -2.206737E-01   1.783578124E+00
   101   13308.857487   4.413512E-10   7.320277E+05    1.30934E+22   1.600000004E+00  -2.206614E-01   1.783578124E+00
   102   13309.334255   3.128009E-10   5.187780E+05    7.52377E+21   1.600000004E+00  -2.206515E-01   1.783578124E+00
   103   13309.720869   2.223331E-10   3.687088E+05    4.32187E+21   1.600000004E+00  -2.206434E-01   1.783578124E+00
   104   13310.033365   1.586975E-10   2.631524E+05    2.47698E+21   1.600000004E+00  -2.206369E-01   1.783578124E+00
   105   13310.284322   1.132753E-10   1.878149E+05    1.41961E+21   1.600000004E+00  -2.206317E-01   1.783578124E+00
   106   13310.485855   8.119309E-11   1.346233E+05    8.12952E+20   1.600000004E+00  -2.206275E-01   1.783578124E+00
   107   13310.646871   5.830968E-11   9.668913E+04    4.64839E+20   1.600000004E+00  -2.206241E-01   1.783578124E+00
   108   13310.775064   4.187566E-11   6.944395E+04    2.65790E+20   1.600000004E+00  -2.206215E-01   1.783578124E+00
   109   13310.877123   3.021895E-11   5.011461E+04    1.51752E+20   1.600000004E+00  -2.206194E-01   1.783578124E+00
   110   13310.957870   2.182346E-11   3.619234E+04    8.65928E+19   1.600000004E+00  -2.206177E-01   1.783578124E+00
   111   13311.021672   1.576146E-11   2.613950E+04    4.94105E+19   1.600000004E+00  -2.206163E-01   1.783578124E+00
   112   13311.072079   1.146115E-11   1.900773E+04    2.81229E+19   1.600000004E+00  -2.206153E-01   1.783578124E+00
   113   13311.111534   8.334117E-12   1.382175E+04    1.60067E+19   1.600000004E+00  -2.206145E-01   1.783578124E+00
   114   13311.142417   6.062124E-12   1.005389E+04    9.11012E+18   1.600000004E+00  -2.206138E-01   1.783578124E+00
   115   13311.166581   4.418235E-12   7.328165E+03    5.18062E+18   1.600000004E+00  -2.206133E-01   1.783578124E+00
   116   13311.185434   3.220125E-12   5.341417E+03    2.94604E+18   1.600000004E+00  -2.206129E-01   1.783578124E+00
   117   13311.200142   2.346911E-12   3.893297E+03    1.67532E+18   1.600000004E+00  -2.206126E-01   1.783578124E+00
   118   13311.211617   1.710490E-12   2.837779E+03    9.52695E+17   1.600000004E+00  -2.206124E-01   1.783578124E+00
   119   13311.220570   1.246649E-12   2.068424E+03    5.41765E+17   1.600000004E+00  -2.206122E-01   1.783578124E+00
   120   13311.227555   9.085900E-13   1.507650E+03    3.08083E+17   1.600000004E+00  -2.206121E-01   1.783578124E+00
   121   13311.233005   6.659309E-13   1.105234E+03    1.75068E+17   1.600000004E+00  -2.206119E-01   1.783578124E+00
   122   13311.237229   5.026222E-13   8.350111E+02    9.82210E+16   1.600000004E+00  -2.206118E-01   1.783578124E+00
   123   13311.240366   3.793623E-13   6.308563E+02    5.51064E+16   1.600000004E+00  -2.206118E-01   1.783578124E+00
   124   13311.242695   2.863298E-13   4.766160E+02    3.09171E+16   1.600000004E+00  -2.206117E-01   1.783578124E+00
   125   13311.244425   2.161121E-13   3.600865E+02    1.73459E+16   1.600000004E+00  -2.206117E-01   1.783578124E+00
   126   13311.245710   1.631141E-13   2.720477E+02    9.73182E+15   1.600000004E+00  -2.206117E-01   1.783578124E+00
   127   13311.246664   1.234913E-13   2.061177E+02    5.45789E+15   1.600000004E+00  -2.206117E-01   1.783578124E+00
   128   13311.247370   9.560452E-14   1.593939E+02    3.03496E+15   1.600000004E+00  -2.206116E-01   1.783578124E+00
   129   13311.247878   7.401512E-14   1.232616E+02    1.68765E+15   1.600000004E+00  -2.206116E-01   1.783578124E+00
   130   13311.248243   5.730104E-14   9.532004E+01    9.38447E+14   1.600000004E+00  -2.206116E-01   1.783578124E+00
   131   13311.248505   4.436133E-14   7.371239E+01    5.21841E+14   1.600000004E+00  -2.206116E-01   1.783578124E+00
   132   13311.248694   3.434366E-14   5.700288E+01    2.90179E+14   1.600000004E+00  -2.206116E-01   1.783578124E+00
   133   13311.248830   2.662921E-14   4.415272E+01    1.61323E+14   1.600000004E+00  -2.206116E-01   1.783578124E+00
   134   13311.248927   2.094365E-14   3.471817E+01    8.91298E+13   1.600000004E+00  -2.206116E-01   1.783578124E+00
   135   13311.248996   1.647201E-14   2.729959E+01    4.92437E+13   1.600000004E+00  -2.206116E-01   1.783578124E+00
   136   13311.249044   1.295510E-14   2.146622E+01    2.72069E+13   1.600000004E+00  -2.206116E-01   1.783578124E+00
   137   13311.249078   1.018908E-14   1.687932E+01    1.50316E+13   1.600000004E+00  -2.206116E-01   1.783578124E+00
   138   13311.249101   9.131237E-15   1.513274E+01    7.92817E+12   1.600000004E+00  -2.206116E-01   1.783578124E+00
   139   13311.249115   8.321519E-15   1.379738E+01    4.12560E+12   1.600000004E+00  -2.206116E-01   1.783578124E+00
   140   13311.249123   7.583603E-15   1.257985E+01    2.14684E+12   1.600000004E+00  -2.206116E-01   1.783578124E+00
   141   13311.249128   6.911086E-15   1.146912E+01    1.11717E+12   1.600000004E+00  -2.206116E-01   1.783578124E+00
   142   13311.249130   6.298072E-15   1.045241E+01    5.81451E+11   1.600000004E+00  -2.206116E-01   1.783578124E+00
   143   13311.249132   5.739433E-15   9.525834E+00    3.02627E+11   1.600000004E+00  -2.206116E-01   1.783578124E+00
   144   13311.249133   5.230345E-15   8.681393E+00    1.57508E+11   1.600000004E+00  -2.206116E-01   1.783578124E+00
   145   13311.249133   4.895948E-15   8.126579E+00    8.16489E+10   1.600000004E+00  -2.206116E-01   1.783578124E+00
   146   13311.249134   4.850703E-15   8.051169E+00    4.09931E+10   1.600000004E+00  -2.206116E-01   1.783578124E+00
   147   13311.249134   4.805876E-15   7.976458E+00    2.05812E+10   1.600000004E+00  -2.206116E-01   1.783578124E+00
   148   13311.249134   4.761464E-15   7.902440E+00    1.03331E+10   1.600000004E+00  -2.206116E-01   1.783578124E+00
   149   13311.249134   4.751258E-15   7.888350E+00    5.17117E+09   1.600000004E+00  -2.206116E-01   1.783578124E+00
   150   13311.249134   4.742233E-15   7.876317E+00    2.58733E+09   1.600000004E+00  -2.206116E-01   1.783578124E+00
   151   13311.249134   4.733225E-15   7.864302E+00    1.29454E+09   1.600000004E+00  -2.206116E-01   1.783578124E+00
   152   13311.249134   4.724198E-15   7.848391E+00    6.47782E+08   1.600000004E+00  -2.206116E-01   1.783578124E+00
