       6     151      51      66

     EOS file :  BM165S_EOS_Cat_new.dat                                                

  step        radius       baryon#       density        pressure       encl. mass            phi     encl. bar. mass 
                (m)        (#/fm3)       (g/cm3)        (dyn/cm2)      (sol. mass)                     (sol. mass)   

     0       0.000000   3.213347E-01   5.715123E+14    5.13995E+34   0.000000000E+00  -3.158662E-01   0.000000000E+00
     1      10.000000   3.213346E-01   5.715120E+14    5.13995E+34   1.203591480E-09  -3.158661E-01   1.133334583E-09
     2      11.666665   3.213345E-01   5.715119E+14    5.13994E+34   1.911257925E-09  -3.158661E-01   1.799692696E-09
     3      13.611107   3.213344E-01   5.715117E+14    5.13994E+34   3.035005170E-09  -3.158660E-01   2.857843991E-09
     4      15.879622   3.213343E-01   5.715115E+14    5.13994E+34   4.819472318E-09  -3.158659E-01   4.538147527E-09
     5      18.526221   3.213342E-01   5.715113E+14    5.13993E+34   7.653136043E-09  -3.158658E-01   7.206403998E-09
     6      21.613917   3.213340E-01   5.715109E+14    5.13992E+34   1.215288041E-08  -3.158657E-01   1.144348930E-08
     7      25.216226   3.213338E-01   5.715105E+14    5.13991E+34   1.929828905E-08  -3.158655E-01   1.817180837E-08
     8      29.418912   3.213335E-01   5.715098E+14    5.13990E+34   3.064489279E-08  -3.158652E-01   2.885609645E-08
     9      34.322037   3.213330E-01   5.715090E+14    5.13988E+34   4.866279166E-08  -3.158649E-01   4.582227799E-08
    10      40.042332   3.213324E-01   5.715078E+14    5.13985E+34   7.727435836E-08  -3.158644E-01   7.276378982E-08
    11      46.715984   3.213316E-01   5.715062E+14    5.13981E+34   1.227080573E-07  -3.158637E-01   1.155455754E-07
    12      54.501869   3.213305E-01   5.715040E+14    5.13976E+34   1.948542037E-07  -3.158628E-01   1.834807373E-07
    13      63.585337   3.213289E-01   5.715010E+14    5.13969E+34   3.094177001E-07  -3.158615E-01   2.913576824E-07
    14      74.182612   3.213268E-01   5.714969E+14    5.13959E+34   4.913361565E-07  -3.158598E-01   4.626588696E-07
    15      86.545934   3.213240E-01   5.714913E+14    5.13946E+34   7.802069953E-07  -3.158575E-01   7.346714487E-07
    16     100.969547   3.213202E-01   5.714838E+14    5.13928E+34   1.238903883E-06  -3.158544E-01   1.166601439E-06
    17     117.796678   3.213149E-01   5.714735E+14    5.13904E+34   1.967255829E-06  -3.158501E-01   1.852455878E-06
    18     137.427669   3.213078E-01   5.714595E+14    5.13871E+34   3.123761569E-06  -3.158443E-01   2.941493005E-06
    19     160.329441   3.212980E-01   5.714405E+14    5.13826E+34   4.960054973E-06  -3.158364E-01   4.670683007E-06
    20     187.046505   3.212848E-01   5.714146E+14    5.13766E+34   7.875599746E-06  -3.158256E-01   7.416225568E-06
    21     218.213761   3.212668E-01   5.713794E+14    5.13683E+34   1.250446680E-05  -3.158110E-01   1.177529535E-05
    22     254.571352   3.212422E-01   5.713314E+14    5.13570E+34   1.985296981E-05  -3.157910E-01   1.869571580E-05
    23     296.981859   3.212089E-01   5.712661E+14    5.13416E+34   3.151787187E-05  -3.157639E-01   2.968158493E-05
    24     346.450175   3.211635E-01   5.711773E+14    5.13207E+34   5.003212640E-05  -3.157269E-01   4.711917194E-05
    25     404.146372   3.211017E-01   5.710564E+14    5.12923E+34   7.941225426E-05  -3.156767E-01   7.479307079E-05
    26     471.431875   3.210176E-01   5.708920E+14    5.12537E+34   1.260240071E-04  -3.156083E-01   1.187029024E-04
    27     549.889217   3.209033E-01   5.706684E+14    5.12012E+34   1.999493570E-04  -3.155153E-01   1.883538905E-04
    28     641.355501   3.207477E-01   5.703642E+14    5.11298E+34   3.171407555E-04  -3.153889E-01   2.987926439E-04
    29     747.959461   3.205363E-01   5.699508E+14    5.10329E+34   5.028066233E-04  -3.152171E-01   4.738106414E-04
    30     872.161604   3.202491E-01   5.693891E+14    5.09013E+34   7.967114744E-04  -3.149838E-01   7.509684185E-04
    31    1016.796153   3.198589E-01   5.686262E+14    5.07231E+34   1.261429978E-03  -3.146671E-01   1.189439222E-03
    32    1185.112349   3.193301E-01   5.675931E+14    5.04818E+34   1.995108809E-03  -3.142377E-01   1.882177451E-03
    33    1380.810135   3.186141E-01   5.661952E+14    5.01560E+34   3.151000923E-03  -3.136564E-01   2.974630510E-03
    34    1608.064455   3.176448E-01   5.643035E+14    4.97171E+34   4.966934110E-03  -3.128709E-01   4.693158596E-03
    35    1871.525625   3.163372E-01   5.617544E+14    4.91282E+34   7.808916452E-03  -3.118120E-01   7.387476820E-03
    36    2176.273711   3.145772E-01   5.583268E+14    4.83421E+34   1.223377046E-02  -3.103898E-01   1.159243310E-02
    37    2527.708128   3.122193E-01   5.537429E+14    4.72997E+34   1.907531777E-02  -3.084885E-01   1.811474753E-02
    38    2931.320294   3.090772E-01   5.476488E+14    4.59301E+34   2.955506878E-02  -3.059628E-01   2.814794542E-02
    39    3392.307950   3.049178E-01   5.396041E+14    4.41526E+34   4.540853256E-02  -3.026359E-01   4.341095599E-02
    40    3914.966256   2.994656E-01   5.291004E+14    4.18826E+34   6.899723467E-02  -2.983033E-01   6.628723129E-02
    41    4501.777784   2.924028E-01   5.155604E+14    3.90448E+34   1.033381713E-01  -2.927450E-01   9.990431556E-02
    42    5152.198414   2.833944E-01   4.983988E+14    3.55939E+34   1.519335802E-01  -2.857538E-01   1.480400144E-01
    43    5861.169601   2.721240E-01   4.770947E+14    3.15433E+34   2.182417474E-01  -2.771819E-01   2.146795944E-01
    44    6617.610181   2.583505E-01   4.513025E+14    2.69951E+34   3.046639957E-01  -2.670084E-01   3.030422539E-01
    45    7403.379766   2.419776E-01   4.209757E+14    2.21578E+34   4.111236526E-01  -2.554124E-01   4.140487527E-01
    46    8193.464960   2.231191E-01   3.864658E+14    1.73336E+34   5.337164033E-01  -2.428230E-01   5.446183850E-01
    47    8958.146569   2.021323E-01   3.485501E+14    1.28628E+34   6.643241784E-01  -2.299029E-01   6.867534644E-01
    48    9667.368168   1.796020E-01   3.083607E+14    9.03766E+33   7.920053179E-01  -2.174367E-01   8.285558992E-01
    49   10296.385271   1.562762E-01   2.672450E+14    6.02359E+33   9.060302752E-01  -2.061449E-01   9.574475418E-01
    50   10830.603317   1.330157E-01   2.266715E+14    3.83001E+33   9.991201226E-01  -1.965076E-01   1.064163820E+00
    51   11267.309431   1.110519E-01   1.886913E+14    2.34195E+33   1.069107445E+00  -1.886882E-01   1.145220115E+00
    52   11612.478765   9.163277E-02   1.553446E+14    1.38610E+33   1.118262785E+00  -1.826017E-01   1.202534578E+00
    53   11875.976938   8.080451E-02   1.367254E+14    7.94314E+32   1.151072418E+00  -1.780413E-01   1.240947527E+00
    54   12055.938925   6.336509E-02   1.070187E+14    4.41928E+32   1.171751252E+00  -1.749779E-01   1.265227423E+00
    55   12188.132317   4.564573E-02   7.697374E+13    2.58103E+32   1.182997858E+00  -1.727605E-01   1.278456840E+00
    56   12298.127617   3.225488E-02   5.433702E+13    1.50842E+32   1.189796966E+00  -1.709426E-01   1.286461101E+00
    57   12391.095567   2.274245E-02   3.827301E+13    8.78570E+31   1.193917493E+00  -1.694279E-01   1.291313336E+00
    58   12469.345533   1.596723E-02   2.684672E+13    5.10828E+31   1.196390909E+00  -1.681699E-01   1.294226414E+00
    59   12535.187877   1.118771E-02   1.879457E+13    2.96730E+31   1.197865838E+00  -1.671239E-01   1.295963580E+00
    60   12590.517697   7.796005E-03   1.308838E+13    1.72254E+31   1.198741131E+00  -1.662541E-01   1.296994554E+00
    61   12637.134738   5.358931E-03   8.994083E+12    1.00326E+31   1.199255804E+00  -1.655277E-01   1.297600595E+00
    62   12677.001820   3.558198E-03   5.968535E+12    5.90739E+30   1.199555395E+00  -1.649114E-01   1.297953315E+00
    63   12712.646305   2.164205E-03   3.628505E+12    3.59075E+30   1.199725819E+00  -1.643641E-01   1.298153956E+00
    64   12748.523767   1.243081E-03   2.082770E+12    2.19483E+30   1.199829763E+00  -1.638169E-01   1.298276329E+00
    65   12786.983612   6.776568E-04   1.134226E+12    1.38567E+30   1.199890771E+00  -1.632343E-01   1.298348173E+00
    66   12831.883362   3.933775E-04   6.581063E+11    8.58894E+29   1.199931050E+00  -1.625594E-01   1.298395620E+00
    67   12880.246645   1.969749E-04   3.291264E+11    5.82737E+29   1.199952488E+00  -1.618386E-01   1.298420884E+00
    68   12946.414960   1.279956E-04   2.137420E+11    3.47272E+29   1.199971130E+00  -1.608629E-01   1.298442852E+00
    69   13007.888342   8.395216E-05   1.400753E+11    2.05190E+29   1.199982627E+00  -1.599670E-01   1.298456395E+00
    70   13063.950402   5.455266E-05   9.092110E+10    1.22112E+29   1.199989485E+00  -1.591587E-01   1.298464474E+00
    71   13115.885949   3.642823E-05   6.069526E+10    7.20919E+28   1.199993690E+00  -1.584171E-01   1.298469428E+00
    72   13162.259213   2.359272E-05   3.928048E+10    4.27053E+28   1.199996202E+00  -1.577609E-01   1.298472387E+00
    73   13205.067229   1.584655E-05   2.637084E+10    2.50982E+28   1.199997730E+00  -1.571600E-01   1.298474186E+00
    74   13242.837157   1.035857E-05   1.722937E+10    1.49358E+28   1.199998624E+00  -1.566335E-01   1.298475238E+00
    75   13277.476254   6.764117E-06   1.125234E+10    8.88672E+27   1.199999162E+00  -1.561539E-01   1.298475872E+00
    76   13309.232407   4.541315E-06   7.550085E+09    5.21873E+27   1.199999492E+00  -1.557168E-01   1.298476260E+00
    77   13337.186422   3.016856E-06   5.013874E+09    3.07048E+27   1.199999688E+00  -1.553340E-01   1.298476490E+00
    78   13362.078239   2.013694E-06   3.345564E+09    1.81017E+27   1.199999803E+00  -1.549948E-01   1.298476626E+00
    79   13384.169629   1.352374E-06   2.246440E+09    1.06216E+27   1.199999872E+00  -1.546949E-01   1.298476708E+00
    80   13403.551554   9.085538E-07   1.508997E+09    6.23057E+26   1.199999913E+00  -1.544328E-01   1.298476756E+00
    81   13420.536085   5.790974E-07   9.614586E+08    3.69107E+26   1.199999937E+00  -1.542039E-01   1.298476784E+00
    82   13436.375832   3.895039E-07   6.465921E+08    2.16370E+26   1.199999951E+00  -1.539910E-01   1.298476801E+00
    83   13450.221899   2.621351E-07   4.351612E+08    1.26811E+26   1.199999960E+00  -1.538054E-01   1.298476811E+00
    84   13462.309568   1.734959E-07   2.879942E+08    7.44268E+25   1.199999965E+00  -1.536437E-01   1.298476817E+00
    85   13473.052414   1.161136E-07   1.927048E+08    4.38340E+25   1.199999968E+00  -1.535003E-01   1.298476820E+00
    86   13482.526226   7.837896E-08   1.300703E+08    2.56511E+25   1.199999969E+00  -1.533741E-01   1.298476822E+00
    87   13490.753752   5.307115E-08   8.805226E+07    1.49936E+25   1.199999971E+00  -1.532646E-01   1.298476823E+00
    88   13497.868247   3.597861E-08   5.968579E+07    8.76220E+24   1.199999971E+00  -1.531701E-01   1.298476824E+00
    89   13504.009716   2.446104E-08   4.058494E+07    5.11285E+24   1.199999971E+00  -1.530886E-01   1.298476824E+00
    90   13509.285709   1.668209E-08   2.767920E+07    2.98229E+24   1.199999972E+00  -1.530187E-01   1.298476825E+00
    91   13513.802309   1.140732E-08   1.892523E+07    1.73659E+24   1.199999972E+00  -1.529588E-01   1.298476825E+00
    92   13517.651948   7.835603E-09   1.299807E+07    1.01026E+24   1.199999972E+00  -1.529079E-01   1.298476825E+00
    93   13520.914938   5.392121E-09   8.943597E+06    5.86886E+23   1.199999972E+00  -1.528647E-01   1.298476825E+00
    94   13523.671438   3.643880E-09   6.043720E+06    3.43435E+23   1.199999972E+00  -1.528283E-01   1.298476825E+00
    95   13526.059630   2.534732E-09   4.203928E+06    1.98718E+23   1.199999972E+00  -1.527967E-01   1.298476825E+00
    96   13528.047078   1.763169E-09   2.924152E+06    1.14979E+23   1.199999972E+00  -1.527705E-01   1.298476825E+00
    97   13529.700897   1.235653E-09   2.049354E+06    6.64086E+22   1.199999972E+00  -1.527486E-01   1.298476825E+00
    98   13531.064238   8.681110E-10   1.439871E+06    3.82827E+22   1.199999972E+00  -1.527306E-01   1.298476825E+00
    99   13532.183114   6.104282E-10   1.012525E+06    2.20659E+22   1.199999972E+00  -1.527158E-01   1.298476825E+00
   100   13533.100404   4.326373E-10   7.175720E+05    1.26799E+22   1.199999972E+00  -1.527037E-01   1.298476825E+00
   101   13533.844298   3.066273E-10   5.085371E+05    7.28624E+21   1.199999972E+00  -1.526939E-01   1.298476825E+00
   102   13534.447553   2.180490E-10   3.616023E+05    4.18525E+21   1.199999972E+00  -1.526860E-01   1.298476825E+00
   103   13534.934920   1.556403E-10   2.580815E+05    2.39869E+21   1.199999972E+00  -1.526795E-01   1.298476825E+00
   104   13535.326322   1.110935E-10   1.841965E+05    1.37476E+21   1.199999972E+00  -1.526744E-01   1.298476825E+00
   105   13535.640647   7.965307E-11   1.320705E+05    7.87087E+20   1.199999972E+00  -1.526702E-01   1.298476825E+00
   106   13535.891649   5.720383E-11   9.485586E+04    4.50051E+20   1.199999972E+00  -1.526669E-01   1.298476825E+00
   107   13536.091486   4.108156E-11   6.812739E+04    2.57336E+20   1.199999972E+00  -1.526643E-01   1.298476825E+00
   108   13536.250587   2.965403E-11   4.917782E+04    1.46895E+20   1.199999972E+00  -1.526622E-01   1.298476825E+00
   109   13536.376406   2.141552E-11   3.551583E+04    8.38217E+19   1.199999972E+00  -1.526605E-01   1.298476825E+00
   110   13536.475821   1.547386E-11   2.566254E+04    4.78269E+19   1.199999972E+00  -1.526592E-01   1.298476825E+00
   111   13536.554326   1.125203E-11   1.866092E+04    2.72216E+19   1.199999972E+00  -1.526582E-01   1.298476825E+00
   112   13536.615774   8.182058E-12   1.356957E+04    1.54937E+19   1.199999972E+00  -1.526574E-01   1.298476825E+00
   113   13536.663872   5.952418E-12   9.871993E+03    8.81801E+18   1.199999972E+00  -1.526567E-01   1.298476825E+00
   114   13536.701499   4.338280E-12   7.195587E+03    5.01451E+18   1.199999972E+00  -1.526562E-01   1.298476825E+00
   115   13536.730856   3.161853E-12   5.244783E+03    2.85159E+18   1.199999972E+00  -1.526558E-01   1.298476825E+00
   116   13536.753759   2.304441E-12   3.822863E+03    1.62160E+18   1.199999972E+00  -1.526555E-01   1.298476825E+00
   117   13536.771629   1.679537E-12   2.786441E+03    9.22150E+17   1.199999972E+00  -1.526553E-01   1.298476825E+00
   118   13536.785570   1.224090E-12   2.031005E+03    5.24395E+17   1.199999972E+00  -1.526551E-01   1.298476825E+00
   119   13536.796446   8.921485E-13   1.480376E+03    2.98206E+17   1.199999972E+00  -1.526550E-01   1.298476825E+00
   120   13536.804932   6.553668E-13   1.087761E+03    1.69411E+17   1.199999972E+00  -1.526549E-01   1.298476825E+00
   121   13536.811493   4.946488E-13   8.218107E+02    9.50470E+16   1.199999972E+00  -1.526548E-01   1.298476825E+00
   122   13536.816365   3.733442E-13   6.208833E+02    5.33256E+16   1.199999972E+00  -1.526547E-01   1.298476825E+00
   123   13536.819983   2.817876E-13   4.690814E+02    2.99180E+16   1.199999972E+00  -1.526547E-01   1.298476825E+00
   124   13536.822670   2.126838E-13   3.543940E+02    1.67854E+16   1.199999972E+00  -1.526546E-01   1.298476825E+00
   125   13536.824665   1.605266E-13   2.677470E+02    9.41733E+15   1.199999972E+00  -1.526546E-01   1.298476825E+00
   126   13536.826147   1.217255E-13   2.031577E+02    5.28060E+15   1.199999972E+00  -1.526546E-01   1.298476825E+00
   127   13536.827242   9.423749E-14   1.571049E+02    2.93638E+15   1.199999972E+00  -1.526546E-01   1.298476825E+00
   128   13536.828029   7.295680E-14   1.214915E+02    1.63283E+15   1.199999972E+00  -1.526546E-01   1.298476825E+00
   129   13536.828595   5.648170E-14   9.395117E+01    9.07963E+14   1.199999972E+00  -1.526546E-01   1.298476825E+00
   130   13536.829003   4.372701E-14   7.265382E+01    5.04890E+14   1.199999972E+00  -1.526546E-01   1.298476825E+00
   131   13536.829295   3.385259E-14   5.618427E+01    2.80753E+14   1.199999972E+00  -1.526546E-01   1.298476825E+00
   132   13536.829506   2.627428E-14   4.356370E+01    1.56063E+14   1.199999972E+00  -1.526545E-01   1.298476825E+00
   133   13536.829657   2.066450E-14   3.425501E+01    8.62238E+13   1.199999972E+00  -1.526545E-01   1.298476825E+00
   134   13536.829763   1.625246E-14   2.693540E+01    4.76382E+13   1.199999972E+00  -1.526545E-01   1.298476825E+00
   135   13536.829837   1.278242E-14   2.117985E+01    2.63198E+13   1.199999972E+00  -1.526545E-01   1.298476825E+00
   136   13536.829890   1.005327E-14   1.665414E+01    1.45416E+13   1.199999972E+00  -1.526545E-01   1.298476825E+00
   137   13536.829926   9.080264E-15   1.504870E+01    7.62203E+12   1.199999972E+00  -1.526545E-01   1.298476825E+00
   138   13536.829948   8.275066E-15   1.372075E+01    3.96629E+12   1.199999972E+00  -1.526545E-01   1.298476825E+00
   139   13536.829960   7.541269E-15   1.250999E+01    2.06395E+12   1.199999972E+00  -1.526545E-01   1.298476825E+00
   140   13536.829967   6.872488E-15   1.140511E+01    1.07403E+12   1.199999972E+00  -1.526545E-01   1.298476825E+00
   141   13536.829971   6.262898E-15   1.039407E+01    5.59001E+11   1.199999972E+00  -1.526545E-01   1.298476825E+00
   142   13536.829973   5.707379E-15   9.472666E+00    2.90943E+11   1.199999972E+00  -1.526545E-01   1.298476825E+00
   143   13536.829974   5.201134E-15   8.632938E+00    1.51427E+11   1.199999972E+00  -1.526545E-01   1.298476825E+00
   144   13536.829975   4.893301E-15   8.122167E+00    7.84364E+10   1.199999972E+00  -1.526545E-01   1.298476825E+00
   145   13536.829976   4.848081E-15   8.046797E+00    3.93802E+10   1.199999972E+00  -1.526545E-01   1.298476825E+00
   146   13536.829976   4.803278E-15   7.972127E+00    1.97715E+10   1.199999972E+00  -1.526545E-01   1.298476825E+00
   147   13536.829976   4.759773E-15   7.899698E+00    9.92625E+09   1.199999972E+00  -1.526545E-01   1.298476825E+00
   148   13536.829976   4.750732E-15   7.887648E+00    4.96648E+09   1.199999972E+00  -1.526545E-01   1.298476825E+00
   149   13536.829976   4.741707E-15   7.875616E+00    2.48492E+09   1.199999972E+00  -1.526545E-01   1.298476825E+00
   150   13536.829976   4.732700E-15   7.863602E+00    1.24330E+09   1.199999972E+00  -1.526545E-01   1.298476825E+00
   151   13536.829976   4.723672E-15   7.847337E+00    6.22165E+08   1.199999972E+00  -1.526545E-01   1.298476825E+00
