   -9.949999999999999      -4.587764677745389    
   -9.900000000000000      -4.566050241291535    
   -9.850000000000000      -4.544335819587564    
   -9.800000000000001      -4.522621413385182    
   -9.750000000000000      -4.500907023479424    
   -9.699999999999999      -4.479192650714258    
   -9.650000000000000      -4.457478295951208    
   -9.600000000000000      -4.435763960128226    
   -9.550000000000001      -4.414049644215505    
   -9.500000000000000      -4.392335349222077    
   -9.449999999999999      -4.370621076234427    
   -9.400000000000000      -4.348906826373923    
   -9.350000000000000      -4.327192600821103    
   -9.300000000000001      -4.305478400832477    
   -9.250000000000000      -4.283764227710535    
   -9.199999999999999      -4.262050082836916    
   -9.150000000000000      -4.240335967659906    
   -9.100000000000000      -4.218621883699680    
   -9.050000000000001      -4.196907832556092    
   -9.000000000000000      -4.175193815915671    
   -8.949999999999999      -4.153479835539770    
   -8.900000000000000      -4.131765893294951    
   -8.850000000000000      -4.110051991133480    
   -8.800000000000001      -4.088338131107254    
   -8.750000000000000      -4.066624315379692    
   -8.699999999999999      -4.044910546216467    
   -8.650000000000000      -4.023196826011060    
   -8.600000000000000      -4.001483157270814    
   -8.550000000000001      -3.979769542629580    
   -8.500000000000000      -3.958055984865378    
   -8.449999999999999      -3.936342486892168    
   -8.400000000000000      -3.914629051773485    
   -8.350000000000000      -3.892915682732635    
   -8.300000000000001      -3.871202383155390    
   -8.250000000000000      -3.849489156600860    
   -8.199999999999999      -3.827776006814562    
   -8.150000000000000      -3.806062937728499    
   -8.100000000000000      -3.784349953479669    
   -8.050000000000001      -3.762637058415311    
   -8.000000000000000      -3.740924257108309    
   -7.950000000000000      -3.719211554359745    
   -7.900000000000000      -3.697498955223961    
   -7.850000000000000      -3.675786465008285    
   -7.800000000000000      -3.654074089296167    
   -7.750000000000000      -3.632361833952654    
   -7.700000000000000      -3.610649705148177    
   -7.650000000000000      -3.588937709363951    
   -7.600000000000000      -3.567225853417991    
   -7.550000000000000      -3.545514144473811    
   -7.500000000000000      -3.523802590063400    
   -7.450000000000000      -3.502091198104170    
   -7.400000000000000      -3.480379976917990    
   -7.350000000000000      -3.458668935253806    
   -7.300000000000000      -3.436958082307347    
   -7.250000000000000      -3.415247427746230    
   -7.200000000000000      -3.393536981731315    
   -7.150000000000000      -3.371826754945300    
   -7.100000000000000      -3.350116758615570    
   -7.050000000000000      -3.328407004544923    
   -7.000000000000000      -3.306697505139443    
   -6.950000000000000      -3.284988273440285    
   -6.900000000000000      -3.263279323154911    
   -6.850000000000000      -3.241570668692439    
   -6.800000000000000      -3.219862325198092    
   -6.750000000000000      -3.198154308591459    
   -6.700000000000000      -3.176446635606008    
   -6.650000000000000      -3.154739323829941    
   -6.600000000000000      -3.133032391750919    
   -6.550000000000000      -3.111325858800427    
   -6.500000000000000      -3.089619745402563    
   -6.450000000000000      -3.067914073024607    
   -6.400000000000000      -3.046208864229705    
   -6.350000000000000      -3.024504142733044    
   -6.300000000000000      -3.002799933459531    
   -6.250000000000000      -2.981096262607045    
   -6.200000000000000      -2.959393157708109    
   -6.150000000000000      -2.937690647700662    
   -6.100000000000000      -2.915988762997506    
   -6.050000000000000      -2.894287535561562    
   -6.000000000000000      -2.872586998983949    
   -5.950000000000000      -2.850887188567440    
   -5.900000000000000      -2.829188141411912    
   -5.850000000000000      -2.807489896505996    
   -5.800000000000000      -2.785792494821901    
   -5.750000000000000      -2.764095979415774    
   -5.700000000000000      -2.742400395532927    
   -5.650000000000000      -2.720705790717819    
   -5.600000000000000      -2.699012214929906    
   -5.550000000000000      -2.677319720665602    
   -5.500000000000000      -2.655628363084979    
   -5.450000000000000      -2.633938200145644    
   -5.400000000000000      -2.612249292743592    
   -5.350000000000000      -2.590561704859496    
   -5.300000000000000      -2.568875503713742    
   -5.250000000000000      -2.547190759927617    
   -5.200000000000000      -2.525507547693300    
   -5.150000000000000      -2.503825944951930    
   -5.100000000000000      -2.482146033579575    
   -5.050000000000000      -2.460467899583020    
   -5.000000000000000      -2.438791633304451    
   -4.950000000000000      -2.417117329635947    
   -4.900000000000000      -2.395445088244261    
   -4.850000000000000      -2.373775013806430    
   -4.800000000000000      -2.352107216255880    
   -4.750000000000000      -2.330441811040918    
   -4.700000000000000      -2.308778919394550    
   -4.650000000000000      -2.287118668617390    
   -4.600000000000000      -2.265461192373329    
   -4.550000000000000      -2.243806630998780    
   -4.500000000000000      -2.222155131826273    
   -4.450000000000000      -2.200506849522676    
   -4.400000000000000      -2.178861946442377    
   -4.350000000000000      -2.157220592996657    
   -4.300000000000000      -2.135582968039182    
   -4.250000000000000      -2.113949259268715    
   -4.200000000000000      -2.092319663649050    
   -4.150000000000000      -2.070694387847518    
   -4.100000000000000      -2.049073648691889    
   -4.050000000000000      -2.027457673646943    
   -4.000000000000000      -2.005846701310705    
   -3.950000000000000      -1.984240981931451    
   -3.900000000000000      -1.962640777945674    
   -3.850000000000000      -1.941046364537745    
   -3.800000000000000      -1.919458030221782    
   -3.750000000000000      -1.897876077446230    
   -3.700000000000000      -1.876300823221623    
   -3.650000000000000      -1.854732599771976    
   -3.600000000000000      -1.833171755210196    
   -3.550000000000000      -1.811618654237866    
   -3.500000000000000      -1.790073678869734    
   -3.450000000000000      -1.768537229182984    
   -3.400000000000000      -1.747009724091637    
   -3.350000000000000      -1.725491602145911    
   -3.300000000000000      -1.703983322356564    
   -3.250000000000000      -1.682485365044195    
   -3.200000000000000      -1.660998232712969    
   -3.150000000000000      -1.639522450948391    
   -3.100000000000000      -1.618058569338694    
   -3.050000000000000      -1.596607162418837    
   -3.000000000000000      -1.575168830636256    
   -2.950000000000000      -1.553744201337265    
   -2.900000000000000      -1.532333929772514    
   -2.850000000000000      -1.510938700120044    
   -2.800000000000000      -1.489559226523904    
   -2.750000000000000      -1.468196254146163    
   -2.700000000000000      -1.446850560229796    
   -2.650000000000000      -1.425522955169545    
   -2.600000000000000      -1.404214283587655    
   -2.550000000000000      -1.382925425410785    
   -2.500000000000000      -1.361657296944184    
   -2.450000000000000      -1.340410851938728    
   -2.400000000000000      -1.319187082646004    
   -2.350000000000000      -1.297987020856125    
   -2.300000000000000      -1.276811738912556    
   -2.250000000000000      -1.255662350697762    
   -2.200000000000000      -1.234540012582886    
   -2.150000000000000      -1.213445924334386    
   -2.100000000000000      -1.192381329969782    
   -2.050000000000000      -1.171347518554516    
   -2.000000000000000      -1.150345824931122    
   -1.949999999999999      -1.129377630371707    
   -1.900000000000000      -1.108444363144183    
   -1.850000000000000      -1.087547498982305    
   -1.800000000000001      -1.066688561449274    
   -1.750000000000000      -1.045869122184323    
   -1.699999999999999      -1.025090801021475    
   -1.650000000000000      -1.004355265969540    
   -1.600000000000000     -0.9836642330422857    
   -1.550000000000001     -0.9630194659278326    
   -1.500000000000000     -0.9424227754863603    
   -1.449999999999999     -0.9218760190655571    
   -1.400000000000000     -0.9013810996235838    
   -1.350000000000000     -0.8809399646498850    
   -1.300000000000001     -0.8605546048748388    
   -1.250000000000000     -0.8402270527601098    
   -1.199999999999999     -0.8199593807625447    
   -1.150000000000000     -0.7997536993656508    
   -1.100000000000000     -0.7796121548740321    
   -1.050000000000001     -0.7595369269676667    
   -1.000000000000000     -0.7395302260145730    
  -0.9499999999999993     -0.7195942901422706    
  -0.9000000000000004     -0.6997313820703779    
  -0.8499999999999996     -0.6799437857087813    
  -0.8000000000000007     -0.6602338025280400    
  -0.7500000000000000     -0.6406037477109275    
  -0.6999999999999993     -0.6210559460963846    
  -0.6500000000000004     -0.6015927279294682    
  -0.5999999999999996     -0.5822164244332735    
  -0.5500000000000007     -0.5629293632210710    
  -0.5000000000000000     -0.5437338635691138    
  -0.4499999999999993     -0.5246322315726855    
  -0.4000000000000004     -0.5056267552098491    
  -0.3499999999999996     -0.4867196993390986    
  -0.3000000000000007     -0.4679133006586090    
  -0.2500000000000000     -0.4492097626559725    
  -0.1999999999999993     -0.4306112505782493    
  -0.1500000000000004     -0.4121198864527118    
  -9.9999999999999645E-02 -0.3937377441889489    
  -5.0000000000000711E-02 -0.3754668447928406    
   0.0000000000000000E+00 -0.3573091517224475    
   5.0000000000000711E-02 -0.3392665664150133    
   9.9999999999999645E-02 -0.3213409240130685    
   0.1500000000000004     -0.3035339893160613    
   0.1999999999999993     -0.2858474529821208    
   0.2500000000000000     -0.2682829280023258    
   0.3000000000000007     -0.2508419464675054    
   0.3499999999999996     -0.2335259566449052    
   0.4000000000000004     -0.2163363203792762    
   0.4499999999999993     -0.1992743108299751    
   0.5000000000000000     -0.1823411105526498    
   0.5500000000000007     -0.1655378099310160    
   0.5999999999999996     -0.1488654059611821    
   0.6500000000000004     -0.1323248013879752    
   0.6999999999999993     -0.1159168041898526    
   0.7500000000000000     -9.9642127406185360E-02
   0.8000000000000007     -8.3501389298171788E-02
   0.8499999999999996     -6.7495113832210407E-02
   0.9000000000000004     -5.1623731472446484E-02
   0.9499999999999993     -3.5887580267294182E-02
    1.000000000000000     -2.0286907213078742E-02
    1.050000000000001     -4.8218698765979656E-03
    1.100000000000000      1.0507461742734316E-02
    1.150000000000000      2.5701103131314702E-02
    1.199999999999999      4.0759152981074097E-02
    1.250000000000000      5.5681790731572998E-02
    1.300000000000001      7.0469273955598696E-02
    1.350000000000000      8.5121935609297525E-02
    1.400000000000000      9.9640181167523156E-02
    1.449999999999999      0.1140244856645809    
    1.500000000000000      0.1282753906598907    
    1.550000000000001      0.1423935011472728    
    1.600000000000000      0.1563794824256661    
    1.650000000000000      0.1702340569480694    
    1.699999999999999      0.1839580011644201    
    1.750000000000000      0.1975521423730146    
    1.800000000000001      0.2110173555938860    
    1.850000000000000      0.2243545604764081    
    1.900000000000000      0.2375647182521988    
    1.949999999999999      0.2506488287432338    
    2.000000000000000      0.2636079274339543    
    2.050000000000001      0.2764430826150270    
    2.100000000000000      0.2891553926053679    
    2.150000000000000      0.3017459830580208    
    2.199999999999999      0.3142160043545126    
    2.250000000000000      0.3265666290914281    
    2.300000000000001      0.3387990496620799    
    2.350000000000000      0.3509144759353932    
    2.400000000000000      0.3629141330333984    
    2.449999999999999      0.3747992592080689    
    2.500000000000000      0.3865711038176705    
    2.550000000000001      0.3982309254022280    
    2.600000000000000      0.4097799898572725    
    2.650000000000000      0.4212195687045960    
    2.699999999999999      0.4325509374583772    
    2.750000000000000      0.4437753740847434    
    2.800000000000001      0.4548941575525378    
    2.850000000000000      0.4659085664728613    
    2.900000000000000      0.4768198778247600    
    2.949999999999999      0.4876293657642732    
    3.000000000000000      0.4983383005139622    
    3.050000000000001      0.5089479473299251    
    3.100000000000000      0.5194595655432752    
    3.150000000000000      0.5298744076730001    
    3.199999999999999      0.5401937186071158    
    3.250000000000000      0.5504187348490460    
    3.300000000000001      0.5605506838261582    
    3.350000000000000      0.5705907832574446    
    3.400000000000000      0.5805402405773776    
    3.449999999999999      0.5904002524130256    
    3.500000000000000      0.6001720041115971    
    3.550000000000001      0.6098566693156381    
    3.600000000000000      0.6194554095832121    
    3.650000000000000      0.6289693740504607    
    3.699999999999999      0.6383996991340404    
    3.750000000000000      0.6477475082710281    
    3.800000000000001      0.6570139116939721    
    3.850000000000000      0.6662000062388701    
    3.900000000000000      0.6753068751839477    
    3.949999999999999      0.6843355881171989    
    4.000000000000000      0.6932872008307589    
    4.050000000000001      0.7021627552402568    
    4.100000000000000      0.7109632793273947    
    4.150000000000000      0.7196897871040885    
    4.199999999999999      0.7283432785965868    
    4.250000000000000      0.7369247398480748    
    4.300000000000001      0.7454351429383427    
    4.350000000000000      0.7538754460191878    
    4.400000000000000      0.7622465933642847    
    4.449999999999999      0.7705495154323335    
    4.500000000000000      0.7787851289423710    
    4.550000000000001      0.7869543369601864    
    4.600000000000000      0.7950580289948577    
    4.650000000000000      0.8030970811044778    
    4.699999999999999      0.8110723560101977    
    4.750000000000000      0.8189847032177789    
    4.800000000000001      0.8268349591458825    
    4.850000000000000      0.8346239472603910    
    4.900000000000000      0.8423524782140925    
    4.949999999999999      0.8500213499911049    
    5.000000000000000      0.8576313480554668    
    5.050000000000001      0.8651832455033500    
    5.100000000000000      0.8726778032183972    
    5.150000000000000      0.8801157700297186    
    5.199999999999999      0.8874978828721116    
    5.250000000000000      0.8948248669481106    
    5.300000000000001      0.9020974358914887    
    5.350000000000000      0.9093162919318738    
    5.400000000000000      0.9164821260601624    
    5.449999999999999      0.9235956181944347    
    5.500000000000000      0.9306574373461094    
    5.550000000000001      0.9376682417860870    
    5.600000000000000      0.9446286792106532    
    5.650000000000000      0.9515393869069435    
    5.699999999999999      0.9584009919177656    
    5.750000000000000      0.9652141112056211    
    5.800000000000001      0.9719793518157577    
    5.850000000000000      0.9786973110381135    
    5.900000000000000      0.9853685765680258    
    5.949999999999999      0.9919937266655804    
    6.000000000000000      0.9985733303135053    
    6.050000000000001       1.005107947373505    
    6.100000000000001       1.011598128740960    
    6.149999999999999       1.018044416497909    
    6.199999999999999       1.024447344064257    
    6.250000000000000       1.030807436347133    
    6.300000000000001       1.037125209888381    
    6.350000000000001       1.043401173010096    
    6.399999999999999       1.049635825958210    
    6.449999999999999       1.055829661044074    
    6.500000000000000       1.061983162784006    
    6.550000000000001       1.068096808036810    
    6.600000000000001       1.074171066139227    
    6.649999999999999       1.080206399039310    
    6.699999999999999       1.086203261427731    
    6.750000000000000       1.092162100866998    
    6.800000000000001       1.098083357918590    
    6.850000000000001       1.103967466268019    
    6.899999999999999       1.109814852847806    
    6.949999999999999       1.115625937958403    
    7.000000000000000       1.121401135387051    
    7.050000000000001       1.127140852524600    
    7.100000000000001       1.132845490480298    
    7.149999999999999       1.138515444194566    
    7.199999999999999       1.144151102549780    
    7.250000000000000       1.149752848479083    
    7.300000000000001       1.155321059073227    
    7.350000000000001       1.160856105685498    
    7.399999999999999       1.166358354034720    
    7.449999999999999       1.171828164306371    
    7.500000000000000       1.177265891251837    
    7.550000000000001       1.182671884285830    
    7.600000000000001       1.188046487581985    
    7.649999999999999       1.193390040166671    
    7.699999999999999       1.198702876011048    
    7.750000000000000       1.203985324121371    
    7.800000000000001       1.209237708627601    
    7.850000000000001       1.214460348870327    
    7.899999999999999       1.219653559486032    
    7.949999999999999       1.224817650490731    
    8.000000000000000       1.229952927362014    
    8.050000000000001       1.235059691119500    
    8.100000000000001       1.240138238403765    
    8.149999999999999       1.245188861553730    
    8.199999999999999       1.250211848682571    
    8.250000000000000       1.255207483752150    
    8.300000000000001       1.260176046646016    
    8.350000000000001       1.265117813240987    
    8.399999999999999       1.270033055477345    
    8.449999999999999       1.274922041427668    
    8.500000000000000       1.279785035364331    
    8.550000000000001       1.284622297825686    
    8.600000000000001       1.289434085680967    
    8.649999999999999       1.294220652193925    
    8.699999999999999       1.298982247085231    
    8.750000000000000       1.303719116593661    
    8.800000000000001       1.308431503536098    
    8.850000000000001       1.313119647366362    
    8.899999999999999       1.317783784232898    
    8.949999999999999       1.322424147035347    
    9.000000000000000       1.327040965480017    
    9.050000000000001       1.331634466134274    
    9.100000000000001       1.336204872479883    
    9.149999999999999       1.340752404965312    
    9.199999999999999       1.345277281057031    
    9.250000000000000       1.349779715289807    
    9.300000000000001       1.354259919316032    
    9.350000000000001       1.358718101954106    
    9.399999999999999       1.363154469235874    
    9.449999999999999       1.367569224453159    
    9.500000000000000       1.371962568203396    
    9.550000000000001       1.376334698434389    
    9.600000000000001       1.380685810488208    
    9.649999999999999       1.385016097144248    
    9.699999999999999       1.389325748661464    
    9.750000000000000       1.393614952819793    
    9.800000000000001       1.397883894960793    
    9.850000000000001       1.402132758027501    
    9.899999999999999       1.406361722603543    
    9.949999999999999       1.410570966951487    
    10.00000000000000       1.414760667050484    
