# n(0)    ,pr(0)       ,e(0)      ,mu(0),     Mass ,  B_Mass,   R   ,R_qc   DM/M^2 
  1.386095694  1528.92874  2358.888432  2800   2.290015343  2.681067063  10.63873075  0 0.0745688449
  1.383619702  1523.19101  2351.972864  2795.847778   2.290863659  2.682474244  10.64301014  0 0.07462011873
  1.381143709  1517.453281  2345.057296  2791.695556   2.291697756  2.683857066  10.64730207  0 0.07467029203
  1.378667717  1511.715551  2338.141728  2787.543333   2.29253151  2.685239731  10.65160803  0 0.07472043055
  1.376191725  1505.977822  2331.226159  2783.391111   2.293383053  2.686651626  10.65591994  0 0.07477149173
  1.373715733  1500.240093  2324.310591  2779.238889   2.294228833  2.688054268  10.6602473  0 0.07482216922
  1.371239741  1494.502363  2317.395023  2775.086667   2.295071546  2.689451552  10.66458681  0 0.07487251664
  1.368763748  1488.764634  2310.479455  2770.934444   2.295922504  2.69086272  10.66893718  0 0.07492330203
  1.366287756  1483.026904  2303.563887  2766.782222   2.296756281  2.692244851  10.67330197  0 0.07497286562
  1.363811764  1477.289175  2296.648319  2762.63   2.297593266  2.693632564  10.67768038  0 0.0750225777
  1.361335772  1471.551445  2289.73275  2758.477778   2.298447963  2.695049597  10.68206582  0 0.0750732379
  1.358859779  1465.813716  2282.817182  2754.325556   2.299291796  2.696448304  10.68646664  0 0.07512310055
  1.356383787  1460.075986  2275.901614  2750.173333   2.300137788  2.697850771  10.69088082  0 0.07517303111
  1.353907795  1454.338257  2268.986046  2746.021111   2.300983331  2.699252399  10.69530781  0 0.07522282372
  1.351431803  1448.600528  2262.070478  2741.868889   2.301826655  2.700650186  10.69974786  0 0.07527236197
  1.348955811  1442.862798  2255.15491  2737.716667   2.302670968  2.702049659  10.70420076  0 0.07532187424
  1.346479818  1437.125069  2248.239342  2733.564444   2.303519564  2.703456113  10.70866594  0 0.07537152189
  1.344003826  1431.387339  2241.323773  2729.412222   2.304364775  2.704856705  10.71314431  0 0.07542083112
  1.341527834  1425.64961  2234.408205  2725.26   2.305206823  2.706252363  10.71763898  0 0.07546992134
  1.339051842  1419.91188  2227.492637  2721.107778   2.30605538  2.707658412  10.72214414  0 0.07551922372
  1.336575849  1414.174151  2220.577069  2716.955556   2.306902602  2.709062273  10.7266639  0 0.07556836029
  1.334099857  1408.436422  2213.661501  2712.803333   2.307745559  2.710458925  10.73119816  0 0.07561713102
  1.331623865  1402.698692  2206.745933  2708.651111   2.308596493  2.711868929  10.73574546  0 0.07566629597
  1.329147873  1396.960963  2199.830364  2704.498889   2.309438681  2.713264164  10.74030767  0 0.07571481222
  1.32667188  1391.223233  2192.914796  2700.346667   2.310288994  2.714672864  10.74488262  0 0.0757637053
  1.324195888  1385.485504  2185.999228  2696.194444   2.311137445  2.716078536  10.74947314  0 0.07581240971
  1.321719896  1379.747774  2179.08366  2692.042222   2.311983767  2.717480465  10.75407849  0 0.07586085985
  1.319243904  1374.010045  2172.168092  2687.89   2.31283321  2.718887561  10.75869735  0 0.07590939654
  1.31677104  1368.576486  2165.565648  2683.737778   2.313679097  2.720289356  10.76333364  0 0.075957749
  1.31430024  1363.343502  2159.169684  2679.585556   2.314526067  2.721691572  10.76797659  0 0.07600581579
  1.31182944  1358.110518  2152.77372  2675.433333   2.315371387  2.723091707  10.77263345  0 0.07605382002
  1.30935864  1352.877533  2146.377755  2671.281111   2.316219725  2.72449668  10.77730068  0 0.07610187483
  1.30688784  1347.644549  2139.981791  2667.128889   2.317065033  2.725896802  10.7819817  0 0.07614969871
  1.30441704  1342.411565  2133.585827  2662.976667   2.317913026  2.72730147  10.78667398  0 0.07619760254
  1.30194624  1337.178581  2127.189862  2658.824444   2.318759574  2.728703025  10.79137563  0 0.0762452007
  1.29947544  1331.945596  2120.793898  2654.672222   2.319601214  2.730096767  10.79609145  0 0.07629249225
  1.297004639  1326.712612  2114.397934  2650.52   2.320450122  2.731502646  10.80081869  0 0.07634012081
  1.294533839  1321.479628  2108.001969  2646.367778   2.32129437  2.732900484  10.805558  0 0.07638733892
  1.292063039  1316.246644  2101.606005  2642.215556   2.322144534  2.734308418  10.81030891  0 0.07643485375
  1.289592239  1311.013659  2095.210041  2638.063333   2.322981693  2.735694589  10.81507488  0 0.07648151199
  1.287121439  1305.780675  2088.814076  2633.911111   2.323825295  2.737091186  10.8198502  0 0.07652839637
  1.284650639  1300.547691  2082.418112  2629.758889   2.32466545  2.738481971  10.82463923  0 0.07657498186
  1.282179839  1295.314706  2076.022148  2625.606667   2.325516606  2.739891117  10.82943924  0 0.07662211628
  1.279709038  1290.081722  2069.626183  2621.454444   2.32635268  2.741274956  10.83425405  0 0.07666826588
  1.277238238  1284.848738  2063.230219  2617.302222   2.327191591  2.742663571  10.83908124  0 0.07671450042
  1.274767438  1279.615754  2056.834255  2613.15   2.328032952  2.744056424  10.84392294  0 0.07676081685
  1.272296638  1274.382769  2050.43829  2608.997778   2.328873194  2.74544701  10.84877574  0 0.07680690845
  1.269825838  1269.149785  2044.042326  2604.845556   2.329713699  2.746837573  10.85363999  0 0.0768528435
  1.267355038  1263.916801  2037.646362  2600.693333   2.330553349  2.748227259  10.85852013  0 0.07689874469
  1.264884238  1258.683816  2031.250397  2596.541111   2.331394719  2.749619285  10.86341122  0 0.07694456036
  1.262413438  1253.450832  2024.854433  2592.388889   2.332227384  2.750996839  10.86831776  0 0.07698980441
  1.259942637  1248.217848  2018.458469  2588.236667   2.333068311  2.75238811  10.87323719  0 0.07703542079
  1.257471837  1242.984864  2012.062504  2584.084444   2.333905899  2.75377374  10.87817042  0 0.07708074949
  1.255001037  1237.751879  2005.66654  2579.932222   2.33473796  2.755149889  10.8831182  0 0.07712563297
  1.252530237  1232.518895  1999.270576  2575.78   2.335576516  2.756537235  10.88808015  0 0.07717086577
  1.250059437  1227.285911  1992.874611  2571.627778   2.336411146  2.757917215  10.89305436  0 0.07721564313
  1.247588637  1222.052926  1986.478647  2567.475556   2.337241384  2.759289967  10.89804383  0 0.07726010798
  1.245117837  1216.819942  1980.082683  2563.323333   2.338084791  2.760684871  10.90304692  0 0.07730526286
  1.242647036  1211.586958  1973.686718  2559.171111   2.338909865  2.76204881  10.9080666  0 0.07734923592
  1.240176236  1206.353974  1967.290754  2555.018889   2.339744793  2.76342921  10.91309978  0 0.07739368276
  1.237705436  1201.120989  1960.89479  2550.866667   2.340572157  2.764796618  10.91814673  0 0.07743755594
  1.235234636  1195.888005  1954.498825  2546.714444   2.341407195  2.76617695  10.9232095  0 0.07748179769
  1.232763836  1190.655021  1948.102861  2542.562222   2.34224011  2.767553431  10.92828614  0 0.07752578235
  1.230293036  1185.422037  1941.706896  2538.41   2.343067284  2.76892045  10.93338005  0 0.07756938719
  1.227822236  1180.189052  1935.310932  2534.257778   2.343895729  2.770289192  10.93848787  0 0.07761290925
  1.225351436  1174.956068  1928.914968  2530.105556   2.344724299  2.771658437  10.94361321  0 0.07765641083
  1.222880635  1169.723084  1922.519003  2525.953333   2.345550975  2.773023908  10.94875232  0 0.0776996155
  1.220409835  1164.490099  1916.123039  2521.801111   2.346376516  2.774387493  10.95390767  0 0.07774267874
  1.217939035  1159.257115  1909.727075  2517.648889   2.347200432  2.775748189  10.95907872  0 0.07778554037
  1.215468235  1154.024131  1903.33111  2513.496667   2.348029524  2.77711722  10.96426408  0 0.07782855275
  1.212997435  1148.791147  1896.935146  2509.344444   2.348851925  2.778475334  10.96946908  0 0.07787116269
  1.210526635  1143.558162  1890.539182  2505.192222   2.349675076  2.77983448  10.9746893  0 0.07791369502
  1.208055835  1138.325178  1884.143217  2501.04   2.350498717  2.781194359  10.97992677  0 0.07795616039
  1.205585034  1133.092194  1877.747253  2496.887778   2.351320206  2.782550412  10.98518103  0 0.07799838709
  1.203114234  1127.859209  1871.351289  2492.735556   2.352144112  2.78391028  10.99045055  0 0.07804062803
  1.200646111  1122.927634  1865.262731  2488.583333   2.35296855  2.785271039  10.99573721  0 0.07808282027
  1.198179403  1118.15533  1859.336615  2484.431111   2.353782554  2.786614274  11.00103837  0 0.0781243471
  1.195712695  1113.383026  1853.410499  2480.278889   2.354599462  2.787962248  11.00635151  0 0.07816593625
  1.193245987  1108.610722  1847.484383  2476.126667   2.355416965  2.789311449  11.01167965  0 0.07820752297
  1.190779279  1103.838418  1841.558267  2471.974444   2.356227459  2.790648675  11.01702154  0 0.0782486045
  1.18831257  1099.066114  1835.632151  2467.822222   2.357043488  2.791994889  11.02237391  0 0.07828986495
  1.185845862  1094.29381  1829.706034  2463.67   2.357854376  2.793332518  11.02774144  0 0.07833077143
  1.183379154  1089.521506  1823.779918  2459.517778   2.358666675  2.794672357  11.03312193  0 0.07837165299
  1.180912446  1084.749203  1817.853802  2455.365556   2.3594744  2.796004543  11.03851735  0 0.07841221083
  1.178445737  1079.976899  1811.927686  2451.213333   2.36027997  2.797333376  11.04392862  0 0.07845262286
  1.175979029  1075.204595  1806.00157  2447.061111   2.361080282  2.798652792  11.04935105  0 0.07849256496
  1.173512321  1070.432291  1800.075454  2442.908889   2.361886915  2.79998298  11.05478916  0 0.07853281255
  1.171045613  1065.659987  1794.149338  2438.756667   2.362687848  2.801303377  11.06024114  0 0.07857263344
  1.168578904  1060.887683  1788.223222  2434.604444   2.36349309  2.802630592  11.06570544  0 0.07861254462
  1.166112196  1056.115379  1782.297106  2430.452222   2.364285784  2.80393729  11.07118849  0 0.0786517922
  1.163645488  1051.343075  1776.37099  2426.3   2.365087329  2.805258342  11.07668333  0 0.07869136471
  1.16117878  1046.570771  1770.444873  2422.147778   2.36588666  2.806575632  11.08219372  0 0.07873073605
  1.158712072  1041.798468  1764.518757  2417.995556   2.366673443  2.807871828  11.08772006  0 0.07876934592
  1.156245363  1037.026164  1758.592641  2413.843333   2.367465664  2.809177023  11.0932606  0 0.07880816031
  1.153778655  1032.25386  1752.666525  2409.691111   2.36825643  2.810479676  11.09881686  0 0.07884680839
  1.151311947  1027.481556  1746.740409  2405.538889   2.369046202  2.811780365  11.10438801  0 0.07888528036
  1.148845239  1022.709252  1740.814293  2401.386667   2.369833375  2.813076956  11.10997552  0 0.07892358996
  1.14637853  1017.936948  1734.888177  2397.234444   2.370617124  2.814367057  11.11557727  0 0.07896151388
  1.143911822  1013.164644  1728.962061  2393.082222   2.371399031  2.815654167  11.1211958  0 0.07899928877
  1.141445114  1008.39234  1723.035945  2388.93   2.372181949  2.816942922  11.12682973  0 0.07903704212
  1.138978406  1003.620037  1717.109829  2384.777778   2.372962909  2.818228249  11.13248013  0 0.07907459765
  1.136511698  998.8477326  1711.183712  2380.625556   2.373732895  2.819495063  11.13814778  0 0.07911148024
  1.134044989  994.0754287  1705.257596  2376.473333   2.374511737  2.820776447  11.14383062  0 0.07914872134
  1.131578281  989.3031248  1699.33148  2372.321111   2.375277486  2.822036342  11.14953373  0 0.07918528161
  1.129111573  984.530821  1693.405364  2368.168889   2.376043591  2.823295973  11.15524994  0 0.07922164461
  1.126644865  979.7585171  1687.479248  2364.016667   2.376814421  2.824563729  11.16098441  0 0.0792582311
  1.124178156  974.9862132  1681.553132  2359.864444   2.377581647  2.825824957  11.1667348  0 0.07929447667
  1.121711448  970.2139093  1675.627016  2355.712222   2.378343626  2.82707747  11.17250349  0 0.0793303958
  1.11924474  965.4416054  1669.7009  2351.56   2.379103117  2.82832578  11.17829122  0 0.07936611587
  1.116778032  960.6693015  1663.774784  2347.407778   2.379861487  2.829571925  11.18409479  0 0.07940166441
  1.114311324  955.8969976  1657.848667  2343.255556   2.380612339  2.83080557  11.18991873  0 0.07943677429
  1.111844615  951.1246938  1651.922551  2339.103333   2.381369  2.832048316  11.19575777  0 0.07947201686
  1.109377907  946.3523899  1645.996435  2334.951111   2.382119394  2.833280803  11.20161726  0 0.07950691349
  1.106911199  941.580086  1640.070319  2330.798889   2.382871531  2.834515927  11.20749426  0 0.07954179157
  1.104444491  936.8077821  1634.144203  2326.646667   2.383614231  2.835735194  11.21339106  0 0.07957610976
  1.101977782  932.0354782  1628.218087  2322.494444   2.384357309  2.836955359  11.21930768  0 0.07961043617
  1.099511074  927.2631743  1622.291971  2318.342222   2.385099541  2.838173061  11.22524155  0 0.07964447652
  1.097044366  922.4908704  1616.365855  2314.19   2.38583841  2.839385521  11.23119538  0 0.07967835381
  1.09457865  918.042431  1610.76645  2310.037778   2.386574275  2.84059286  11.23716818  0 0.07971200278
  1.092113228  913.6900721  1605.263969  2305.885556   2.387307462  2.841795644  11.24315545  0 0.07974544472
  1.089647806  909.3377133  1599.761489  2301.733333   2.388034053  2.842987433  11.24915881  0 0.07977849962
  1.087182384  904.9853544  1594.259009  2297.581111   2.388759511  2.844177167  11.25517647  0 0.07981141416
  1.084716962  900.6329955  1588.756529  2293.428889   2.389492098  2.845379268  11.26120902  0 0.0798447146
  1.08225154  896.2806367  1583.254048  2289.276667   2.390204915  2.846547378  11.26725672  0 0.07987679142
  1.079786119  891.9282778  1577.751568  2285.124444   2.390927233  2.847731656  11.2733191  0 0.07990934729
  1.077320697  887.5759189  1572.249088  2280.972222   2.391634566  2.848890826  11.27939846  0 0.07994108093
  1.074855275  883.22356  1566.746608  2276.82   2.392351974  2.85006667  11.28549142  0 0.07997324269
  1.072389853  878.8712012  1561.244128  2272.667778   2.393051091  2.851212176  11.2916032  0 0.0800044709
  1.069924431  874.5188423  1555.741647  2268.515556   2.393760694  2.85237498  11.29772867  0 0.08003613648
  1.067459009  870.1664834  1550.239167  2264.363333   2.394466018  2.853530691  11.30387117  0 0.08006754592
  1.064993587  865.8141245  1544.736687  2260.211111   2.395148846  2.854648725  11.31003214  0 0.08009776271
  1.062528165  861.4617657  1539.234207  2256.058889   2.395850959  2.855798452  11.3162047  0 0.08012880386
  1.060062744  857.1094068  1533.731726  2251.906667   2.396538371  2.856923702  11.32239575  0 0.08015907628
  1.057597322  852.7570479  1528.229246  2247.754444   2.397228123  2.858053448  11.32860548  0 0.08018951919
  1.0551319  848.404689  1522.726766  2243.602222   2.397895932  2.859145578  11.33483142  0 0.08021865645
  1.052666478  844.0523302  1517.224286  2239.45   2.398579698  2.860264421  11.34107243  0 0.08024855044
  1.050201056  839.6999713  1511.721806  2235.297778   2.399252182  2.861364655  11.34733214  0 0.08027787984
  1.047735634  835.3476124  1506.219325  2231.145556   2.399920859  2.862458207  11.35360915  0 0.08030691903
  1.045270212  830.9952536  1500.716845  2226.993333   2.400578553  2.863533397  11.35990459  0 0.08033536827
  1.04280479  826.6428947  1495.214365  2222.841111   2.401245929  2.864624726  11.36621689  0 0.08036424612
  1.040339369  822.2905358  1489.711885  2218.688889   2.401900112  2.865693792  11.37254676  0 0.08039239025
  1.037873947  817.9381769  1484.209404  2214.536667   2.402551769  2.866758681  11.37889581  0 0.08042037511
  1.035408525  813.5858181  1478.706924  2210.384444   2.403202572  2.867822042  11.38526223  0 0.08044825812
  1.032943103  809.2334592  1473.204444  2206.232222   2.403840386  2.868863371  11.39164803  0 0.08047540388
  1.030477681  804.8811003  1467.701964  2202.08   2.404481499  2.869910368  11.3980521  0 0.08050269856
  1.028012259  800.5287414  1462.199484  2197.927778   2.405114908  2.870944159  11.40447436  0 0.08052951722
  1.025546837  796.1763826  1456.697003  2193.775556   2.405744268  2.871971379  11.41091727  0 0.08055613189
  1.023081415  791.8240237  1451.194523  2189.623333   2.406362526  2.872979748  11.4173794  0 0.08058211319
  1.020615994  787.4716648  1445.692043  2185.471111   2.406980716  2.873988351  11.42386219  0 0.08060811387
  1.018150572  783.1193059  1440.189563  2181.318889   2.407608906  2.875012517  11.43035933  0 0.080634367
  1.01568515  778.7669471  1434.687082  2177.166667   2.408208426  2.875989963  11.43688354  0 0.08065939016
  1.013219728  774.4145882  1429.184602  2173.014444   2.408819322  2.876985835  11.44342508  0 0.08068483106
  1.010754306  770.0622293  1423.682122  2168.862222   2.409411661  2.877950586  11.44998718  0 0.08070931509
  1.008288884  765.7098705  1418.179642  2164.71   2.410010125  2.878925573  11.45657025  0 0.08073406255
  1.005823462  761.3575116  1412.677162  2160.557778   2.410597303  2.879881795  11.46317526  0 0.08075824458
  1.00335804  757.0051527  1407.174681  2156.405556   2.411189244  2.880845842  11.46979912  0 0.08078260094
  1.000892619  752.6527938  1401.672201  2152.253333   2.411764831  2.881782713  11.47644847  0 0.08080615928
  0.9984259264  748.5445892  1396.411063  2148.101111   2.412340802  2.882720508  11.48311806  0 0.08082975289
  0.9959585131  744.5749504  1391.286895  2143.948889   2.412906891  2.883641109  11.48980233  0 0.08085272121
  0.9934910998  740.6053115  1386.162727  2139.796667   2.413465752  2.884550602  11.49650582  0 0.08087547734
  0.9910236866  736.6356727  1381.038559  2135.644444   2.414025163  2.885460503  11.50322313  0 0.08089814249
  0.9885562733  732.6660338  1375.914391  2131.492222   2.414571981  2.886349627  11.50995734  0 0.08092021828
  0.9860888601  728.6963949  1370.790223  2127.34   2.415114332  2.887231613  11.51670844  0 0.08094210721
  0.9836214468  724.7267561  1365.666055  2123.187778   2.415655222  2.888111042  11.52347611  0 0.08096387881
  0.9811540336  720.7571172  1360.541887  2119.035556   2.416178508  2.888961581  11.53026384  0 0.08098486922
  0.9786866203  716.7874784  1355.417719  2114.883333   2.416708913  2.889823718  11.53706385  0 0.08100612383
  0.976219207  712.8178395  1350.293551  2110.731111   2.417225683  2.890663564  11.54388433  0 0.08102678441
  0.9737517938  708.8482007  1345.169382  2106.578889   2.417738313  2.891496175  11.55072132  0 0.08104716814
  0.9712843805  704.8785618  1340.045214  2102.426667   2.418243948  2.89231741  11.55757528  0 0.08106724725
  0.9688169673  700.9089229  1334.921046  2098.274444   2.418746201  2.893133002  11.5644473  0 0.08108714265
  0.966349554  696.9392841  1329.796878  2094.122222   2.419234525  2.893925773  11.57133828  0 0.08110642911
  0.9638821407  692.9696452  1324.67271  2089.97   2.419719067  2.894712392  11.57824793  0 0.08112554246
  0.9614147275  689.0000064  1319.548542  2085.817778   2.420194153  2.895483133  11.58517584  0 0.08114417135
  0.9589473142  685.0303675  1314.424374  2081.665556   2.420664726  2.896246518  11.59211995  0 0.08116259708
  0.956479901  681.0607287  1309.300206  2077.513333   2.421131118  2.897003029  11.59908424  0 0.08118082329
  0.9540124877  677.0910898  1304.176038  2073.361111   2.421589184  2.89774575  11.60606712  0 0.08119865597
  0.9515450745  673.121451  1299.05187  2069.208889   2.422031527  2.898462446  11.61306994  0 0.08121576786
  0.9490776612  669.1518121  1293.927702  2065.056667   2.422470248  2.899173448  11.62009237  0 0.08123275156
  0.9466102479  665.1821732  1288.803534  2060.904444   2.422900098  2.899869836  11.62713449  0 0.0812493342
  0.9441428347  661.2125344  1283.679366  2056.752222   2.423325516  2.900558657  11.63419481  0 0.08126566331
  0.9416754214  657.2428955  1278.555198  2052.6   2.423742178  2.901233172  11.64127557  0 0.08128161859
  0.9392080082  653.2732567  1273.431029  2048.447778   2.424147525  2.901889221  11.64837853  0 0.08129710021
  0.9367405949  649.3036178  1268.306861  2044.295556   2.424543474  2.902529744  11.65550072  0 0.08131215469
  0.9342731816  645.333979  1263.182693  2040.143333   2.424933283  2.903160197  11.66264369  0 0.08132693865
  0.9318057684  641.3643401  1258.058525  2035.991111   2.425312469  2.903773235  11.66980749  0 0.08134126687
  0.9293383551  637.3947012  1252.934357  2031.838889   2.425685744  2.904376607  11.67699311  0 0.08135534029
  0.9268709419  633.4250624  1247.810189  2027.686667   2.426053018  2.904970121  11.68419915  0 0.08136914868
  0.9244035286  629.4554235  1242.686021  2023.534444   2.426403518  2.905536198  11.69142845  0 0.08138225868
  0.9219361154  625.4857847  1237.561853  2019.382222   2.426751031  2.906097514  11.69868022  0 0.08139525708
  0.9194687021  621.5161458  1232.437685  2015.23   2.427085283  2.906636985  11.70595336  0 0.08140767718
  0.9170012888  617.546507  1227.313517  2011.077778   2.427412098  2.907164775  11.7132502  0 0.08141986579
  0.9145338756  613.5768681  1222.189349  2006.925556   2.427732548  2.907681428  11.72056827  0 0.08143166239
  0.9120664623  609.6072292  1217.065181  2002.773333   2.428034668  2.908168865  11.72791299  0 0.08144283306
  0.9095927532  605.979031  1212.270028  1998.621111   2.428336341  2.908655515  11.7352763  0 0.08145396797
  0.9071188994  602.3586841  1207.482441  1994.468889   2.42862212  2.909116682  11.7426579  0 0.08146453527
  0.9046450455  598.7383372  1202.694854  1990.316667   2.42890813  2.909578938  11.75005549  0 0.08147522524
  0.9021711916  595.1179904  1197.907266  1986.164444   2.429168494  2.909998538  11.75747049  0 0.08148474614
  0.8996973378  591.4976435  1193.119679  1982.012222   2.429416584  2.910399133  11.76490604  0 0.08149394381
  0.8972234839  587.8772966  1188.332092  1977.86   2.429669204  2.910806912  11.77235395  0 0.08150328193
  0.8947496301  584.2569497  1183.544505  1973.707778   2.42990633  2.911189703  11.77982032  0 0.08151204581
  0.8922757762  580.6366028  1178.756918  1969.555556   2.430127134  2.911546286  11.78730668  0 0.08152022577
  0.8898019223  577.016256  1173.969331  1965.403333   2.430338025  2.911886848  11.79481066  0 0.08152803258
  0.8873280685  573.3959091  1169.181744  1961.251111   2.430545546  2.912222379  11.80233119  0 0.08153578014
  0.8848542146  569.7755622  1164.394157  1957.098889   2.430736864  2.912531476  11.80986878  0 0.08154287962
  0.8823803608  566.1552153  1159.606569  1952.946667   2.430911375  2.91281394  11.81742886  0 0.08154944071
  0.8799065069  562.5348685  1154.818982  1948.794444   2.431078544  2.913084414  11.82500581  0 0.08155570488
  0.877432653  558.9145216  1150.031395  1944.642222   2.431229549  2.913329344  11.83260154  0 0.08156146446
  0.8749587992  555.2941747  1145.243808  1940.49   2.431373446  2.913562314  11.84021551  0 0.08156687834
  0.8724849453  551.6738278  1140.456221  1936.337778   2.431502386  2.91377152  11.8478492  0 0.081571804
  0.8700110914  548.0534809  1135.668634  1932.185556   2.431617642  2.913958627  11.85550251  0 0.08157622323
  0.8675372376  544.4331341  1130.881047  1928.033333   2.431717827  2.914121646  11.86317511  0 0.0815801275
  0.8650633837  540.8127872  1126.093459  1923.881111   2.431809925  2.914272191  11.87086808  0 0.08158383167
  0.8625895299  537.1924403  1121.305872  1919.728889   2.431887893  2.914399733  11.87858031  0 0.08158698299
  0.860115676  533.5720934  1116.518285  1915.576667   2.431953175  2.914507152  11.88631182  0 0.08158972727
  0.8576418221  529.9517465  1111.730698  1911.424444   2.43200041  2.914585587  11.89406647  0 0.0815918332
  0.8551679683  526.3313997  1106.943111  1907.272222   2.432035841  2.914645327  11.90183944  0 0.08159356577
  0.8526941144  522.7110528  1102.155524  1903.12   2.432046915  2.914666111  11.90963695  0 0.08159446433
  0.8502202605  519.0907059  1097.367937  1898.967778   2.432050815  2.914675721  11.91745506  0 0.08159516786
  0.8477464067  515.470359  1092.58035  1894.815556   2.432041757  2.9146647  11.92529346  0 0.08159544401
  0.8452725528  511.8500122  1087.792762  1890.663333   2.432021601  2.914635826  11.9331524  0 0.08159532242
  0.842798699  508.2296653  1083.005175  1886.511111   2.431981653  2.914575855  11.94103429  0 0.0815946175
  0.8403248451  504.6093184  1078.217588  1882.358889   2.431928446  2.914494785  11.94893988  0 0.08159347691
  0.8378509912  500.9889715  1073.430001  1878.206667   2.431856925  2.914384526  11.9568683  0 0.08159172601
  0.8353771374  497.3686246  1068.642414  1874.054444   2.431764235  2.914240723  11.96481955  0 0.08158930251
  0.8329032835  493.7482778  1063.854827  1869.902222   2.431665064  2.914087179  11.97279398  0 0.0815867621
  0.8304224563  490.2996318  1059.226016  1865.75   2.43154241  2.913896345  11.98079419  0 0.08158346158
  0.8279356761  486.9975617  1054.732747  1861.597778   2.431411541  2.913693441  11.98880845  0 0.08158005909
  0.825448896  483.6954917  1050.239479  1857.445556   2.43125831  2.9134556  11.9968412  0 0.08157602855
  0.8229621158  480.3934217  1045.74621  1853.293333   2.431086962  2.913188398  12.00489027  0 0.08157131009
  0.8204753357  477.0913517  1041.252942  1849.141111   2.430897984  2.912894074  12.01295479  0 0.08156616575
  0.8179885555  473.7892817  1036.759673  1844.988889   2.430700219  2.912586731  12.02103516  0 0.08156089261
  0.8155017753  470.4872117  1032.266405  1840.836667   2.430473307  2.912232951  12.02913408  0 0.08155464569
  0.8130149952  467.1851417  1027.773136  1836.684444   2.430238047  2.911866776  12.03724788  0 0.08154827023
  0.810528215  463.8830716  1023.279868  1832.532222   2.42997257  2.91145322  12.04538146  0 0.08154101181
  0.8080414349  460.5810016  1018.786599  1828.38   2.429698711  2.911026938  12.0535309  0 0.08153357492
  0.8055546547  457.2789316  1014.293331  1824.227778   2.429400615  2.910562544  12.06169669  0 0.08152540834
  0.8030678745  453.9768616  1009.800062  1820.075556   2.429085439  2.910072056  12.06988043  0 0.08151685413
  0.8005810944  450.6747916  1005.306794  1815.923333   2.428751113  2.909551795  12.07808305  0 0.08150777717
  0.7980943142  447.3727216  1000.813525  1811.771111   2.428386841  2.908984561  12.08630294  0 0.08149781493
  0.7956075341  444.0706516  996.3202568  1807.618889   2.428010586  2.908399143  12.09454079  0 0.0814875952
  0.7931207539  440.7685816  991.8269883  1803.466667   2.427617636  2.907787656  12.10279457  0 0.08147689546
  0.7906339737  437.4665115  987.3337198  1799.314444   2.427201223  2.907139884  12.11106683  0 0.0814655833
  0.7881471936  434.1644415  982.8404513  1795.162222   2.426760955  2.906455222  12.11935845  0 0.08145364621
  0.7856604134  430.8623715  978.3471828  1791.01   2.426304402  2.90574548  12.12766805  0 0.08144129461
  0.7831736333  427.5603015  973.8539143  1786.857778   2.425809513  2.904975865  12.13599946  0 0.0814278416
  0.7806868531  424.2582315  969.3606458  1782.705556   2.425302637  2.904188174  12.14434707  0 0.08141414069
  0.7782000729  420.9561615  964.8673773  1778.553333   2.424777852  2.903372952  12.15271187  0 0.08139998679
  0.7757132928  417.6540915  960.3741088  1774.401111   2.424226251  2.902516565  12.16109933  0 0.08138517226
  0.7732265126  414.3520215  955.8808403  1770.248889   2.423657141  2.901633352  12.16950414  0 0.08136992492
  0.7707397325  411.0499514  951.3875718  1766.096667   2.423044646  2.90068253  12.17793168  0 0.08135344225
  0.7682529523  407.7478814  946.8943034  1761.944444   2.422413157  2.899703041  12.18637998  0 0.08133655922
  0.7657661721  404.4458114  942.4010349  1757.792222   2.421760243  2.898690801  12.19484742  0 0.08131915539
  0.763279392  401.1437414  937.9077664  1753.64   2.42108423  2.897643441  12.20333562  0 0.08130122154
  0.7607926118  397.8416714  933.4144979  1749.487778   2.420370753  2.896538331  12.21184804  0 0.08128230823
  0.7583035198  394.5714116  928.949011  1745.335556   2.419640032  2.895407646  12.22038153  0 0.081263094
  0.7557956167  391.5599891  924.7095812  1741.183333   2.418888349  2.89424551  12.22892871  0 0.08124345711
  0.7532877135  388.5485665  920.4701515  1737.031111   2.418103966  2.893033409  12.23749144  0 0.08122302407
  0.7507798104  385.5371439  916.2307217  1732.878889   2.417295079  2.891784539  12.24606564  0 0.08120209506
  0.7482719072  382.5257214  911.9912919  1728.726667   2.416457468  2.890492433  12.25465462  0 0.0811805642
  0.7457640041  379.5142988  907.7518621  1724.574444   2.415595436  2.889163737  12.26325556  0 0.08115853956
  0.743256101  376.5028763  903.5124323  1720.422222   2.414712561  2.887803949  12.27186749  0 0.08113610598
  0.7407481978  373.4914537  899.2730025  1716.27   2.413774876  2.886360167  12.28049882  0 0.08111229219
  0.7382402947  370.4800312  895.0335727  1712.117778   2.412829408  2.884905799  12.28913782  0 0.08108845888
  0.7357323915  367.4686086  890.794143  1707.965556   2.411846353  2.883394669  12.2977903  0 0.08106379348
  0.7332244884  364.457186  886.5547132  1703.813333   2.410836317  2.881843179  12.30645731  0 0.08103857281
  0.7307165852  361.4457635  882.3152834  1699.661111   2.409792105  2.880240296  12.3151382  0 0.08101261463
  0.7282086821  358.4343409  878.0758536  1695.508889   2.408719445  2.878594902  12.32383  0 0.08098606983
  0.7257007789  355.4229184  873.8364238  1691.356667   2.407604819  2.87688635  12.33253981  0 0.08095861224
  0.7231928758  352.4114958  869.596994  1687.204444   2.406471132  2.875149485  12.34125629  0 0.08093075338
  0.7206849726  349.4000733  865.3575643  1683.052222   2.405302992  2.8733616  12.34998926  0 0.08090226007
  0.7181770695  346.3886507  861.1181345  1678.9   2.404099837  2.871521131  12.35873499  0 0.0808729891
  0.7156691663  343.3772282  856.8787047  1674.747778   2.402852512  2.869614444  12.36749699  0 0.08084277254
  0.7131612632  340.3658056  852.6392749  1670.595556   2.401572213  2.867658674  12.37627116  0 0.08081187573
  0.7106533601  337.354383  848.3998451  1666.443333   2.400264126  2.865661879  12.38505677  0 0.08078043994
  0.7081454569  334.3429605  844.1604153  1662.291111   2.398914339  2.863602997  12.39385732  0 0.08074815202
  0.7056375538  331.3315379  839.9209855  1658.138889   2.39751739  2.861473654  12.40267592  0 0.08071486234
  0.7031296506  328.3201154  835.6815558  1653.986667   2.39609976  2.859314678  12.4115027  0 0.08068127385
  0.7006217475  325.3086928  831.442126  1649.834444   2.394637018  2.857088599  12.42034535  0 0.08064675276
  0.6981138443  322.2972703  827.2026962  1645.682222   2.393130604  2.854797899  12.42920405  0 0.08061137118
  0.6956059412  319.2858477  822.9632664  1641.53   2.391583089  2.852446515  12.43807669  0 0.08057518227
  0.693098038  316.2744252  818.7238366  1637.377778   2.389999281  2.850042163  12.44696387  0 0.08053835867
  0.690574093  313.3940934  814.5893128  1633.225556   2.388371763  2.847573868  12.45586599  0 0.08050076631
  0.6880337676  310.6476175  810.5619076  1629.073333   2.386702818  2.845045068  12.46477658  0 0.08046244038
  0.6854934422  307.9011416  806.5345024  1624.921111   2.384994993  2.842460156  12.47368978  0 0.0804235212
  0.6829531168  305.1546657  802.5070973  1620.768889   2.383242306  2.83980966  12.48260944  0 0.08038378577
  0.6804127914  302.4081897  798.4796921  1616.616667   2.38144876  2.837100239  12.49153386  0 0.08034341737
  0.677872466  299.6617138  794.4522869  1612.464444   2.379608118  2.834322264  12.50046353  0 0.08030222559
  0.6753321407  296.9152379  790.4248818  1608.312222   2.377732055  2.831493759  12.50939537  0 0.08026052843
  0.6727918153  294.168762  786.3974766  1604.16   2.375807594  2.828595064  12.51833156  0 0.08021800699
  0.6702514899  291.4222861  782.3700714  1600.007778   2.373831861  2.825621731  12.5272736  0 0.08017455904
  0.6677111645  288.6758102  778.3426662  1595.855556   2.371809374  2.822581218  12.53621922  0 0.08013038312
  0.6651708391  285.9293343  774.3152611  1591.703333   2.369741981  2.819476049  12.54516743  0 0.0800854578
  0.6626305137  283.1828584  770.2878559  1587.551111   2.367630394  2.816307463  12.55411617  0 0.08003981213
  0.6600901884  280.4363824  766.2604507  1583.398889   2.365454873  2.813046076  12.56307321  0 0.07999304116
  0.657549863  277.6899065  762.2330456  1579.246667   2.363232127  2.809717331  12.57203268  0 0.07994555224
  0.6550095376  274.9434306  758.2056404  1575.094444   2.360964991  2.806325447  12.58099103  0 0.0798973837
  0.6524692122  272.1969547  754.1782352  1570.942222   2.358638775  2.802848154  12.58995375  0 0.07984814954
  0.6499288868  269.4504788  750.1508301  1566.79   2.356269873  2.799310732  12.59891359  0 0.07979831463
  0.6473885615  266.7040029  746.1234249  1562.637778   2.353829497  2.795670186  12.60788081  0 0.07974724818
  0.6448482361  263.957527  742.0960197  1558.485556   2.351345048  2.791967714  12.61684644  0 0.07969555601
  0.6423079107  261.2110511  738.0686145  1554.333333   2.348795379  2.78817204  12.62581549  0 0.07964281777
  0.6397675853  258.4645751  734.0412094  1550.181111   2.346188308  2.784294673  12.6347861  0 0.07958914335
  0.6372272599  255.7180992  730.0138042  1546.028889   2.343514235  2.780321719  12.64375779  0 0.079534376
  0.6346869345  252.9716233  725.986399  1541.876667   2.340786139  2.776273258  12.65272966  0 0.07947889835
  0.6321466092  250.2251474  721.9589939  1537.724444   2.33799254  2.772132139  12.66170415  0 0.07942242761
  0.6295810548  247.6069724  718.021338  1533.572222   2.335140551  2.76790954  12.67067633  0 0.07936519377
  0.6269932806  245.1017952  714.1627265  1529.42   2.332222245  2.763593754  12.67964096  0 0.07930701252
  0.6244055065  242.5966181  710.3041151  1525.267778   2.329244062  2.759195962  12.68859635  0 0.07924828594
  0.6218177324  240.0914409  706.4455036  1521.115556   2.326199463  2.754703674  12.69753999  0 0.07918833124
  0.6192299582  237.5862637  702.5868922  1516.963333   2.323091855  2.750124925  12.70647156  0 0.07912773676
  0.6166421841  235.0810865  698.7282807  1512.811111   2.31991172  2.745445025  12.71539337  0 0.0790661584
  0.6140544099  232.5759093  694.8696693  1508.658889   2.316672672  2.740684348  12.72429871  0 0.07900388813
  0.6114666358  230.0707322  691.0110579  1504.506667   2.313356836  2.735816812  12.73319198  0 0.07894058028
  0.6088788616  227.565555  687.1524464  1500.354444   2.309970729  2.730852277  12.74207161  0 0.07887637313
  0.6062910875  225.0603778  683.293835  1496.202222   2.306520457  2.725799716  12.75093301  0 0.07881134813
  0.6037033133  222.5552006  679.4352235  1492.05   2.302983746  2.720626779  12.75978142  0 0.07874509207
  0.6011155392  220.0500234  675.5766121  1487.897778   2.299381824  2.715365301  12.76861072  0 0.07867810514
  0.598527765  217.5448462  671.7180006  1483.745556   2.295693531  2.709984146  12.7774237  0 0.07860990547
  0.5959399909  215.0396691  667.8593892  1479.593333   2.291915633  2.704479083  12.78622402  0 0.07854047022
  0.5933522167  212.5344919  664.0007777  1475.441111   2.288078417  2.698894931  12.79499395  0 0.07847043935
  0.5907644426  210.0293147  660.1421663  1471.288889   2.284164479  2.693206621  12.80374523  0 0.07839950237
  0.5881766684  207.5241375  656.2835548  1467.136667   2.28014451  2.68737118  12.81247931  0 0.07832699553
  0.5855888943  205.0189603  652.4249434  1462.984444   2.276048503  2.681433573  12.82119102  0 0.07825367192
  0.5830011201  202.5137832  648.5663319  1458.832222   2.271864385  2.675376349  12.82987768  0 0.07817926948
  0.580413346  200.008606  644.7077205  1454.68   2.267576521  2.669176553  12.8385437  0 0.07810338104
  0.5778255718  197.5034288  640.849109  1450.527778   2.263205529  2.662865789  12.84718382  0 0.07802665276
  0.5752326332  195.01549  637.0002621  1446.375556   2.258744253  2.656434126  12.85579819  0 0.07794897551
  0.5725787647  192.7309292  633.2666166  1442.223333   2.254196368  2.649887119  12.86437789  0 0.07787040033
  0.5699248961  190.4463683  629.5329711  1438.071111   2.249542885  2.643198237  12.87292466  0 0.07779068691
  0.5672710275  188.1618075  625.7993256  1433.918889   2.244787289  2.636372443  12.8814347  0 0.07770980671
  0.564617159  185.8772467  622.06568  1429.766667   2.239954365  2.629446671  12.88989724  0 0.07762838341
  0.5619632904  183.5926858  618.3320345  1425.614444   2.235011598  2.622374161  12.89832157  0 0.07754576477
  0.5593094218  181.308125  614.598389  1421.462222   2.229977871  2.61518228  12.90669981  0 0.07746225631
  0.5566555533  179.0235641  610.8647435  1417.31   2.224836373  2.607847915  12.91503055  0 0.07737768096
  0.5540016847  176.7390033  607.131098  1413.157778   2.219584719  2.600367463  12.92331868  0 0.07729186841
  0.5513478161  174.4544424  603.3974525  1409.005556   2.214221899  2.592740317  12.93155578  0 0.07720487655
  0.5486939476  172.1698816  599.663807  1404.853333   2.208754332  2.584976295  12.93974197  0 0.07711685613
  0.546040079  169.8853208  595.9301614  1400.701111   2.203183358  2.577078102  12.94786929  0 0.07702790309
  0.5433862104  167.6007599  592.1965159  1396.548889   2.19746811  2.568987295  12.9559522  0 0.07693714797
  0.5407323419  165.3161991  588.4628704  1392.396667   2.191656006  2.560772868  12.96397149  0 0.0768456174
  0.5380784733  163.0316382  584.7292249  1388.244444   2.185725732  2.552405097  12.97192934  0 0.0767529613
  0.5354246047  160.7470774  580.9955794  1384.092222   2.179647954  2.543842358  12.97983246  0 0.07665854304
  0.5327707362  158.4625165  577.2619339  1379.94   2.173471848  2.535156015  12.98766163  0 0.07656344378
  0.5301168676  156.1779557  573.5282883  1375.787778   2.16714965  2.526278509  12.99543106  0 0.07646672699
  0.527462999  153.8933948  569.7946428  1371.635556   2.160690504  2.517223965  13.00313418  0 0.0763686597
  0.5248091305  151.608834  566.0609973  1367.483333   2.154103136  2.508005792  13.01076408  0 0.07626948877
  0.5220642192  149.5248339  562.4036515  1363.331111   2.147368604  2.498598578  13.01831935  0 0.07616902096
  0.5193192347  147.440995  558.7463671  1359.178889   2.14050325  2.489026193  13.02578897  0 0.07606757826
  0.5165742502  145.357156  555.0890826  1355.026667   2.133506315  2.479288471  13.03316919  0 0.07596520477
  0.5138292657  143.2733171  551.4317981  1350.874444   2.126363271  2.469365474  13.04045948  0 0.07586159774
  0.5110842813  141.1894782  547.7745137  1346.722222   2.119064379  2.459244403  13.04765956  0 0.07575660529
  0.5083392968  139.1056392  544.1172292  1342.57   2.111644825  2.448975694  13.05475244  0 0.07565094195
  0.5055943123  137.0218003  540.4599447  1338.417778   2.104056587  2.438492924  13.06175218  0 0.07554376532
  0.5028493278  134.9379613  536.8026603  1334.265556   2.096311132  2.427812666  13.06864584  0 0.07543520252
  0.5001043434  132.8541224  533.1453758  1330.113333   2.088411979  2.416941402  13.07543102  0 0.07532548186
  0.4973593589  130.7702835  529.4880913  1325.961111   2.08034915  2.405866008  13.08210324  0 0.07521440532
  0.4946143744  128.6864445  525.8308069  1321.808889   2.07212335  2.39458817  13.08865581  0 0.07510193585
  0.4918693899  126.6026056  522.1735224  1317.656667   2.063714845  2.383082227  13.09509321  0 0.07498789828
  0.4891244055  124.5187666  518.5162379  1313.504444   2.055138877  2.371370202  13.10140111  0 0.07487253524
  0.486379421  122.4349277  514.8589535  1309.352222   2.046375639  2.359426016  13.10758464  0 0.07475556311
  0.4836344365  120.3510888  511.201669  1305.2   2.037438262  2.347269191  13.11362615  0 0.07463728866
  0.480889452  118.2672498  507.5443845  1301.047778   2.02830166  2.334866476  13.11953332  0 0.07451731835
  0.4781227781  116.2158008  503.8914033  1296.895556   2.01897121  2.322227331  13.12529568  0 0.07439595491
  0.4752551709  114.3150799  500.2584471  1292.743333   2.009451203  2.30935944  13.13090258  0 0.07427342749
  0.4723875637  112.4143589  496.625491  1288.591111   1.999738662  2.296259962  13.13634743  0 0.07414970196
  0.4695199565  110.513638  492.9925349  1284.438889   1.989828121  2.282922661  13.1416261  0 0.07402469019
  0.4666523493  108.6129171  489.3595788  1280.286667   1.979720056  2.269350221  13.14672601  0 0.07389860263
  0.4637847421  106.7121962  485.7266226  1276.134444   1.969402755  2.255527351  13.15164839  0 0.07377107464
  0.4609171349  104.8114753  482.0936665  1271.982222   1.958868372  2.241444942  13.15638735  0 0.07364201132
  0.4580495277  102.9107543  478.4607104  1267.83   1.948125727  2.227116618  13.16092618  0 0.07351163142
  0.4551819205  101.0100334  474.8277543  1263.677778   1.937154206  2.212516244  13.16526978  0 0.07337965737
  0.4523143133  99.10931251  471.1947981  1259.525556   1.925948872  2.197638927  13.16941057  0 0.07324605408
  0.4494467061  97.20859159  467.561842  1255.373333   1.914511735  2.182488774  13.17333284  0 0.07311079712
  0.4465790989  95.30787068  463.9288859  1251.221111   1.9028318  2.167053161  13.17703238  0 0.07297382731
  0.4437114917  93.40714976  460.2959298  1247.068889   1.890905115  2.151328764  13.18050043  0 0.07283513766
  0.4408438846  91.50642884  456.6629737  1242.916667   1.878729364  2.135314644  13.18372592  0 0.07269479089
  0.4379762774  89.60570792  453.0300175  1238.764444   1.866287189  2.11898992  13.18670442  0 0.0725526008
  0.4350288443  87.78702487  449.3804599  1234.612222   1.853574897  2.102352489  13.18942378  0 0.07240873883
  0.431998582  86.05346618  445.713676  1230.46   1.840606129  2.085423285  13.19186782  0 0.07226368759
  0.4289683197  84.31990748  442.0468922  1226.307778   1.827362292  2.068179587  13.19403136  0 0.07211711702
  0.4259380574  82.58634879  438.3801084  1222.155556   1.813850597  2.050633193  13.1958977  0 0.07196921291
  0.4229077952  80.85279009  434.7133246  1218.003333   1.800056651  2.032767168  13.19746306  0 0.07181971291
  0.4198775329  79.1192314  431.0465408  1213.851111   1.785971701  2.014572237  13.19871403  0 0.0716684642
  0.4168472706  77.3856727  427.379757  1209.698889   1.771595164  1.996050382  13.19963768  0 0.071515591
  0.4138170084  75.65211401  423.7129731  1205.546667   1.75690907  1.977180113  13.20022785  0 0.07136065689
  0.4107867461  73.91855531  420.0461893  1201.394444   1.741914454  1.957965786  13.20046745  0 0.07120382151
  0.4077564838  72.18499662  416.3794055  1197.242222   1.726597987  1.938392819  13.20034663  0 0.07104489831
  0.4047262215  70.45143793  412.7126217  1193.09   1.710956123  1.918459426  13.19984859  0 0.07088384544
  0.4016959593  68.71787923  409.0458379  1188.937778   1.69497647  1.898152865  13.19896148  0 0.07072059457
  0.398665697  66.98432054  405.3790541  1184.785556   1.678653717  1.877469674  13.19766762  0 0.07055519646
  0.3954607464  65.37495641  401.6298436  1180.633333   1.661972011  1.856393556  13.19595032  0 0.07038773321
  0.3922163076  63.79366644  397.8620007  1176.481111   1.644954715  1.834958666  13.19378193  0 0.07021901586
  0.3889718688  62.21237648  394.0941577  1172.328889   1.627562752  1.81311729  13.19116687  0 0.07004805752
  0.38572743  60.63108651  390.3263147  1168.176667   1.609813058  1.79089468  13.18807262  0 0.06987526778
  0.3824829912  59.04979655  386.5584718  1164.024444   1.591676897  1.768257832  13.18450109  0 0.06970019393
  0.3792385524  57.46850658  382.7906288  1159.872222   1.573172358  1.745232384  13.18040852  0 0.06952281831
  0.3759941135  55.88721662  379.0227859  1155.72   1.554264987  1.721779064  13.17580327  0 0.0693427688
  0.3727496747  54.30592665  375.2549429  1151.567778   1.534952393  1.697898609  13.17066064  0 0.06915991626
  0.3695052359  52.72463669  371.4870999  1147.415556   1.515226845  1.673585166  13.16496176  0 0.0689740257
  0.3662607971  51.14334672  367.719257  1143.263333   1.495079029  1.648831673  13.15868705  0 0.06878508754
  0.3630110607  49.56469842  363.948021  1139.111111   1.474494701  1.62362503  13.15181068  0 0.06859296021
  0.3594877927  48.12244912  360.0015902  1134.958889   1.453471178  1.597967617  13.14430842  0 0.06839814088
  0.3559645246  46.68019982  356.0551594  1130.806667   1.432002953  1.571857494  13.1361495  0 0.06820068608
  0.3524412565  45.23795052  352.1087286  1126.654444   1.410073785  1.545278847  13.12732461  0 0.06800005666
  0.3489179884  43.79570122  348.1622977  1122.502222   1.387688231  1.518241748  13.11780579  0 0.06779610836
  0.3453947203  42.35345193  344.2158669  1118.35   1.364820215  1.490718767  13.10759662  0 0.06758803833
  0.3418714522  40.91120263  340.2694361  1114.197778   1.341474997  1.462721238  13.0966646  0 0.06737567333
  0.3383481842  39.46895333  336.3230053  1110.045556   1.317634906  1.434232735  13.08500395  0 0.06715839098
  0.3348249161  38.02670403  332.3765745  1105.893333   1.293291086  1.405247962  13.0726004  0 0.06693576075
  0.331301648  36.58445473  328.4301437  1101.741111   1.268448795  1.375779046  13.05941692  0 0.06670774524
  0.3274353476  35.26299201  324.2267513  1097.588889   1.243080692  1.34580048  13.04543107  0 0.06647456027
  0.3235515868  33.94767731  320.0102796  1093.436667   1.217188082  1.315319984  13.03059605  0 0.06623611267
  0.3196678261  32.63236262  315.7938079  1089.284444   1.190738455  1.284304345  13.01495874  0 0.06599101244
  0.3157840654  31.31704792  311.5773362  1085.132222   1.163753604  1.252784942  12.99848092  0 0.06573865543
  0.3119003047  30.00173323  307.3608645  1080.98   1.136212977  1.220743196  12.98119417  0 0.06547756227
  0.3080165439  28.68641853  303.1443928  1076.827778   1.10812205  1.188191669  12.96311584  0 0.06520675161
  0.3041327832  27.37110383  298.9279211  1072.675556   1.079477603  1.155132886  12.94426623  0 0.06492500482
  0.3000398929  26.10756196  294.5395397  1068.523333   1.050276936  1.121571108  12.92464381  0 0.06463181813
  0.2956909434  24.90741098  289.9406713  1064.371111   1.020485308  1.087474562  12.90423471  0 0.06432675265
  0.2913419939  23.70726001  285.3418029  1060.218889   0.9901032681  1.052850201  12.8830937  0 0.0640075958
  0.2869930444  22.50710903  280.7429344  1056.066667   0.9591412672  1.017716276  12.86131449  0 0.06367181163
  0.2826440949  21.30695805  276.144066  1051.914444   0.9275902874  0.9820686848  12.83908128  0 0.06331577667
  0.2782951454  20.10680707  271.5451976  1047.762222   0.8954795678  0.9459473821  12.8165321  0 0.06293657923
  0.2737463592  18.94266708  266.7733126  1043.61   0.8628305992  0.9093841027  12.79382088  0 0.06253185231
  0.2688089228  17.84856263  261.6649383  1039.457778   0.8295832512  0.8723200179  12.7710794  0 0.06209858614
  0.2638714864  16.75445819  256.556564  1035.305556   0.7957500631  0.8347760578  12.74862798  0 0.06163119925
  0.25893405  15.66035375  251.4481897  1031.153333   0.7613603556  0.7967908232  12.72696319  0 0.06112183234
  0.2539966137  14.5662493  246.3398155  1027.001111   0.7264647249  0.7584265205  12.7066803  0 0.06056226493
  0.2487362653  13.51341213  240.9420929  1022.848889   0.6911110957  0.7197426371  12.68842989  0 0.05994445255
  0.243050242  12.51497505  235.1629405  1018.696667   0.6552271529  0.6806681687  12.67290783  0 0.05925850299
  0.2373642188  11.51653797  229.3837881  1014.544444   0.6188581201  0.641257698  12.6614781  0 0.0584867713
  0.2316781955  10.51810089  223.6046357  1010.392222   0.5821035844  0.6016241559  12.65587618  0 0.05760921824
  0.2254866823  9.567503952  217.3635377  1006.24   0.5450594385  0.5618760315  12.65820333  0 0.05660441236
  0.2188719393  8.656961949  210.7356683  1002.087778   0.5076434406  0.5219306767  12.67123466  0 0.05544095031
  0.2122571963  7.746419947  204.1077988  997.9355556   0.4699981053  0.48194295  12.69942782  0 0.05407397446
  0.2050760333  6.87570763  196.955462  993.7833333   0.4323113272  0.4421142271  12.74853527  0 0.05245191377
  0.1973216191  6.045305366  189.2723324  989.6311111   0.3945181836  0.4023780416  12.82693933  0 0.05049875281
  0.1893946312  5.224126034  181.4283017  985.4788889   0.3568945257  0.3630225508  12.94759273  0 0.04811059904
  0.1802730172  4.466791603  172.4704481  981.3266667   0.3195084031  0.3241172809  13.12966602  0 0.04514717923
  0.170692499  3.728671176  163.0826214  977.1744444   0.2826173566  0.2859240845  13.40481719  0 0.0414000433
  0.1599784204  3.03801214  152.6326987  973.0222222   0.2463443122  0.2485630337  13.82691465  0 0.03656096937
  0.147712222  2.399196606  140.7262549  968.87   0.2109904295  0.2123333355  14.49503794  0 0.03016616494
  0.1338262434  1.811128845  127.2992999  964.7177778   0.1767415575  0.1774113632  15.61813631  0 0.02144230508
  0.1176801499  1.287205092  111.7571957  960.5655556   0.1438221778  0.1440096095  17.7223242  0 0.009061314265
  0.09926265284  0.8338250007  94.10344319  956.4133333   0.1127499837  0.1126324718  22.58888951  0 -0.009243759372
  0.07776378102  0.4654601418  73.58778586  952.2611111   0.08567333295  0.08541275719  41.21062267  0 -0.03550117253