      PC            ROC          NC         R(KM)       M/MSOL       A(E58)     MPROP/MSOL     I(E45)        Z
  0.100000E+34 0.148479E+15 0.879349E-01  42.0790     0.976750E-01 0.116742E-01 0.987301E-01 0.575804E-01 0.344582E-02
  0.105925E+34 0.151996E+15 0.899986E-01  38.4172     0.100397     0.120019E-01 0.101516     0.579762E-01 0.388195E-02
  0.112202E+34 0.155596E+15 0.921107E-01  35.3748     0.103280     0.123493E-01 0.104468     0.587257E-01 0.433988E-02
  0.118850E+34 0.159281E+15 0.942723E-01  32.8131     0.106326     0.127164E-01 0.107588     0.597571E-01 0.482012E-02
  0.125893E+34 0.163053E+15 0.964847E-01  30.6360     0.109535     0.131033E-01 0.110877     0.610257E-01 0.532244E-02
  0.133352E+34 0.166915E+15 0.987490E-01  28.7649     0.112908     0.135102E-01 0.114336     0.625030E-01 0.584779E-02
  0.141254E+34 0.170868E+15 0.101066      27.1440     0.116447     0.139374E-01 0.117969     0.641707E-01 0.639650E-02
  0.149624E+34 0.174915E+15 0.103438      25.7291     0.120156     0.143853E-01 0.121778     0.660173E-01 0.696912E-02
  0.158489E+34 0.179058E+15 0.105866      24.4866     0.124037     0.148543E-01 0.125766     0.680355E-01 0.756599E-02
  0.167880E+34 0.183299E+15 0.108350      23.3887     0.128094     0.153448E-01 0.129938     0.702215E-01 0.818775E-02
  0.177828E+34 0.187640E+15 0.110893      22.4139     0.132329     0.158572E-01 0.134297     0.725733E-01 0.883486E-02
  0.188365E+34 0.192084E+15 0.113495      21.5437     0.136748     0.163921E-01 0.138849     0.750911E-01 0.950810E-02
  0.199526E+34 0.196633E+15 0.116159      20.7638     0.141353     0.169500E-01 0.143596     0.777759E-01 0.102081E-01
  0.211349E+34 0.201290E+15 0.118885      20.0623     0.146149     0.175315E-01 0.148546     0.806299E-01 0.109352E-01
  0.223872E+34 0.205725E+15 0.121471      19.4279     0.151149     0.181381E-01 0.153710     0.836618E-01 0.116917E-01
  0.237137E+34 0.209940E+15 0.123918      18.8484     0.156406     0.187764E-01 0.159145     0.869114E-01 0.124850E-01
  0.251189E+34 0.214241E+15 0.126415      18.3181     0.161934     0.194483E-01 0.164867     0.903974E-01 0.133168E-01
  0.266073E+34 0.218631E+15 0.128961      17.8328     0.167744     0.201548E-01 0.170886     0.941327E-01 0.141883E-01
  0.281838E+34 0.223110E+15 0.131560      17.3883     0.173843     0.208972E-01 0.177212     0.981301E-01 0.151004E-01
  0.298538E+34 0.227681E+15 0.134210      16.9809     0.180241     0.216766E-01 0.183854     0.102403     0.160541E-01
  0.316228E+34 0.232346E+15 0.136914      16.6077     0.186944     0.224940E-01 0.190824     0.106964     0.170504E-01
  0.334965E+34 0.237106E+15 0.139672      16.2652     0.193964     0.233508E-01 0.198130     0.111827     0.180907E-01
  0.354813E+34 0.241964E+15 0.142486      15.9511     0.201307     0.242481E-01 0.205784     0.117007     0.191760E-01
  0.375837E+34 0.246921E+15 0.145357      15.6628     0.208985     0.251871E-01 0.213796     0.122519     0.203074E-01
  0.398107E+34 0.251980E+15 0.148285      15.3980     0.217006     0.261692E-01 0.222179     0.128378     0.214865E-01
  0.421696E+34 0.257142E+15 0.151273      15.1542     0.225379     0.271957E-01 0.230943     0.134601     0.227154E-01
  0.446684E+34 0.262411E+15 0.154320      14.9313     0.234115     0.282680E-01 0.240100     0.141204     0.239928E-01
  0.473151E+34 0.267787E+15 0.157429      14.7261     0.243222     0.293873E-01 0.249662     0.148205     0.253226E-01
  0.501187E+34 0.273273E+15 0.160601      14.5374     0.252712     0.305552E-01 0.259643     0.155622     0.267058E-01
  0.530884E+34 0.278872E+15 0.163837      14.3642     0.262595     0.317730E-01 0.270053     0.163473     0.281435E-01
  0.562341E+34 0.284586E+15 0.167137      14.2050     0.272879     0.330423E-01 0.280907     0.171778     0.296376E-01
  0.595662E+34 0.290416E+15 0.170505      14.0588     0.283577     0.343646E-01 0.292218     0.180557     0.311898E-01
  0.630957E+34 0.296326E+15 0.173914      13.9246     0.294697     0.357413E-01 0.303998     0.189830     0.328018E-01
  0.668344E+34 0.301518E+15 0.176850      13.8010     0.306321     0.371827E-01 0.316336     0.199683     0.344845E-01
  0.707946E+34 0.306801E+15 0.179835      13.6871     0.318518     0.386977E-01 0.329310     0.210209     0.362481E-01
  0.749894E+34 0.312177E+15 0.182870      13.5825     0.331306     0.402887E-01 0.342940     0.221449     0.380946E-01
  0.794328E+34 0.317646E+15 0.185957      13.4870     0.344699     0.419579E-01 0.357248     0.233446     0.400258E-01
  0.841395E+34 0.323212E+15 0.189096      13.4002     0.358713     0.437076E-01 0.372253     0.246242     0.420442E-01
  0.891251E+34 0.328874E+15 0.192288      13.3217     0.373363     0.455403E-01 0.387978     0.259881     0.441521E-01
  0.944061E+34 0.334637E+15 0.195533      13.2509     0.388666     0.474583E-01 0.404444     0.274406     0.463522E-01
  0.100000E+35 0.340500E+15 0.198834      13.1875     0.404634     0.494639E-01 0.421671     0.289863     0.486469E-01
  0.105925E+35 0.346466E+15 0.202190      13.1312     0.421285     0.515597E-01 0.439683     0.306299     0.510387E-01
  0.112202E+35 0.352536E+15 0.205603      13.0814     0.438631     0.537479E-01 0.458501     0.323761     0.535307E-01
  0.118850E+35 0.358713E+15 0.209073      13.0377     0.456688     0.560311E-01 0.478146     0.342300     0.561261E-01
  0.125893E+35 0.364998E+15 0.212602      12.9999     0.475468     0.584116E-01 0.498642     0.361963     0.588268E-01
  0.133352E+35 0.371393E+15 0.216191      12.9675     0.494986     0.608918E-01 0.520009     0.382802     0.616368E-01
  0.141254E+35 0.377900E+15 0.219840      12.9402     0.515252     0.634742E-01 0.542270     0.404868     0.645589E-01
  0.149624E+35 0.384521E+15 0.223551      12.9175     0.536280     0.661610E-01 0.565446     0.428214     0.675966E-01
  0.158489E+35 0.391258E+15 0.227324      12.8993     0.558080     0.689545E-01 0.589558     0.452891     0.707529E-01
  0.167880E+35 0.398113E+15 0.231161      12.8852     0.580661     0.718571E-01 0.614627     0.478953     0.740311E-01
  0.177828E+35 0.405089E+15 0.235063      12.8749     0.604034     0.748708E-01 0.640673     0.506451     0.774351E-01
  0.188365E+35 0.412186E+15 0.239031      12.8680     0.628206     0.779979E-01 0.667716     0.535440     0.809683E-01
  0.199526E+35 0.419408E+15 0.243065      12.8644     0.653183     0.812402E-01 0.695775     0.565969     0.846342E-01
  0.211349E+35 0.426756E+15 0.247168      12.8638     0.678971     0.845997E-01 0.724868     0.598092     0.884366E-01
  0.223872E+35 0.434247E+15 0.251340      12.8658     0.705572     0.880781E-01 0.755012     0.631858     0.923798E-01
  0.237137E+35 0.442247E+15 0.255576      12.8703     0.732945     0.916709E-01 0.786171     0.667250     0.964599E-01
  0.251189E+35 0.450395E+15 0.259884      12.8769     0.761049     0.953734E-01 0.818313     0.704248     0.100676    
  0.266073E+35 0.458693E+15 0.264265      12.8852     0.789882     0.991861E-01 0.851451     0.742878     0.105033    
  0.281838E+35 0.467143E+15 0.268719      12.8952     0.819439     0.103109     0.885595     0.783170     0.109534    
  0.298538E+35 0.475750E+15 0.273248      12.9065     0.849716     0.107144     0.920752     0.825148     0.114183    
  0.316228E+35 0.484514E+15 0.277854      12.9189     0.880703     0.111290     0.956929     0.868836     0.118983    
  0.334965E+35 0.493441E+15 0.282538      12.9323     0.912392     0.115547     0.994132     0.914253     0.123940    
  0.354813E+35 0.502531E+15 0.287300      12.9465     0.944769     0.119915      1.03236     0.961414     0.129057    
  0.375837E+35 0.511790E+15 0.292142      12.9612     0.977822     0.124393      1.07162      1.01033     0.134338    
  0.398107E+35 0.521218E+15 0.297067      12.9764      1.01153     0.128981      1.11191      1.06101     0.139787    
  0.421696E+35 0.530821E+15 0.302074      12.9919      1.04588     0.133678      1.15322      1.11345     0.145406    
  0.446684E+35 0.540600E+15 0.307165      13.0075      1.08085     0.138483      1.19555      1.16765     0.151202    
  0.473151E+35 0.550560E+15 0.312343      13.0231      1.11641     0.143393      1.23889      1.22360     0.157176    
  0.501187E+35 0.560703E+15 0.317607      13.0386      1.15254     0.148407      1.28322      1.28128     0.163334    
  0.530884E+35 0.571033E+15 0.322961      13.0538      1.18921     0.153524      1.32854      1.34066     0.169677    
  0.562341E+35 0.581553E+15 0.328404      13.0686      1.22639     0.158739      1.37482      1.40172     0.176211    
  0.595662E+35 0.592267E+15 0.333940      13.0829      1.26404     0.164052      1.42205      1.46443     0.182938    
  0.630957E+35 0.603178E+15 0.339569      13.0966      1.30213     0.169458      1.47021      1.52872     0.189862    
  0.668344E+35 0.614291E+15 0.345292      13.1095      1.34062     0.174953      1.51926      1.59457     0.196985    
  0.707946E+35 0.625608E+15 0.351112      13.1217      1.37947     0.180535      1.56918      1.66189     0.204310    
  0.749894E+35 0.637134E+15 0.357030      13.1330      1.41864     0.186200      1.61994      1.73063     0.211841    
  0.794328E+35 0.648872E+15 0.363048      13.1433      1.45808     0.191942      1.67151      1.80070     0.219580    
  0.841395E+35 0.663783E+15 0.370000      13.1523      1.49747     0.197714      1.72347      1.87146     0.227476    
  0.891251E+35 0.679052E+15 0.377089      13.1595      1.53647     0.203466      1.77540      1.94211     0.235478    
  0.944061E+35 0.694672E+15 0.384314      13.1647      1.57503     0.209188      1.82727      2.01242     0.243587    
  0.100000E+36 0.710651E+15 0.391677      13.1677      1.61313     0.214877      1.87904      2.08224     0.251808    
  0.105925E+36 0.726998E+15 0.399181      13.1685      1.65074     0.220527      1.93069      2.15141     0.260142    
  0.112202E+36 0.743722E+15 0.406830      13.1671      1.68783     0.226132      1.98217      2.21980     0.268592    
  0.118850E+36 0.760829E+15 0.414624      13.1633      1.72438     0.231689      2.03347      2.28727     0.277159    
  0.125893E+36 0.778330E+15 0.422568      13.1572      1.76035     0.237193      2.08455      2.35370     0.285846    
  0.133352E+36 0.796234E+15 0.430665      13.1488      1.79573     0.242639      2.13537      2.41896     0.294650    
  0.141254E+36 0.814550E+15 0.438916      13.1381      1.83047     0.248022      2.18590      2.48295     0.303575    
  0.149624E+36 0.833287E+15 0.447325      13.1250      1.86457     0.253339      2.23610      2.54555     0.312620    
  0.158489E+36 0.852455E+15 0.455896      13.1097      1.89799     0.258585      2.28595      2.60665     0.321784    
  0.167880E+36 0.872064E+15 0.464631      13.0922      1.93071     0.263755      2.33541      2.66616     0.331066    
  0.177828E+36 0.892124E+15 0.473533      13.0724      1.96270     0.268845      2.38443      2.72398     0.340468    
  0.188365E+36 0.912645E+15 0.482606      13.0504      1.99395     0.273851      2.43298      2.78002     0.349984    
  0.199526E+36 0.933639E+15 0.491852      13.0263      2.02443     0.278769      2.48103      2.83419     0.359612    
  0.211349E+36 0.955115E+15 0.501276      13.0001      2.05411     0.283595      2.52854      2.88642     0.369353    
  0.223872E+36 0.977085E+15 0.510880      12.9719      2.08298     0.288325      2.57546      2.93663     0.379202    
  0.237137E+36 0.999561E+15 0.520668      12.9417      2.11102     0.292955      2.62178      2.98475     0.389155    
  0.251189E+36 0.102678E+16 0.531627      12.9096      2.13812     0.297465      2.66728      3.03052     0.399179    
  0.266073E+36 0.105785E+16 0.543535      12.8756      2.16380     0.301770      2.71122      3.07276     0.409121    
  0.281838E+36 0.108987E+16 0.555710      12.8395      2.18797     0.305848      2.75344      3.11106     0.418957    
  0.298538E+36 0.112285E+16 0.568158      12.8010      2.21064     0.309695      2.79394      3.14530     0.428687    
  0.316228E+36 0.115684E+16 0.580885      12.7604      2.23183     0.313313      2.83273      3.17546     0.438306    
  0.334965E+36 0.119185E+16 0.593896      12.7175      2.25158     0.316701      2.86982      3.20156     0.447815    
  0.354813E+36 0.122792E+16 0.607199      12.6724      2.26992     0.319864      2.90526      3.22365     0.457213    
  0.375837E+36 0.126508E+16 0.620801      12.6252      2.28688     0.322804      2.93905      3.24182     0.466500    
  0.398107E+36 0.130337E+16 0.634706      12.5760      2.30251     0.325526      2.97125      3.25617     0.475677    
  0.421696E+36 0.134281E+16 0.648924      12.5249      2.31684     0.328034      3.00186      3.26680     0.484738    
  0.446684E+36 0.138345E+16 0.663459      12.4719      2.32992     0.330332      3.03094      3.27385     0.493684    
  0.473151E+36 0.142532E+16 0.678321      12.4172      2.34178     0.332426      3.05850      3.27744     0.502515    
  0.501187E+36 0.146846E+16 0.693515      12.3608      2.35246     0.334321      3.08459      3.27770     0.511228    
  0.530884E+36 0.151290E+16 0.709050      12.3029      2.36200     0.336021      3.10922      3.27480     0.519819    
  0.562341E+36 0.155869E+16 0.724932      12.2435      2.37044     0.337533      3.13245      3.26886     0.528288    
  0.595662E+36 0.160586E+16 0.741171      12.1829      2.37782     0.338862      3.15430      3.26005     0.536632    
  0.630957E+36 0.165446E+16 0.757773      12.1210      2.38418     0.340014      3.17479      3.24851     0.544848    
  0.668344E+36 0.171712E+16 0.776873      12.0582      2.38944     0.340974      3.19376      3.23426     0.552860    
  0.707946E+36 0.178280E+16 0.796564      11.9949      2.39348     0.341710      3.21087      3.21704     0.560566    
  0.749894E+36 0.185101E+16 0.816754      11.9308      2.39628     0.342218      3.22612      3.19680     0.567954    
  0.794328E+36 0.192181E+16 0.837456      11.8659      2.39789     0.342502      3.23955      3.17361     0.575022    
  0.841395E+36 0.199533E+16 0.858683      11.8003      2.39835     0.342569      3.25122      3.14762     0.581773    
  0.891251E+36 0.207166E+16 0.880448      11.7339      2.39770     0.342426      3.26118      3.11900     0.588209    
  0.944061E+36 0.215091E+16 0.902765      11.6669      2.39601     0.342083      3.26952      3.08794     0.594335    
  0.100000E+37 0.223320E+16 0.925647      11.5992      2.39333     0.341549      3.27631      3.05464     0.600153    
  0.105925E+37 0.231863E+16 0.949109      11.5310      2.38971     0.340834      3.28161      3.01929     0.605670    
  0.112202E+37 0.240732E+16 0.973166      11.4623      2.38522     0.339947      3.28549      2.98210     0.610890    
  0.118850E+37 0.249942E+16 0.997833      11.3932      2.37989     0.338899      3.28803      2.94326     0.615818    
  0.125893E+37 0.259503E+16  1.02312      11.3238      2.37379     0.337699      3.28929      2.90295     0.620458    
  0.133352E+37 0.269430E+16  1.04906      11.2542      2.36696     0.336356      3.28934      2.86136     0.624816    
  0.141254E+37 0.279737E+16  1.07565      11.1844      2.35946     0.334880      3.28824      2.81867     0.628897    
  0.149624E+37 0.290882E+16  1.10342      11.1145      2.35132     0.333281      3.28606      2.77504     0.632705    
  0.158489E+37 0.303987E+16  1.13365      11.0450      2.34260     0.331566      3.28278      2.73079     0.636192    
  0.167880E+37 0.317682E+16  1.16469      10.9761      2.33329     0.329733      3.27835      2.68595     0.639324    
  0.177828E+37 0.331995E+16  1.19659      10.9077      2.32340     0.327783      3.27281      2.64055     0.642102    
  0.188365E+37 0.346953E+16  1.22937      10.8399      2.31296     0.325721      3.26619      2.59467     0.644529    
  0.199526E+37 0.362584E+16  1.26304      10.7726      2.30201     0.323556      3.25856      2.54840     0.646611    
  0.211349E+37 0.378920E+16  1.29763      10.7058      2.29057     0.321293      3.24996      2.50186     0.648359    
  0.223872E+37 0.395991E+16  1.33317      10.6396      2.27870     0.318942      3.24047      2.45514     0.649780    
  0.237137E+37 0.413832E+16  1.36968      10.5741      2.26642     0.316510      3.23014      2.40836     0.650889    
  0.251189E+37 0.432476E+16  1.40719      10.5092      2.25378     0.314005      3.21903      2.36163     0.651690    
  0.266073E+37 0.451961E+16  1.44574      10.4450      2.24081     0.311435      3.20721      2.31505     0.652199    
  0.281838E+37 0.472323E+16  1.48533      10.3815      2.22755     0.308807      3.19473      2.26870     0.652423    
  0.298538E+37 0.493603E+16  1.52601      10.3189      2.21403     0.306130      3.18164      2.22268     0.652375    
  0.316228E+37 0.515842E+16  1.56781      10.2571      2.20029     0.303410      3.16801      2.17707     0.652066    
